Trial  Det1_2SD   Det2_4SD   Det3_MaxLen   Det4_Join   Det5_Cycles   68               101                
t6_Artif_Rej Det7_Spctr_Peak 1      39         11         11            10          6             5                4                  
2      33         9          8             8           3             2                2                  
3      45         9          9             9           2             2                0                  
4      41         14         14            14          5             5                4                  
5      28         8          8             8           4             4                4                  
6      34         7          7             7           2             2                1                  
7      43         13         13            12          4             3                1                  
8      42         15         15            13          5             4                2                  
9      32         7          7             7           1             1                1                  
10     38         9          9             9           0             0                0                  
11     38         7          7             7           1             1                0                  
12     38         7          7             7           2             2                0                  
13     35         6          6             6           2             2                0                  
14     30         8          8             8           2             2                1                  
15     36         15         15            14          2             1                1                  
16     36         11         11            11          0             0                0                  
17     36         7          7             7           2             2                1                  
18     37         11         11            11          4             4                3                  
19     33         11         11            11          4             4                3                  
20     26         7          7             7           3             3                2                  
21     35         7          7             7           3             3                2                  
22     41         7          7             7           1             1                1                  
23     35         9          9             8           2             1                1                  
24     31         8          8             8           4             3                3                  
25     19         4          4             4           1             1                1                  
26     18         5          5             4           3             2                1                  
27     26         4          4             4           0             0                0                  
28     25         6          6             5           2             1                1                  
29     29         5          5             5           2             2                2                  
30     31         7          7             7           3             3                3                  
31     27         4          4             4           1             1                1                  
32     18         2          2             2           0             0                0                  
33     42         8          8             8           2             1                1                  
34     47         12         12            12          4             3                3                  
35     28         5          5             5           1             1                1                  
36     31         5          5             5           0             0                0                  
37     33         6          6             6           1             1                1                  
38     36         10         10            10          5             5                4                  
39     40         9          9             9           4             4                4                  
40     30         6          6             6           1             1                1                  
41     26         6          6             6           2             2                1                  
42     38         9          9             9           2             2                0                  
43     35         8          8             8           1             1                0                  
44     28         6          6             6           0             0                0                  
45     16         4          4             4           1             1                1                  
46     20         3          3             3           0             0                0                  
47     33         8          8             7           5             4                1                  
48     31         9          9             9           6             5                2                  
49     28         6          6             6           3             3                2                  
50     30         4          4             4           1             1                1                  
51     41         5          5             5           0             0                0                  
52     35         8          8             8           2             2                2                  
53     39         9          9             8           4             3                3                  
54     36         10         10            9           5             4                3                  
55     41         12         12            12          2             1                1                  
56     44         11         11            11          1             1                1                  
57     40         9          9             9           1             1                0                  
58     32         7          7             7           1             1                0                  
59     32         7          7             7           1             1                1                  
60     34         5          5             5           1             1                1                  
61     31         4          4             4           1             1                1                  
62     35         6          6             6           2             1                1                  
63     27         8          8             8           1             1                1                  
64     38         8          8             7           3             2                2                  
65     41         8          8             7           3             2                2                  
66     31         8          8             8           3             2                2                  
67     34         9          9             9           1             1                1                  
68     25         7          7             7           1             1                1                  
69     33         4          4             4           2             2                2                  
70     36         7          7             7           1             1                1                  
71     27         5          5             5           1             0                0                  
72     20         1          1             1           0             0                0                  
73     23         5          5             5           1             1                0                  
74     26         8          8             8           1             1                0                  
75     33         8          8             7           2             1                1                  
76     35         14         14            12          5             4                3                  
77     39         11         11            10          6             5                3                  
78     34         5          5             5           1             1                1                  
79     37         9          9             8           2             1                0                  
80     39         8          8             8           1             0                0                  
----------------------------------------------------------------------------------
SUM    2645       610        609           591         171           145              103                
----------------------------------------------------------------------------------

 Total Ripple Number: g

 Detection parameters:
     maximum_peak:    3
     maxRippleLength: 100
     detection_peaks: thrsh
     num_peaks:       3
