Trial  Det1_2SD   Det2_4SD   Det3_MaxLen   Det4_Join   Det5_Cycles   68               101                

t6_Artif_Rej Det7_Spctr_Peak 1      45         6          6             6           2             2                2                  
2      36         4          4             4           1             1                1                  
3      37         9          9             9           2             2                2                  
4      38         5          5             5           0             0                0                  
5      44         9          9             9           3             3                2                  
6      36         10         10            10          2             2                1                  
7      42         8          8             8           0             0                0                  
8      33         6          6             6           0             0                0                  
9      32         8          8             8           2             2                1                  
10     42         9          9             9           1             1                1                  
11     38         8          8             8           0             0                0                  
12     47         12         12            12          1             1                1                  
13     41         9          9             9           0             0                0                  
14     29         6          6             6           2             2                2                  
15     31         8          7             7           3             3                3                  
16     40         6          6             6           2             2                2                  
17     41         8          8             8           3             3                2                  
18     39         9          9             9           3             3                2                  
19     50         12         12            12          4             4                4                  
20     36         8          8             8           2             2                1                  
21     41         7          7             7           5             5                2                  
22     54         10         10            10          4             4                2                  
23     46         7          7             7           2             2                0                  
24     34         9          9             9           2             2                0                  
25     34         7          7             7           0             0                0                  
26     40         6          6             6           0             0                0                  
27     40         5          5             5           1             1                1                  
28     40         9          9             9           1             1                1                  
29     35         7          7             7           1             1                1                  
30     42         6          6             6           1             1                1                  
31     37         8          8             8           3             3                2                  
32     33         7          7             7           2             2                1                  
33     36         6          6             5           3             3                3                  
34     35         8          8             7           3             3                3                  
35     33         6          6             6           2             2                1                  
36     39         8          8             8           3             3                2                  
37     41         8          8             8           1             1                1                  
38     44         8          8             8           1             1                1                  
39     46         5          5             5           2             2                2                  
40     48         7          7             7           4             4                4                  
41     45         9          9             9           1             1                1                  
42     41         12         12            12          4             3                3                  
43     52         11         11            11          2             1                1                  
44     43         9          9             9           1             1                1                  
45     38         7          7             7           3             3                2                  
46     34         8          8             8           1             1                0                  
47     36         7          7             7           1             1                0                  
48     50         8          8             8           0             0                0                  
49     56         8          8             8           2             1                1                  
50     38         6          6             6           1             1                1                  
51     45         15         15            15          4             4                2                  
52     39         8          8             8           2             1                1                  
53     37         6          6             6           3             2                1                  
54     36         11         11            11          2             2                1                  
55     48         6          6             6           0             0                0                  
56     48         7          7             7           1             1                1                  
57     32         8          8             8           2             2                2                  
58     36         12         12            12          3             3                3                  
59     44         12         12            12          2             2                2                  
60     36         7          7             7           0             0                0                  
61     37         3          3             3           0             0                0                  
62     48         10         10            10          1             1                0                  
63     36         7          7             7           1             1                0                  
64     26         5          5             5           2             2                2                  
65     41         15         15            15          4             4                3                  
66     37         11         11            11          1             1                0                  
67     42         12         12            11          2             2                2                  
68     41         6          6             6           0             0                0                  
69     39         7          7             7           3             3                3                  
70     32         5          5             5           2             2                2                  
71     32         6          6             6           2             1                1                  
72     41         6          6             6           1             0                0                  
73     46         5          5             5           3             2                1                  
74     42         10         10            10          4             3                3                  
75     41         10         10            10          3             3                3                  
76     35         6          6             6           2             2                2                  
77     44         14         14            14          3             3                3                  
78     42         9          9             9           2             2                2                  
79     53         16         16            16          3             3                2                  
80     58         17         17            17          3             3                2                  
----------------------------------------------------------------------------------
SUM    3222       661        660           657         151           142              109                

----------------------------------------------------------------------------------

 Total Ripple Number: 109

 Detection parameters:
     maximum_peak:    3
     maxRippleLength: 100
     detection_peaks: thrsh
     num_peaks:       3
