Trial  Det1_2SD   Det2_4SD   Det3_MaxLen   Det4_Join   Det5_Cycles   68               101                

t6_Artif_Rej Det7_Spctr_Peak 1      48         14         14            14          3             3                1                  
2      52         19         19            19          4             4                2                  
3      53         13         13            13          2             2                1                  
4      39         12         12            12          4             4                3                  
5      39         9          9             9           5             5                3                  
6      41         9          9             9           2             2                1                  
7      43         10         10            10          1             1                1                  
8      40         11         11            11          3             3                2                  
9      44         12         12            11          3             3                0                  
10     49         14         14            13          3             3                0                  
11     43         10         10            10          2             2                2                  
12     45         10         10            10          3             3                3                  
13     40         8          8             8           1             1                0                  
14     44         11         11            11          0             0                0                  
15     39         9          9             9           1             1                1                  
16     36         8          8             8           2             2                2                  
17     53         13         13            13          2             2                1                  
18     56         13         13            13          2             2                1                  
19     47         10         10            10          3             3                3                  
20     39         5          5             5           1             1                1                  
21     39         4          4             4           0             0                0                  
22     42         9          9             9           1             1                0                  
23     47         8          8             8           1             1                0                  
24     42         11         11            11          2             2                2                  
25     42         7          7             7           3             3                3                  
26     44         5          5             5           3             3                1                  
27     38         10         10            10          4             4                1                  
28     36         6          6             6           1             1                0                  
29     44         8          8             8           1             1                0                  
30     49         10         10            10          3             3                1                  
31     41         7          7             7           3             3                2                  
32     43         7          7             7           4             4                2                  
33     49         15         15            15          3             3                3                  
34     49         14         14            14          3             3                2                  
35     47         12         12            12          3             3                2                  
36     43         10         10            10          3             3                2                  
37     42         11         11            10          3             3                1                  
38     40         8          8             7           2             2                0                  
39     42         7          7             7           3             3                2                  
40     40         7          7             7           1             1                0                  
41     41         10         10            10          2             2                1                  
42     45         11         11            11          3             3                2                  
43     44         11         11            11          3             3                3                  
44     45         7          7             7           1             1                1                  
45     38         7          7             7           2             2                2                  
46     39         7          7             7           0             0                0                  
47     40         6          6             6           1             1                1                  
48     51         13         13            13          1             1                1                  
49     40         10         10            10          1             1                1                  
50     27         6          6             6           0             0                0                  
51     37         11         11            11          0             0                0                  
52     36         5          5             5           0             0                0                  
53     34         6          6             6           1             1                0                  
54     28         8          8             8           2             2                0                  
55     29         2          2             2           0             0                0                  
56     37         5          5             5           0             0                0                  
57     37         5          5             5           0             0                0                  
58     37         7          7             7           1             1                1                  
59     37         7          7             7           2             2                1                  
60     36         8          8             8           2             2                1                  
61     50         5          5             5           1             1                1                  
62     52         10         10            10          3             3                3                  
63     42         12         12            12          4             4                4                  
64     31         4          4             4           1             1                1                  
65     36         6          6             6           2             2                1                  
66     29         5          5             5           1             1                1                  
67     43         6          6             6           2             2                2                  
68     36         6          6             6           2             2                1                  
69     36         8          8             8           2             2                1                  
70     40         10         10            10          1             1                1                  
71     41         12         12            12          1             0                0                  
72     38         8          8             8           2             1                1                  
73     34         6          6             6           1             0                0                  
74     37         6          6             6           1             1                0                  
75     35         3          3             3           1             1                0                  
76     36         3          3             3           2             2                1                  
77     30         3          3             3           1             1                1                  
78     32         5          5             5           1             1                0                  
79     52         10         10            10          3             3                0                  
80     52         8          8             8           3             3                0                  
----------------------------------------------------------------------------------
SUM    3289       684        684           680         151           148              86                 

----------------------------------------------------------------------------------

 Total Ripple Number: 86

 Detection parameters:
     maximum_peak:    3
     maxRippleLength: 100
     detection_peaks: thrsh
     num_peaks:       3
