Trial  Det1_2SD   Det2_4SD   Det3_MaxLen   Det4_Join   Det5_Cycles   68               101                
t6_Artif_Rej Det7_Spctr_Peak 1      24         9          9             9           2             2                1                  
2      37         3          3             3           0             0                0                  
3      40         9          9             9           3             2                1                  
4      33         4          4             4           2             2                2                  
5      29         4          4             4           1             1                1                  
6      31         6          6             6           5             5                4                  
7      23         5          5             5           3             3                3                  
8      18         2          2             2           2             2                2                  
9      20         3          3             3           1             1                1                  
10     23         2          2             2           2             2                2                  
11     37         15         14            13          8             7                4                  
12     41         15         14            12          8             7                2                  
13     44         25         25            17          10            9                0                  
14     30         5          5             5           3             3                3                  
15     28         1          1             1           0             0                0                  
16     31         6          6             6           2             2                1                  
17     20         6          6             6           2             2                2                  
18     31         9          9             7           2             2                1                  
19     25         3          3             3           1             1                0                  
20     29         5          5             5           1             1                1                  
21     24         5          5             5           1             1                1                  
22     24         4          4             4           2             2                2                  
23     30         6          6             6           3             3                3                  
24     16         2          2             2           1             1                1                  
25     41         14         14            9           6             5                2                  
26     29         14         14            12          6             6                3                  
27     34         12         12            10          6             5                3                  
28     31         6          6             6           1             1                1                  
29     26         11         11            9           3             3                1                  
30     42         25         25            18          14            13               5                  
31     27         5          5             5           1             1                0                  
32     35         17         17            11          6             6                3                  
33     22         8          8             8           6             5                3                  
34     22         2          2             2           1             0                0                  
35     21         3          3             3           1             1                1                  
36     55         39         39            24          21            20               7                  
37     36         14         14            12          8             7                6                  
38     35         14         13            11          7             6                3                  
39     26         8          8             7           4             3                2                  
40     26         4          4             4           1             0                0                  
41     35         5          5             5           2             2                2                  
42     21         3          3             3           3             3                3                  
43     20         4          4             4           2             2                2                  
44     19         4          4             4           0             0                0                  
45     16         4          4             4           0             0                0                  
46     24         3          3             3           2             2                2                  
47     26         4          4             4           2             2                2                  
48     42         20         20            16          12            11               3                  
49     44         20         20            15          12            11               3                  
50     17         6          6             6           2             2                1                  
51     21         3          3             3           0             0                0                  
52     26         8          8             8           2             2                2                  
53     26         9          9             9           2             2                2                  
54     27         5          5             5           1             1                1                  
55     27         6          6             6           4             4                2                  
56     28         8          8             7           5             5                3                  
57     26         6          6             6           2             2                1                  
58     45         21         21            15          12            12               5                  
59     53         29         29            22          16            15               6                  
60     42         9          9             8           3             2                1                  
61     35         4          4             4           0             0                0                  
62     22         6          6             6           1             1                1                  
63     25         3          3             3           1             1                1                  
64     35         15         15            14          6             6                5                  
65     38         15         15            14          10            9                4                  
66     31         6          6             6           6             6                2                  
67     46         27         27            22          13            12               5                  
68     27         12         12            10          6             5                4                  
69     22         7          7             6           4             4                1                  
70     38         13         13            11          7             7                3                  
71     21         3          3             3           1             1                1                  
72     26         6          6             5           1             1                0                  
73     22         5          5             4           2             2                0                  
74     33         15         15            9           6             5                2                  
75     44         26         26            21          16            15               0                  
76     46         29         29            25          17            16               3                  
77     50         29         29            23          14            13               3                  
78     44         21         21            18          10            9                2                  
79     39         12         12            12          2             1                0                  
80     50         24         23            19          11            10               5                  
----------------------------------------------------------------------------------
SUM    2475       805        801           678         375           347              161                
----------------------------------------------------------------------------------

 Total Ripple Number: ¡

 Detection parameters:
     maximum_peak:    3
     maxRippleLength: 100
     detection_peaks: thrsh
     num_peaks:       3
