Trial  Det1_2SD   Det2_4SD   Det3_MaxLen   Det4_Join   Det5_Cycles   68               101                
t6_Artif_Rej Det7_Spctr_Peak 1      25         4          4             4           1             1                1                  
2      21         4          4             4           0             0                0                  
3      26         9          9             8           2             1                0                  
4      33         4          4             4           3             2                2                  
5      24         4          4             4           3             3                1                  
6      37         5          5             5           2             2                1                  
7      29         7          7             6           2             2                1                  
8      23         7          7             7           3             3                2                  
9      23         3          3             3           1             1                0                  
10     32         5          5             5           2             2                2                  
11     42         15         15            14          9             8                2                  
12     32         12         12            10          9             8                1                  
13     51         30         30            19          12            11               3                  
14     26         7          7             7           4             4                1                  
15     23         2          2             2           1             1                1                  
16     26         4          4             4           2             2                1                  
17     24         6          6             6           2             2                1                  
18     29         8          8             8           2             1                1                  
19     21         7          7             7           2             1                0                  
20     12         0          0             0           0             0                0                  
21     22         1          1             1           1             1                1                  
22     25         2          2             2           2             2                2                  
23     33         3          3             3           0             0                0                  
24     17         4          4             4           1             1                1                  
25     39         12         12            9           4             4                1                  
26     33         12         12            11          4             4                2                  
27     33         14         14            13          8             7                4                  
28     23         3          3             3           2             2                2                  
29     25         11         11            10          6             6                2                  
30     49         28         28            20          16            15               7                  
31     21         5          5             5           3             3                3                  
32     50         20         20            12          9             8                4                  
33     27         6          6             5           3             2                1                  
34     24         2          2             2           1             1                1                  
35     27         6          6             6           2             2                1                  
36     55         35         35            25          21            20               6                  
37     25         7          7             7           4             3                1                  
38     34         15         15            12          7             7                2                  
39     27         5          5             5           4             3                1                  
40     25         5          5             5           2             1                0                  
41     31         6          6             5           3             3                3                  
42     14         3          3             3           0             0                0                  
43     13         3          3             3           0             0                0                  
44     23         4          4             4           1             1                1                  
45     19         2          2             2           1             1                1                  
46     22         6          6             6           1             1                1                  
47     21         8          8             8           3             3                2                  
48     44         19         19            17          8             7                4                  
49     50         19         19            17          9             8                5                  
50     27         7          7             7           2             2                2                  
51     23         9          9             9           5             5                2                  
52     26         6          6             6           4             4                3                  
53     29         6          6             6           1             1                1                  
54     31         13         13            13          5             4                3                  
55     29         8          8             8           3             3                3                  
56     37         9          9             8           3             3                3                  
57     30         9          9             9           3             2                1                  
58     40         26         26            21          13            13               3                  
59     44         28         28            22          18            17               5                  
60     24         8          8             8           5             4                2                  
61     23         2          2             2           1             1                0                  
62     21         3          3             3           1             1                1                  
63     24         5          5             5           1             1                0                  
64     31         10         10            10          7             7                4                  
65     38         15         15            14          7             7                3                  
66     26         8          8             8           2             2                1                  
67     51         24         24            20          16            15               9                  
68     31         14         14            11          7             7                3                  
69     30         7          7             7           3             3                1                  
70     43         16         16            15          8             7                4                  
71     27         8          8             8           5             4                3                  
72     22         3          3             3           2             2                0                  
73     24         5          5             5           3             3                1                  
74     31         16         16            15          7             6                0                  
75     55         25         25            21          16            15               3                  
76     43         25         25            21          12            11               3                  
77     55         35         35            26          17            16               7                  
78     39         16         16            13          10            9                6                  
79     31         11         11            11          5             4                1                  
80     43         24         24            22          13            12               6                  
----------------------------------------------------------------------------------
SUM    2438       810        810           709         393           362              164                
----------------------------------------------------------------------------------

 Total Ripple Number: ¤

 Detection parameters:
     maximum_peak:    3
     maxRippleLength: 100
     detection_peaks: thrsh
     num_peaks:       3
