Trial  Det1_2SD   Det2_4SD   Det3_MaxLen   Det4_Join   Det5_Cycles   68               101                
t6_Artif_Rej Det7_Spctr_Peak 1      21         5          5             5           1             1                1                  
2      19         4          4             4           2             2                1                  
3      35         12         12            11          6             5                1                  
4      18         1          1             1           0             0                0                  
5      22         4          4             4           2             1                0                  
6      31         13         13            13          3             3                0                  
7      21         5          5             5           3             3                1                  
8      18         4          4             4           3             2                1                  
9      23         8          8             8           2             2                2                  
10     29         10         10            9           4             4                2                  
11     37         20         20            17          12            11               5                  
12     38         18         18            16          11            10               7                  
13     35         21         21            19          9             9                6                  
14     29         12         12            11          2             2                1                  
15     24         2          2             2           0             0                0                  
16     29         6          6             6           3             3                3                  
17     25         6          6             6           1             1                0                  
18     29         9          9             8           4             3                0                  
19     30         9          9             9           3             3                1                  
20     36         10         10            10          5             5                5                  
21     25         8          8             8           2             2                1                  
22     28         6          6             6           3             3                1                  
23     36         9          9             9           4             4                2                  
24     45         13         13            13          5             4                2                  
25     43         15         15            13          7             6                4                  
26     29         10         10            10          8             8                1                  
27     44         20         20            20          11            10               5                  
28     24         9          9             9           2             2                2                  
29     30         15         15            13          7             6                4                  
30     54         30         30            25          14            13               4                  
31     31         6          6             6           3             2                0                  
32     37         17         17            17          12            11               5                  
33     35         8          8             7           3             3                1                  
34     26         12         12            11          2             1                1                  
35     24         11         11            11          5             5                4                  
36     49         36         36            32          19            18               4                  
37     39         15         15            13          5             4                1                  
38     42         13         13            12          8             7                5                  
39     39         7          7             7           4             3                2                  
40     19         6          6             6           3             2                1                  
41     28         13         13            13          4             4                4                  
42     22         5          5             5           2             2                1                  
43     19         5          5             5           2             2                1                  
44     22         4          4             4           1             1                1                  
45     25         8          8             8           3             3                1                  
46     32         7          7             7           4             4                0                  
47     21         3          3             3           2             2                1                  
48     39         18         18            14          9             8                4                  
49     42         21         21            17          10            9                6                  
50     27         5          5             5           2             2                1                  
51     28         7          7             7           5             5                2                  
52     24         7          7             6           2             2                2                  
53     32         13         13            11          3             3                3                  
54     32         13         13            10          7             6                5                  
55     25         6          6             6           5             4                4                  
56     29         8          8             8           5             5                5                  
57     29         9          9             9           4             3                2                  
58     38         18         18            17          11            11               7                  
59     36         18         18            17          14            13               6                  
60     24         4          4             4           1             0                0                  
61     27         3          3             3           0             0                0                  
62     20         4          4             4           1             1                0                  
63     25         7          7             7           1             1                1                  
64     37         13         13            13          6             6                3                  
65     37         13         13            13          9             9                6                  
66     27         9          9             9           4             4                3                  
67     39         20         20            19          11            10               4                  
68     31         15         15            13          11            10               7                  
69     27         10         10            10          1             0                0                  
70     40         14         14            14          6             6                2                  
71     24         10         10            10          7             6                6                  
72     27         9          9             8           6             5                3                  
73     32         15         15            13          6             5                2                  
74     38         13         13            12          7             6                1                  
75     48         25         25            20          15            14               6                  
76     53         22         22            20          13            12               7                  
77     39         25         25            24          17            16               8                  
78     42         16         16            16          10            9                4                  
79     43         18         18            16          11            10               7                  
80     47         27         27            25          16            15               11                 
----------------------------------------------------------------------------------
SUM    2525       925        925           861         457           418              224                
----------------------------------------------------------------------------------

 Total Ripple Number: à

 Detection parameters:
     maximum_peak:    3
     maxRippleLength: 100
     detection_peaks: thrsh
     num_peaks:       3
