Trial  Det1_2SD   Det2_4SD   Det3_MaxLen   Det4_Join   Det5_Cycles   68               101                
t6_Artif_Rej Det7_Spctr_Peak 1      16         3          3             3           0             0                0                  
2      22         6          6             6           2             2                1                  
3      26         6          6             6           2             1                1                  
4      18         5          5             5           3             3                3                  
5      32         7          7             7           1             1                0                  
6      22         8          8             7           3             3                2                  
7      25         8          8             8           2             2                1                  
8      16         5          5             5           2             1                1                  
9      18         7          7             7           2             2                2                  
10     24         14         14            14          4             4                2                  
11     29         14         14            14          11            10               4                  
12     36         16         16            16          11            10               4                  
13     37         19         19            18          12            11               4                  
14     24         10         10            9           3             3                1                  
15     28         6          6             5           3             3                3                  
16     33         9          9             9           4             4                3                  
17     29         4          4             4           1             1                1                  
18     27         10         10            8           5             4                2                  
19     18         3          3             3           2             1                1                  
20     23         4          4             4           2             2                2                  
21     20         8          8             8           2             2                2                  
22     13         3          3             3           0             0                0                  
23     33         10         10            10          7             7                7                  
24     32         9          9             9           5             4                2                  
25     44         15         15            12          8             8                4                  
26     27         15         15            14          9             9                5                  
27     31         15         15            14          10            9                3                  
28     33         15         15            15          4             4                2                  
29     35         14         14            14          7             6                3                  
30     43         30         30            25          15            14               4                  
31     25         8          8             8           4             3                1                  
32     34         21         21            19          12            11               7                  
33     20         4          4             3           2             2                0                  
34     27         11         11            11          5             4                3                  
35     27         12         12            12          3             3                2                  
36     52         33         33            30          18            17               9                  
37     29         8          8             8           5             4                1                  
38     37         16         16            15          8             7                4                  
39     25         13         13            13          6             5                3                  
40     29         8          8             8           2             1                1                  
41     25         7          7             7           4             4                4                  
42     23         5          5             5           3             3                2                  
43     21         3          3             3           2             2                0                  
44     24         4          4             3           1             1                0                  
45     19         6          6             5           3             3                1                  
46     24         8          8             8           4             3                1                  
47     31         7          7             7           2             1                0                  
48     36         18         18            16          9             8                2                  
49     36         17         17            15          7             6                2                  
50     27         6          6             6           4             4                2                  
51     23         7          7             7           4             4                4                  
52     20         5          5             5           3             3                2                  
53     33         10         10            9           4             4                2                  
54     32         12         12            11          4             3                1                  
55     27         13         13            13          4             3                3                  
56     25         14         14            14          7             7                6                  
57     21         7          7             6           3             2                2                  
58     38         17         17            15          13            13               7                  
59     38         23         23            21          16            15               5                  
60     22         6          6             5           2             1                0                  
61     23         2          2             2           0             0                0                  
62     15         3          3             3           2             1                0                  
63     22         8          8             8           5             5                4                  
64     42         16         16            15          10            10               8                  
65     39         13         13            12          7             7                5                  
66     27         8          8             8           4             4                2                  
67     49         19         19            17          10            9                0                  
68     46         18         18            17          6             5                2                  
69     37         13         13            13          4             3                1                  
70     33         14         14            12          7             7                3                  
71     21         7          7             5           4             3                2                  
72     32         12         12            12          5             5                3                  
73     36         15         15            15          7             6                4                  
74     36         12         12            10          6             6                2                  
75     53         28         28            28          18            17               5                  
76     45         25         25            24          11            10               5                  
77     46         31         31            28          20            19               7                  
78     45         22         22            20          12            11               4                  
79     43         25         25            23          12            11               7                  
80     45         28         28            24          16            15               7                  
----------------------------------------------------------------------------------
SUM    2399       946        946           886         472           432              218                
----------------------------------------------------------------------------------

 Total Ripple Number: Ú

 Detection parameters:
     maximum_peak:    3
     maxRippleLength: 100
     detection_peaks: thrsh
     num_peaks:       3
