Trial  Det1_2SD   Det2_4SD   Det3_MaxLen   Det4_Join   Det5_Cycles   Det6_Artif_Rej  
1      20         7          7             7           2             2               
2      27         6          6             6           2             2               
3      21         5          5             5           1             1               
4      24         6          6             6           2             2               
5      30         11         11            11          4             4               
6      25         4          4             4           1             1               
7      30         7          7             6           2             2               
8      35         10         10            9           1             1               
9      28         7          7             7           3             3               
10     32         9          9             9           6             6               
11     24         5          5             5           1             1               
12     24         2          2             2           0             0               
13     27         7          7             7           3             3               
14     26         5          5             5           2             2               
15     27         5          5             5           1             1               
16     25         4          4             4           2             2               
17     23         1          1             1           1             1               
18     32         4          4             4           2             2               
19     35         9          9             8           4             4               
20     35         8          8             8           3             3               
21     25         7          7             6           1             1               
22     29         9          9             9           1             1               
23     27         5          5             4           1             1               
24     35         4          4             3           1             1               
25     26         3          3             3           2             2               
26     33         6          6             6           2             2               
27     30         5          5             5           0             0               
28     37         10         10            10          4             4               
29     29         6          6             6           3             3               
30     17         0          0             0           0             0               
31     21         1          1             1           0             0               
32     19         2          2             2           1             1               
33     39         13         13            12          7             6               
34     25         10         10            10          4             3               
35     30         6          6             6           3             3               
36     25         2          2             2           1             1               
37     23         4          4             4           1             1               
38     32         4          4             4           0             0               
39     23         2          2             2           0             0               
40     27         4          4             4           1             1               
41     34         6          6             6           2             2               
42     38         8          8             8           3             3               
43     39         11         11            11          5             5               
44     21         6          6             6           3             3               
45     19         2          2             2           0             0               
46     30         7          7             7           3             3               
47     28         8          8             8           1             1               
48     34         12         12            11          5             5               
49     30         11         11            11          4             4               
50     26         5          5             5           1             1               
51     35         7          7             7           1             1               
52     29         7          7             7           2             2               
53     25         10         10            10          1             1               
54     40         11         11            11          5             5               
55     31         8          8             8           3             3               
56     36         6          6             6           1             1               
57     31         3          3             3           1             1               
58     29         9          9             8           5             5               
59     24         4          4             4           0             0               
60     23         5          5             5           1             1               
61     27         6          6             6           5             5               
62     23         3          3             3           0             0               
63     30         8          8             8           4             4               
64     49         13         13            13          5             4               
65     32         6          6             6           1             1               
66     35         12         12            11          5             5               
67     19         2          2             2           0             0               
68     22         2          2             2           1             1               
69     27         11         11            10          6             5               
70     34         15         15            14          9             8               
71     32         5          5             5           2             2               
72     24         5          5             5           1             1               
73     28         3          3             2           2             2               
74     30         5          5             4           2             2               
75     19         2          2             2           1             1               
76     19         5          5             5           0             0               
77     37         10         10            10          3             3               
78     38         11         11            11          4             4               
79     45         10         10            9           2             2               
80     37         4          4             4           0             0               
----------------------------------------------------------------------------------
SUM    2311       509        509           494         176           171             
----------------------------------------------------------------------------------

 Total Ripple Number: «

 Detection parameters:
     maximum_peak:    3
     maxRippleLength: 100
     detection_peaks: thrsh
     num_peaks:       3
