Trial  Det1_2SD   Det2_4SD   Det3_MaxLen   Det4_Join   Det5_Cycles   Det6_Artif_Rej  
1      28         3          3             3           1             1               
2      39         11         11            11          5             5               
3      21         2          2             2           0             0               
4      23         2          2             2           1             1               
5      25         3          3             3           0             0               
6      25         5          5             5           1             1               
7      27         4          4             4           2             2               
8      33         7          7             7           2             2               
9      39         14         14            14          2             2               
10     27         6          6             6           3             3               
11     23         4          4             4           1             1               
12     29         5          5             5           2             2               
13     24         4          4             4           2             2               
14     23         4          4             4           0             0               
15     29         8          8             8           4             4               
16     29         6          6             6           3             3               
17     39         5          5             5           2             2               
18     39         10         10            10          2             2               
19     37         9          9             9           4             4               
20     30         7          7             7           3             3               
21     25         5          5             5           1             1               
22     34         5          5             5           1             1               
23     25         4          4             4           0             0               
24     31         5          5             5           0             0               
25     26         2          2             2           1             1               
26     32         3          3             3           0             0               
27     34         9          9             9           1             1               
28     27         7          7             6           2             2               
29     27         6          6             5           3             3               
30     33         6          6             6           2             2               
31     29         4          4             4           1             1               
32     31         4          4             4           2             2               
33     36         8          8             8           5             5               
34     23         2          2             2           0             0               
35     19         3          3             3           1             1               
36     22         3          3             3           2             2               
37     26         4          4             4           1             1               
38     22         4          4             4           1             1               
39     25         4          4             4           1             1               
40     37         13         13            13          6             6               
41     36         7          7             7           4             4               
42     36         9          9             9           3             3               
43     38         7          7             7           2             2               
44     33         7          7             7           5             5               
45     30         4          4             4           2             2               
46     33         5          5             5           1             1               
47     26         6          6             6           1             1               
48     27         4          4             4           2             2               
49     31         7          7             7           3             3               
50     28         6          6             6           2             2               
51     34         10         10            10          3             3               
52     21         3          3             3           2             2               
53     29         5          5             5           2             2               
54     33         8          8             8           1             1               
55     27         6          6             6           3             3               
56     26         3          3             3           0             0               
57     22         4          4             3           1             1               
58     26         7          7             7           3             3               
59     28         4          4             4           1             1               
60     24         3          3             3           0             0               
61     19         3          3             3           2             2               
62     31         4          4             4           0             0               
63     31         9          9             9           3             3               
64     39         8          8             8           3             3               
65     33         6          6             6           2             2               
66     24         5          5             5           3             3               
67     34         4          4             4           0             0               
68     38         9          9             9           1             1               
69     36         10         10            10          4             4               
70     32         8          8             8           4             3               
71     23         2          2             2           1             1               
72     27         4          4             4           0             0               
73     18         3          3             3           2             2               
74     25         2          2             2           2             2               
75     23         4          4             4           2             2               
76     23         3          3             3           1             1               
77     30         8          8             8           3             2               
78     30         8          8             8           6             5               
79     36         12         12            12          3             3               
80     26         6          6             6           0             0               
----------------------------------------------------------------------------------
SUM    2319       453        453           450         154           151             
----------------------------------------------------------------------------------

 Total Ripple Number: 

 Detection parameters:
     maximum_peak:    3
     maxRippleLength: 100
     detection_peaks: thrsh
     num_peaks:       3
