Trial  Det1_2SD   Det2_4SD   Det3_MaxLen   Det4_Join   Det5_Cycles   Det6_Artif_Rej  
1      34         4          4             4           3             3               
2      39         10         10            10          4             4               
3      30         10         10            10          2             2               
4      24         9          9             9           4             4               
5      26         7          7             7           5             5               
6      31         6          6             6           3             3               
7      25         2          2             2           2             2               
8      37         7          7             7           4             4               
9      34         2          2             2           1             1               
10     28         5          5             5           3             3               
11     22         7          7             7           0             0               
12     40         5          5             5           0             0               
13     21         1          1             1           1             1               
14     23         4          4             4           3             3               
15     31         8          8             8           2             2               
16     39         8          8             8           3             3               
17     40         8          8             8           1             1               
18     36         6          6             6           0             0               
19     30         7          7             7           2             2               
20     29         4          4             4           1             1               
21     26         4          4             4           0             0               
22     27         6          6             6           4             4               
23     32         6          6             6           1             1               
24     24         6          6             6           0             0               
25     31         7          7             7           0             0               
26     28         7          7             7           2             2               
27     22         3          3             3           1             1               
28     23         3          3             3           0             0               
29     25         4          4             4           1             1               
30     37         7          7             7           2             2               
31     17         3          3             3           1             1               
32     27         5          5             5           2             2               
33     26         7          7             7           4             4               
34     19         4          4             4           1             1               
35     34         3          3             3           0             0               
36     34         7          7             7           0             0               
37     34         10         10            10          1             1               
38     31         10         10            10          1             1               
39     30         7          7             7           2             2               
40     29         4          4             4           0             0               
41     23         7          7             6           1             1               
42     27         3          3             3           0             0               
43     29         5          5             5           1             1               
44     33         8          8             8           3             3               
45     28         3          3             3           2             1               
46     27         5          5             5           0             0               
47     19         6          6             6           1             1               
48     20         3          3             3           0             0               
49     30         3          3             3           0             0               
50     39         7          7             7           1             1               
51     33         6          6             6           1             1               
52     22         6          6             6           3             3               
53     28         5          5             5           2             2               
54     31         9          9             9           4             4               
55     34         7          7             7           4             4               
56     32         5          5             5           3             3               
57     18         1          1             1           0             0               
58     29         6          6             6           3             3               
59     17         2          2             2           0             0               
60     15         4          4             4           2             2               
61     19         4          4             4           3             3               
62     18         4          4             4           2             2               
63     22         5          5             5           1             1               
64     31         5          5             5           2             2               
65     25         4          4             4           2             2               
66     36         9          9             9           6             5               
67     41         10         10            10          4             3               
68     34         7          7             7           2             2               
69     27         4          4             4           1             0               
70     30         6          6             6           2             1               
71     33         8          8             8           2             2               
72     29         6          6             6           2             2               
73     24         4          4             4           2             2               
74     36         10         10            9           3             3               
75     17         6          6             5           2             2               
76     25         3          3             3           0             0               
77     25         7          7             6           2             1               
78     31         7          7             7           2             1               
79     32         6          6             6           1             1               
80     31         6          6             6           2             2               
----------------------------------------------------------------------------------
SUM    2275       455        455           451         141           134             
----------------------------------------------------------------------------------

 Total Ripple Number: 

 Detection parameters:
     maximum_peak:    3
     maxRippleLength: 100
     detection_peaks: thrsh
     num_peaks:       3
