Trial  Det1_2SD   Det2_4SD   Det3_MaxLen   Det4_Join   Det5_Cycles   Det6_Artif_Rej  
1      33         9          9             9           5             5               
2      25         6          6             6           3             2               
3      33         7          7             7           0             0               
4      36         2          2             2           0             0               
5      27         8          8             8           2             2               
6      18         5          5             5           3             3               
7      32         9          9             9           4             4               
8      28         6          6             6           1             1               
9      24         7          7             7           2             2               
10     25         8          8             8           3             3               
11     24         4          4             4           0             0               
12     28         5          5             5           0             0               
13     19         2          2             2           0             0               
14     27         2          2             2           0             0               
15     28         4          4             4           1             1               
16     28         3          3             3           2             2               
17     32         1          1             1           0             0               
18     37         7          7             7           3             3               
19     26         7          7             7           2             2               
20     36         14         14            14          4             4               
21     29         5          5             5           1             1               
22     30         8          8             8           2             2               
23     31         3          3             3           1             1               
24     40         9          9             9           5             4               
25     44         6          6             6           2             1               
26     33         4          4             4           1             1               
27     21         6          6             6           2             2               
28     27         4          4             4           2             2               
29     31         6          6             6           1             1               
30     32         6          6             6           2             2               
31     21         3          3             3           0             0               
32     25         5          5             5           0             0               
33     22         5          5             5           3             3               
34     21         5          5             5           2             2               
35     29         4          4             4           0             0               
36     23         5          5             5           1             1               
37     27         4          4             4           2             2               
38     24         7          7             7           2             2               
39     26         7          7             7           3             3               
40     27         5          5             5           2             2               
41     30         5          5             5           3             3               
42     22         7          7             7           2             2               
43     19         5          5             5           1             1               
44     30         6          6             6           1             1               
45     27         2          2             2           1             1               
46     29         4          4             4           1             1               
47     23         3          3             3           2             2               
48     23         2          2             2           1             1               
49     31         8          8             7           3             2               
50     25         4          4             4           2             1               
51     26         6          6             6           4             4               
52     33         8          8             8           5             5               
53     24         3          3             3           0             0               
54     31         4          4             4           0             0               
55     34         8          8             8           3             3               
56     26         3          3             3           1             1               
57     29         3          3             3           0             0               
58     30         5          5             5           3             3               
59     32         2          2             2           2             2               
60     27         3          3             3           2             2               
61     25         4          4             4           2             2               
62     32         6          6             6           1             1               
63     36         6          6             6           2             2               
64     33         3          3             3           1             1               
65     35         7          7             7           3             3               
66     30         5          5             5           2             2               
67     22         8          8             8           2             2               
68     25         10         10            9           3             3               
69     26         5          5             5           3             2               
70     26         5          5             5           1             1               
71     33         13         13            13          3             3               
72     35         12         12            12          2             2               
73     28         13         13            13          3             3               
74     25         6          6             6           2             2               
75     28         2          2             2           0             0               
76     33         7          7             7           1             1               
77     28         3          3             3           0             0               
78     23         6          6             6           1             1               
79     24         4          4             4           2             2               
80     25         2          2             2           0             0               
----------------------------------------------------------------------------------
SUM    2252       441        441           439         140           134             
----------------------------------------------------------------------------------

 Total Ripple Number: 

 Detection parameters:
     maximum_peak:    3
     maxRippleLength: 100
     detection_peaks: thrsh
     num_peaks:       3
