Trial  Det1_2SD   Det2_4SD   Det3_MaxLen   Det4_Join   Det5_Cycles   Det6_Artif_Rej  
1      29         8          8             8           3             3               
2      18         3          3             3           1             1               
3      30         7          7             7           3             3               
4      35         8          8             8           3             3               
5      27         4          4             4           1             1               
6      25         1          1             1           0             0               
7      33         7          7             7           3             3               
8      27         8          8             8           4             4               
9      28         6          6             6           1             1               
10     19         3          3             3           2             2               
11     29         6          6             6           2             2               
12     26         4          4             4           1             1               
13     17         2          2             2           0             0               
14     22         3          3             3           0             0               
15     25         3          3             3           1             1               
16     34         5          5             5           3             3               
17     23         4          4             4           3             3               
18     34         9          9             9           4             4               
19     24         7          7             7           4             4               
20     29         6          6             6           2             2               
21     26         4          4             4           0             0               
22     29         6          6             6           1             1               
23     31         4          4             4           1             1               
24     36         6          6             6           4             3               
25     32         9          9             9           3             3               
26     26         7          7             7           1             1               
27     23         3          3             3           3             2               
28     30         5          5             5           1             1               
29     31         7          7             7           0             0               
30     28         8          8             8           3             3               
31     23         4          4             4           2             2               
32     24         5          5             5           0             0               
33     20         4          4             4           2             2               
34     26         4          4             4           1             1               
35     30         3          3             3           0             0               
36     18         3          3             2           1             1               
37     26         5          5             4           2             2               
38     20         4          4             4           3             3               
39     33         6          6             6           3             3               
40     31         7          7             7           1             1               
41     39         10         10            10          2             2               
42     29         4          4             4           3             3               
43     18         1          1             1           0             0               
44     24         4          4             4           1             1               
45     27         4          4             4           2             2               
46     20         6          6             6           3             3               
47     23         4          4             4           2             2               
48     31         6          6             6           2             2               
49     35         8          8             8           3             2               
50     30         5          5             5           2             1               
51     25         3          3             3           0             0               
52     28         3          3             3           0             0               
53     17         4          4             4           1             1               
54     22         4          4             4           1             1               
55     28         4          4             4           1             1               
56     28         5          5             5           1             1               
57     28         6          6             6           1             1               
58     29         2          2             2           1             1               
59     32         5          5             5           1             1               
60     37         2          2             2           1             1               
61     27         4          4             4           1             1               
62     27         1          1             1           0             0               
63     27         8          8             8           3             3               
64     34         7          7             7           3             3               
65     31         8          8             8           4             4               
66     27         7          7             7           4             4               
67     27         6          6             6           5             5               
68     27         4          4             4           2             2               
69     29         8          8             8           2             2               
70     22         5          5             5           2             2               
71     35         8          8             8           3             2               
72     33         6          6             6           1             1               
73     27         6          6             6           2             2               
74     24         4          4             4           0             0               
75     29         2          2             2           0             0               
76     31         6          6             6           0             0               
77     27         6          6             6           0             0               
78     25         3          3             3           2             2               
79     26         4          4             4           2             2               
80     32         7          7             7           3             3               
----------------------------------------------------------------------------------
SUM    2194       408        408           406         140           135             
----------------------------------------------------------------------------------

 Total Ripple Number: 

 Detection parameters:
     maximum_peak:    3
     maxRippleLength: 100
     detection_peaks: thrsh
     num_peaks:       3
