Trial  Det1_2SD   Det2_4SD   Det3_MaxLen   Det4_Join   Det5_Cycles   Det6_Artif_Rej  
1      32         7          7             7           3             3               
2      25         7          7             7           1             1               
3      30         8          8             8           4             4               
4      27         8          8             8           1             1               
5      25         7          7             7           1             1               
6      26         2          2             2           1             1               
7      27         2          2             2           0             0               
8      20         4          4             4           2             2               
9      27         4          4             4           2             2               
10     26         0          0             0           0             0               
11     21         1          1             1           0             0               
12     23         7          7             7           2             2               
13     36         7          7             7           4             4               
14     24         4          4             4           2             2               
15     23         3          3             3           0             0               
16     34         3          3             3           2             2               
17     22         2          2             2           1             1               
18     20         5          5             5           1             1               
19     24         3          3             3           1             1               
20     25         4          4             4           1             1               
21     31         6          6             6           1             1               
22     35         5          5             5           2             2               
23     31         5          5             5           2             2               
24     24         7          7             7           2             2               
25     22         3          3             3           1             1               
26     33         6          6             6           2             2               
27     31         6          6             6           1             1               
28     32         4          4             4           0             0               
29     35         3          3             3           1             1               
30     28         2          2             2           1             1               
31     27         6          6             6           2             2               
32     29         7          7             7           2             2               
33     29         9          9             9           4             4               
34     21         4          4             4           1             1               
35     22         4          4             4           4             4               
36     27         7          7             7           1             1               
37     24         5          5             5           2             2               
38     28         2          2             2           0             0               
39     26         6          6             6           2             2               
40     25         6          6             6           3             3               
41     36         7          7             7           2             2               
42     25         6          6             6           2             2               
43     26         4          4             4           1             1               
44     32         8          8             8           2             2               
45     35         9          9             9           1             1               
46     34         6          6             6           1             0               
47     22         5          5             5           1             1               
48     27         4          4             4           0             0               
49     24         5          5             5           1             0               
50     24         5          5             5           0             0               
51     26         5          5             5           1             1               
52     25         7          7             7           2             2               
53     24         4          4             4           3             3               
54     20         5          5             5           1             1               
55     21         7          7             7           1             1               
56     31         2          2             2           1             1               
57     26         0          0             0           0             0               
58     27         7          7             7           4             4               
59     21         5          5             5           2             2               
60     29         5          5             5           1             1               
61     30         4          4             4           1             1               
62     27         8          8             8           1             1               
63     26         6          6             6           1             1               
64     33         5          5             5           3             3               
65     28         4          4             4           3             3               
66     27         4          4             4           3             3               
67     31         6          6             6           2             2               
68     25         3          3             3           0             0               
69     27         5          5             5           1             1               
70     23         2          2             2           1             1               
71     31         5          5             5           4             4               
72     21         6          6             6           3             3               
73     23         7          7             7           2             2               
74     33         2          2             2           1             1               
75     24         9          9             9           3             3               
76     25         6          6             6           3             3               
77     30         9          9             9           5             5               
78     39         8          8             8           4             4               
79     30         7          7             7           4             4               
80     27         7          7             7           2             2               
----------------------------------------------------------------------------------
SUM    2172       410        410           410         137           135             
----------------------------------------------------------------------------------

 Total Ripple Number: 

 Detection parameters:
     maximum_peak:    3
     maxRippleLength: 100
     detection_peaks: thrsh
     num_peaks:       3
