Trial  Det1_2SD   Det2_4SD   Det3_MaxLen   Det4_Join   Det5_Cycles   68               101                
t6_Artif_Rej Det7_Spctr_Peak 1      23         4          4             4           2             2                2                  
2      33         7          7             7           1             1                1                  
3      41         11         11            11          4             4                2                  
4      27         8          8             8           3             3                2                  
5      27         8          8             8           2             2                2                  
6      26         3          3             3           0             0                0                  
7      34         11         11            11          3             3                2                  
8      33         8          8             8           2             2                2                  
9      18         8          8             7           4             4                2                  
10     20         8          8             8           5             5                2                  
11     22         5          5             5           3             3                2                  
12     25         2          2             2           1             1                0                  
13     24         3          3             3           1             1                1                  
14     27         4          4             4           2             2                1                  
15     27         6          6             6           1             1                1                  
16     40         11         11            8           4             3                2                  
17     21         1          1             1           0             0                0                  
18     33         9          9             9           5             4                0                  
19     25         5          5             5           2             2                1                  
20     26         6          6             6           4             4                2                  
21     27         4          4             4           0             0                0                  
22     22         2          2             2           0             0                0                  
23     28         5          5             5           0             0                0                  
24     36         7          7             7           3             3                2                  
25     19         3          3             3           1             1                1                  
26     25         3          3             3           1             1                1                  
27     25         5          5             5           1             1                0                  
28     26         3          3             3           1             1                0                  
29     22         6          6             6           0             0                0                  
30     25         5          5             5           2             2                2                  
31     30         7          7             7           3             3                3                  
32     30         6          6             6           3             2                1                  
33     27         8          8             8           3             3                2                  
34     39         10         10            10          5             5                4                  
35     30         6          6             5           2             2                1                  
36     23         6          6             5           2             2                1                  
37     37         12         12            12          5             5                4                  
38     35         11         11            11          3             3                1                  
39     33         6          6             6           3             3                3                  
40     29         8          8             8           5             5                4                  
41     16         2          2             2           0             0                0                  
42     28         7          7             7           1             1                1                  
43     34         6          6             6           2             2                2                  
44     27         6          6             6           3             3                3                  
45     30         7          7             7           3             3                2                  
46     22         6          6             6           3             3                2                  
47     25         9          9             9           6             5                2                  
48     29         11         11            11          7             6                3                  
49     32         8          8             8           3             3                1                  
50     30         8          8             8           4             4                3                  
51     29         7          7             7           1             1                1                  
52     14         5          5             5           1             1                0                  
53     28         8          8             8           5             5                2                  
54     31         13         13            13          2             1                0                  
55     35         14         14            13          6             5                2                  
56     22         6          6             6           1             1                1                  
57     22         3          3             3           1             1                1                  
58     31         7          7             7           3             3                0                  
59     36         12         12            12          4             4                3                  
60     23         7          7             7           2             1                1                  
61     23         6          6             6           4             4                1                  
62     23         2          2             2           0             0                0                  
63     36         16         16            14          6             5                2                  
64     33         11         11            11          3             2                0                  
65     30         5          5             5           1             1                1                  
66     27         9          9             9           8             7                3                  
67     27         6          6             6           3             3                3                  
68     33         9          9             9           4             4                2                  
69     26         3          3             3           3             2                1                  
70     28         3          3             3           2             1                1                  
71     19         3          3             3           2             2                1                  
72     36         8          8             8           3             3                0                  
73     26         3          3             3           2             2                1                  
74     31         8          8             8           2             1                0                  
75     31         13         13            12          6             6                1                  
76     28         9          9             9           6             6                2                  
77     34         10         10            10          4             4                4                  
78     26         11         11            11          5             5                3                  
79     24         10         10            10          5             4                2                  
80     31         8          8             8           1             1                0                  
----------------------------------------------------------------------------------
SUM    2236       556        556           546         220           205              115                
----------------------------------------------------------------------------------

 Total Ripple Number: s

 Detection parameters:
     maximum_peak:    3
     maxRippleLength: 100
     detection_peaks: thrsh
     num_peaks:       3
