Trial  Det1_2SD   Det2_4SD   Det3_MaxLen   Det4_Join   Det5_Cycles   68               101                
t6_Artif_Rej Det7_Spctr_Peak 1      24         8          8             8           4             4                0                  
2      27         6          6             5           3             3                3                  
3      30         6          6             6           5             5                4                  
4      37         12         12            12          5             5                4                  
5      24         7          7             7           0             0                0                  
6      24         7          7             7           2             2                2                  
7      32         5          5             5           1             1                1                  
8      23         7          7             7           6             6                5                  
9      26         8          8             8           3             3                3                  
10     34         11         11            11          5             5                3                  
11     23         10         10            10          2             2                1                  
12     39         8          8             8           6             6                4                  
13     26         4          4             4           1             1                1                  
14     21         3          3             3           0             0                0                  
15     28         8          8             8           3             3                2                  
16     36         14         14            10          6             5                3                  
17     22         8          8             8           4             3                2                  
18     29         11         11            9           6             5                1                  
19     28         8          8             8           2             2                2                  
20     22         3          3             3           1             1                0                  
21     21         6          6             6           2             2                1                  
22     34         8          8             8           2             2                0                  
23     23         4          4             4           0             0                0                  
24     34         9          9             9           7             7                3                  
25     27         7          7             7           3             3                2                  
26     19         5          5             5           3             3                2                  
27     19         5          5             5           2             2                1                  
28     18         2          2             2           0             0                0                  
29     22         5          5             5           2             1                0                  
30     32         4          4             4           1             1                1                  
31     32         5          5             5           2             2                1                  
32     27         7          7             7           5             5                4                  
33     22         12         12            11          5             5                2                  
34     36         12         12            12          3             3                2                  
35     21         3          3             3           0             0                0                  
36     24         5          5             5           2             2                2                  
37     20         4          4             4           2             2                1                  
38     22         8          8             8           1             1                1                  
39     21         7          7             7           5             5                3                  
40     24         6          6             6           3             2                1                  
41     34         15         15            15          6             6                3                  
42     22         5          5             5           1             1                1                  
43     23         7          7             7           3             3                3                  
44     25         6          6             6           0             0                0                  
45     24         4          4             4           1             1                1                  
46     20         3          3             3           1             1                1                  
47     34         13         13            12          5             4                1                  
48     32         12         12            10          3             3                0                  
49     33         6          6             6           3             3                0                  
50     15         0          0             0           0             0                0                  
51     25         5          5             5           3             3                2                  
52     23         6          6             5           2             2                0                  
53     39         13         13            13          4             4                2                  
54     18         4          4             4           0             0                0                  
55     27         5          5             5           1             1                0                  
56     24         7          7             7           4             4                2                  
57     22         7          7             7           3             3                1                  
58     23         2          2             2           2             2                1                  
59     31         9          9             9           4             4                4                  
60     27         5          4             4           1             1                1                  
61     29         6          6             6           4             4                2                  
62     24         9          9             9           5             5                3                  
63     41         21         21            18          10            9                3                  
64     29         10         10            9           4             4                3                  
65     42         20         20            19          9             9                4                  
66     27         6          6             6           2             2                1                  
67     32         9          9             9           4             4                3                  
68     34         14         14            14          6             6                4                  
69     23         6          6             6           0             0                0                  
70     23         6          6             6           2             2                1                  
71     19         3          3             3           1             1                1                  
72     35         8          8             8           7             7                5                  
73     31         7          7             7           2             2                1                  
74     37         14         14            14          8             8                5                  
75     28         10         10            10          3             3                3                  
76     30         10         10            10          5             4                4                  
77     22         4          4             4           1             1                1                  
78     36         6          6             6           0             0                0                  
79     39         9          9             9           5             5                2                  
80     32         13         13            13          4             4                4                  
----------------------------------------------------------------------------------
SUM    2187       603        602           585         244           236              141                
----------------------------------------------------------------------------------

 Total Ripple Number: 

 Detection parameters:
     maximum_peak:    3
     maxRippleLength: 100
     detection_peaks: thrsh
     num_peaks:       3
