Trial  Det1_2SD   Det2_4SD   Det3_MaxLen   Det4_Join   Det5_Cycles   68               101                
t6_Artif_Rej Det7_Spctr_Peak 1      39         3          3             3           0             0                0                  
2      38         2          2             2           1             1                1                  
3      48         4          4             4           1             1                1                  
4      36         0          0             0           0             0                0                  
5      38         1          1             1           0             0                0                  
6      39         1          1             1           1             1                1                  
7      45         1          1             1           0             0                0                  
8      35         0          0             0           0             0                0                  
9      28         2          2             2           0             0                0                  
10     37         3          3             3           1             1                1                  
11     30         3          3             3           0             0                0                  
12     20         0          0             0           0             0                0                  
13     31         3          3             3           0             0                0                  
14     31         2          2             2           0             0                0                  
15     28         2          2             2           0             0                0                  
16     21         2          2             2           1             1                1                  
17     19         1          1             1           0             0                0                  
18     23         1          1             1           0             0                0                  
19     26         0          0             0           0             0                0                  
20     24         0          0             0           0             0                0                  
21     12         0          0             0           0             0                0                  
22     7          0          0             0           0             0                0                  
23     20         3          3             3           2             2                1                  
24     25         1          1             1           0             0                0                  
25     22         1          1             1           0             0                0                  
26     35         2          2             2           0             0                0                  
27     36         1          1             1           0             0                0                  
28     37         6          6             5           3             3                2                  
29     36         2          2             2           1             1                1                  
30     13         0          0             0           0             0                0                  
31     30         0          0             0           0             0                0                  
32     25         2          2             2           2             2                2                  
33     18         0          0             0           0             0                0                  
34     31         4          4             4           1             1                1                  
35     28         2          2             2           2             2                2                  
36     27         1          1             1           1             1                1                  
37     24         0          0             0           0             0                0                  
38     18         0          0             0           0             0                0                  
39     18         0          0             0           0             0                0                  
40     25         1          1             1           0             0                0                  
41     23         2          2             2           1             1                0                  
42     29         3          3             3           2             2                0                  
43     32         5          5             5           2             2                1                  
44     22         5          5             5           2             2                1                  
45     26         1          1             1           0             0                0                  
46     36         3          3             3           0             0                0                  
47     32         1          1             1           0             0                0                  
48     35         3          3             3           1             1                1                  
49     19         0          0             0           0             0                0                  
50     22         2          2             2           1             1                0                  
51     28         3          3             3           1             1                0                  
52     16         0          0             0           0             0                0                  
53     17         0          0             0           0             0                0                  
54     28         1          1             1           0             0                0                  
55     32         1          1             1           0             0                0                  
56     18         0          0             0           0             0                0                  
57     26         0          0             0           0             0                0                  
58     20         1          1             1           0             0                0                  
59     25         2          2             2           2             2                1                  
60     33         2          2             2           1             1                1                  
61     24         0          0             0           0             0                0                  
62     33         0          0             0           0             0                0                  
63     20         1          1             1           1             1                1                  
64     27         4          4             3           2             2                0                  
65     42         5          5             5           1             1                0                  
66     60         11         11            11          1             1                1                  
67     51         7          7             7           1             1                1                  
68     33         7          7             7           3             3                3                  
69     24         3          3             3           1             1                1                  
70     25         1          1             1           0             0                0                  
71     17         0          0             0           0             0                0                  
72     20         0          0             0           0             0                0                  
73     25         2          2             2           1             1                1                  
74     29         1          1             1           0             0                0                  
75     21         0          0             0           0             0                0                  
76     22         0          0             0           0             0                0                  
77     23         2          2             2           2             2                0                  
78     16         0          0             0           0             0                0                  
79     25         1          1             1           0             0                0                  
80     30         2          2             2           0             0                0                  
----------------------------------------------------------------------------------
SUM    2209       139        139           137         43            43               28                 
----------------------------------------------------------------------------------

 Total Ripple Number: 

 Detection parameters:
     maximum_peak:    4
     maxRippleLength: 100
     detection_peaks: peaks
     num_peaks:       3
