Trial  Det1_2SD   Det2_4SD   Det3_MaxLen   Det4_Join   Det5_Cycles   68               101                
t6_Artif_Rej Det7_Spctr_Peak 1      25         3          3             3           1             1                0                  
2      21         1          1             1           0             0                0                  
3      27         0          0             0           0             0                0                  
4      17         2          2             2           0             0                0                  
5      26         1          1             1           0             0                0                  
6      32         1          1             1           1             1                0                  
7      21         0          0             0           0             0                0                  
8      27         1          1             1           0             0                0                  
9      29         3          3             3           0             0                0                  
10     26         2          2             2           2             2                1                  
11     26         1          1             1           1             1                0                  
12     17         0          0             0           0             0                0                  
13     32         1          1             1           0             0                0                  
14     30         2          2             2           2             2                2                  
15     25         1          1             1           0             0                0                  
16     30         1          1             1           1             1                1                  
17     23         1          1             1           1             1                0                  
18     32         3          3             3           2             2                0                  
19     26         1          1             1           0             0                0                  
20     33         6          6             5           1             1                0                  
21     41         7          7             6           3             3                1                  
22     18         0          0             0           0             0                0                  
23     28         3          3             3           2             2                1                  
24     30         1          1             1           0             0                0                  
25     22         1          1             1           0             0                0                  
26     34         1          1             1           0             0                0                  
27     30         4          4             4           3             3                2                  
28     33         6          6             6           4             4                3                  
29     19         0          0             0           0             0                0                  
30     29         1          1             1           0             0                0                  
31     19         1          1             1           1             1                1                  
32     14         0          0             0           0             0                0                  
33     16         1          1             1           1             1                1                  
34     20         3          3             3           2             2                1                  
35     31         2          2             2           0             0                0                  
36     25         1          1             1           1             1                1                  
37     26         1          1             1           0             0                0                  
38     22         0          0             0           0             0                0                  
39     16         0          0             0           0             0                0                  
40     28         3          3             3           1             1                1                  
41     25         3          3             3           3             3                1                  
42     27         4          4             3           3             3                0                  
43     28         6          6             5           4             4                3                  
44     25         6          6             6           3             3                2                  
45     23         3          3             3           3             3                0                  
46     30         2          2             2           2             2                0                  
47     26         0          0             0           0             0                0                  
48     27         3          3             3           2             2                1                  
49     16         0          0             0           0             0                0                  
50     19         2          2             2           1             1                1                  
51     18         0          0             0           0             0                0                  
52     26         2          2             2           1             1                1                  
53     27         1          1             1           1             1                1                  
54     32         1          1             1           1             1                1                  
55     43         2          2             2           2             2                2                  
56     20         0          0             0           0             0                0                  
57     27         0          0             0           0             0                0                  
58     17         1          1             1           1             1                0                  
59     25         5          5             5           3             3                0                  
60     41         7          7             7           4             3                0                  
61     21         0          0             0           0             0                0                  
62     27         0          0             0           0             0                0                  
63     25         1          1             1           1             1                1                  
64     31         5          5             5           3             2                0                  
65     29         4          4             4           2             1                0                  
66     19         0          0             0           0             0                0                  
67     44         3          3             3           1             1                0                  
68     27         2          2             2           1             1                0                  
69     29         5          5             5           3             3                1                  
70     26         5          5             5           2             2                1                  
71     20         0          0             0           0             0                0                  
72     26         2          2             2           0             0                0                  
73     36         5          5             5           2             2                1                  
74     38         2          2             2           0             0                0                  
75     26         0          0             0           0             0                0                  
76     32         3          3             3           2             2                0                  
77     38         6          6             5           4             4                1                  
78     24         0          0             0           0             0                0                  
79     24         1          1             1           0             0                0                  
80     51         2          2             2           0             0                0                  
----------------------------------------------------------------------------------
SUM    2141       161        161           156         85            82               34                 
----------------------------------------------------------------------------------

 Total Ripple Number: "

 Detection parameters:
     maximum_peak:    4
     maxRippleLength: 100
     detection_peaks: peaks
     num_peaks:       3
