Trial  Det1_2SD   Det2_4SD   Det3_MaxLen   Det4_Join   Det5_Cycles   68               101                
t6_Artif_Rej Det7_Spctr_Peak 1      25         2          2             2           0             0                0                  
2      24         0          0             0           0             0                0                  
3      29         1          1             1           0             0                0                  
4      25         2          2             2           1             1                1                  
5      19         1          1             1           0             0                0                  
6      26         2          2             2           0             0                0                  
7      22         0          0             0           0             0                0                  
8      36         0          0             0           0             0                0                  
9      26         2          2             2           1             1                1                  
10     23         3          3             3           1             1                1                  
11     19         0          0             0           0             0                0                  
12     26         2          2             2           0             0                0                  
13     28         1          1             1           0             0                0                  
14     28         1          1             1           0             0                0                  
15     25         1          1             1           0             0                0                  
16     29         0          0             0           0             0                0                  
17     25         0          0             0           0             0                0                  
18     34         1          1             1           0             0                0                  
19     24         3          3             3           1             1                0                  
20     29         5          5             4           2             2                0                  
21     29         6          6             5           2             2                1                  
22     22         0          0             0           0             0                0                  
23     24         3          3             3           3             3                0                  
24     31         1          1             1           1             1                0                  
25     19         0          0             0           0             0                0                  
26     24         0          0             0           0             0                0                  
27     35         2          2             2           1             1                1                  
28     35         6          6             6           5             5                5                  
29     26         0          0             0           0             0                0                  
30     31         2          2             2           0             0                0                  
31     21         4          4             4           3             3                1                  
32     17         1          1             1           0             0                0                  
33     21         0          0             0           0             0                0                  
34     24         0          0             0           0             0                0                  
35     37         1          1             1           0             0                0                  
36     30         2          2             2           1             1                0                  
37     35         2          2             2           2             2                1                  
38     23         0          0             0           0             0                0                  
39     19         1          1             1           0             0                0                  
40     26         1          1             1           0             0                0                  
41     29         5          5             4           3             3                0                  
42     36         6          6             6           4             4                2                  
43     35         7          7             7           5             5                2                  
44     26         4          4             4           3             3                3                  
45     30         3          3             3           3             3                2                  
46     26         3          3             3           2             2                1                  
47     24         1          1             1           1             1                1                  
48     25         4          4             4           3             3                1                  
49     22         0          0             0           0             0                0                  
50     36         1          1             1           0             0                0                  
51     28         1          1             1           0             0                0                  
52     27         2          2             2           2             2                2                  
53     22         2          2             2           1             1                1                  
54     27         2          2             2           1             1                1                  
55     42         2          2             2           1             1                1                  
56     28         1          1             1           0             0                0                  
57     26         1          1             1           0             0                0                  
58     29         2          2             2           1             1                1                  
59     33         9          9             8           5             5                1                  
60     39         8          8             7           4             4                1                  
61     21         2          2             2           0             0                0                  
62     27         1          1             1           0             0                0                  
63     27         1          1             1           0             0                0                  
64     25         4          4             4           3             2                0                  
65     27         2          2             2           1             0                0                  
66     15         0          0             0           0             0                0                  
67     26         0          0             0           0             0                0                  
68     26         0          0             0           0             0                0                  
69     30         0          0             0           0             0                0                  
70     33         1          1             1           0             0                0                  
71     24         1          1             1           1             1                1                  
72     24         3          3             3           2             2                1                  
73     44         4          4             4           1             1                0                  
74     34         1          1             1           0             0                0                  
75     25         0          0             0           0             0                0                  
76     24         2          2             2           2             2                2                  
77     28         5          5             5           5             5                2                  
78     24         1          1             1           1             1                1                  
79     25         2          2             2           0             0                0                  
80     39         4          4             4           2             2                1                  
----------------------------------------------------------------------------------
SUM    2189       157        157           152         81            79               40                 
----------------------------------------------------------------------------------

 Total Ripple Number: (

 Detection parameters:
     maximum_peak:    4
     maxRippleLength: 100
     detection_peaks: peaks
     num_peaks:       3
