Trial  Det1_2SD   Det2_4SD   Det3_MaxLen   Det4_Join   Det5_Cycles   68               101                
t6_Artif_Rej Det7_Spctr_Peak 1      26         0          0             0           0             0                0                  
2      24         0          0             0           0             0                0                  
3      25         4          4             4           1             1                0                  
4      20         2          2             2           0             0                0                  
5      16         0          0             0           0             0                0                  
6      29         2          2             2           2             2                1                  
7      27         2          2             2           2             2                2                  
8      39         0          0             0           0             0                0                  
9      35         4          4             4           0             0                0                  
10     29         1          1             1           0             0                0                  
11     26         0          0             0           0             0                0                  
12     30         2          2             2           1             1                0                  
13     37         1          1             1           0             0                0                  
14     32         1          1             1           1             1                1                  
15     23         1          1             1           1             1                1                  
16     27         0          0             0           0             0                0                  
17     25         0          0             0           0             0                0                  
18     29         0          0             0           0             0                0                  
19     21         0          0             0           0             0                0                  
20     16         0          0             0           0             0                0                  
21     39         2          2             2           2             2                1                  
22     24         1          1             1           1             1                0                  
23     22         3          3             3           1             1                0                  
24     18         0          0             0           0             0                0                  
25     24         3          3             3           3             3                2                  
26     30         4          4             4           4             4                3                  
27     25         1          1             1           1             1                1                  
28     33         0          0             0           0             0                0                  
29     33         0          0             0           0             0                0                  
30     42         3          3             3           2             2                2                  
31     19         1          1             1           1             1                1                  
32     32         1          1             1           1             1                1                  
33     17         0          0             0           0             0                0                  
34     21         0          0             0           0             0                0                  
35     34         1          1             1           0             0                0                  
36     36         1          1             1           1             1                1                  
37     29         2          2             2           2             2                2                  
38     17         0          0             0           0             0                0                  
39     23         1          1             1           0             0                0                  
40     20         4          4             4           3             3                3                  
41     20         1          1             1           1             1                1                  
42     28         0          0             0           0             0                0                  
43     24         2          2             2           2             2                2                  
44     18         2          2             2           2             2                2                  
45     18         0          0             0           0             0                0                  
46     27         0          0             0           0             0                0                  
47     34         1          1             1           0             0                0                  
48     39         3          3             3           1             1                0                  
49     28         0          0             0           0             0                0                  
50     25         0          0             0           0             0                0                  
51     20         0          0             0           0             0                0                  
52     15         1          1             1           0             0                0                  
53     27         1          1             1           1             1                1                  
54     30         1          1             1           1             1                1                  
55     34         3          3             3           0             0                0                  
56     43         5          5             5           1             1                1                  
57     31         3          3             3           2             2                2                  
58     28         2          2             2           1             1                1                  
59     28         2          2             2           1             1                0                  
60     24         0          0             0           0             0                0                  
61     22         0          0             0           0             0                0                  
62     19         0          0             0           0             0                0                  
63     31         0          0             0           0             0                0                  
64     41         3          3             3           2             2                0                  
65     29         0          0             0           0             0                0                  
66     18         1          1             1           1             1                0                  
67     27         1          1             1           1             1                1                  
68     20         0          0             0           0             0                0                  
69     29         0          0             0           0             0                0                  
70     33         0          0             0           0             0                0                  
71     20         0          0             0           0             0                0                  
72     28         1          1             1           0             0                0                  
73     44         1          1             1           0             0                0                  
74     39         0          0             0           0             0                0                  
75     28         0          0             0           0             0                0                  
76     26         0          0             0           0             0                0                  
77     30         0          0             0           0             0                0                  
78     33         0          0             0           0             0                0                  
79     26         3          3             3           1             1                1                  
80     38         5          5             5           2             2                2                  
----------------------------------------------------------------------------------
SUM    2196       90         90            90          50            50               37                 
----------------------------------------------------------------------------------

 Total Ripple Number: %

 Detection parameters:
     maximum_peak:    4
     maxRippleLength: 100
     detection_peaks: peaks
     num_peaks:       3
