Trial  Det1_2SD   Det2_4SD   Det3_MaxLen   Det4_Join   Det5_Cycles   68               101                
t6_Artif_Rej Det7_Spctr_Peak 1      25         7          7             7           3             3                2                  
2      24         4          4             4           3             3                3                  
3      29         3          3             3           0             0                0                  
4      25         5          5             5           1             1                1                  
5      19         4          4             4           1             1                1                  
6      26         8          8             8           0             0                0                  
7      22         4          4             4           2             2                2                  
8      36         6          6             6           3             3                1                  
9      26         7          7             7           3             3                3                  
10     23         6          6             6           3             3                2                  
11     19         2          2             2           0             0                0                  
12     26         2          2             2           0             0                0                  
13     28         3          3             3           1             1                1                  
14     28         5          5             5           2             2                2                  
15     25         4          4             4           0             0                0                  
16     29         5          5             5           1             1                0                  
17     25         3          3             3           1             1                0                  
18     34         4          4             4           2             2                1                  
19     24         7          7             7           2             2                1                  
20     29         8          8             7           4             4                2                  
21     29         13         13            12          6             6                3                  
22     22         8          8             8           0             0                0                  
23     24         8          8             8           4             3                0                  
24     31         8          8             8           4             3                2                  
25     19         3          3             3           1             1                1                  
26     24         3          3             3           0             0                0                  
27     35         5          5             5           3             3                2                  
28     35         9          9             9           7             7                7                  
29     26         6          6             6           2             2                2                  
30     31         8          8             8           0             0                0                  
31     21         7          7             7           3             3                1                  
32     17         2          2             2           0             0                0                  
33     21         3          3             3           0             0                0                  
34     24         4          4             4           0             0                0                  
35     37         5          5             5           1             1                1                  
36     30         5          5             5           3             3                2                  
37     35         5          5             5           3             3                2                  
38     23         4          4             4           2             2                2                  
39     19         5          5             5           4             4                2                  
40     26         8          8             8           1             1                0                  
41     29         9          9             7           4             4                1                  
42     36         12         12            10          7             7                5                  
43     35         11         11            11          7             7                3                  
44     26         8          8             8           5             5                4                  
45     30         7          7             7           3             3                2                  
46     26         8          8             8           3             3                2                  
47     24         5          5             5           2             2                2                  
48     25         7          7             7           4             4                1                  
49     22         3          3             3           0             0                0                  
50     36         7          7             7           1             1                1                  
51     28         5          5             5           2             2                0                  
52     27         8          8             7           3             3                3                  
53     22         4          4             3           2             2                1                  
54     27         4          4             4           1             1                1                  
55     42         6          6             6           1             1                1                  
56     28         3          3             3           0             0                0                  
57     26         3          3             3           2             2                2                  
58     29         5          5             5           4             4                4                  
59     33         12         12            11          6             6                2                  
60     39         13         13            12          6             6                2                  
61     21         5          5             5           4             4                1                  
62     27         7          7             7           2             2                1                  
63     27         6          6             6           0             0                0                  
64     25         5          5             5           4             3                1                  
65     27         7          7             7           2             1                1                  
66     15         3          3             3           1             1                1                  
67     26         3          3             3           1             1                1                  
68     26         6          6             6           2             2                2                  
69     30         8          8             8           1             1                1                  
70     33         10         10            10          3             3                1                  
71     24         4          4             4           2             2                1                  
72     24         7          7             7           3             3                1                  
73     44         12         12            12          4             4                0                  
74     34         4          4             4           0             0                0                  
75     25         3          3             3           0             0                0                  
76     24         5          5             5           3             3                2                  
77     28         13         13            13          7             7                2                  
78     24         2          2             2           1             1                1                  
79     25         8          8             8           4             4                1                  
80     39         12         12            11          5             5                2                  
----------------------------------------------------------------------------------
SUM    2189       486        486           475         188           184              106                
----------------------------------------------------------------------------------

 Total Ripple Number: j

 Detection parameters:
     maximum_peak:    3
     maxRippleLength: 100
     detection_peaks: thrsh
     num_peaks:       3
