Trial  Det1_2SD   Det2_4SD   Det3_MaxLen   Det4_Join   Det5_Cycles   68               101                
t6_Artif_Rej Det7_Spctr_Peak 1      26         6          6             6           3             3                2                  
2      24         6          6             6           2             2                2                  
3      25         7          7             7           2             2                1                  
4      20         3          3             3           2             2                1                  
5      16         1          1             1           0             0                0                  
6      29         9          9             9           3             3                2                  
7      27         7          7             7           3             3                2                  
8      39         7          7             7           3             3                3                  
9      35         14         14            14          2             2                1                  
10     29         5          5             5           3             3                2                  
11     26         3          3             3           1             1                1                  
12     30         5          5             5           2             2                1                  
13     37         3          3             3           0             0                0                  
14     32         3          3             3           1             1                1                  
15     23         4          4             4           3             3                3                  
16     27         4          4             4           2             2                1                  
17     25         3          3             3           1             1                1                  
18     29         3          3             3           0             0                0                  
19     21         3          3             3           1             1                0                  
20     16         1          1             1           0             0                0                  
21     39         11         11            11          4             4                3                  
22     24         3          3             3           1             1                0                  
23     22         7          7             7           3             3                1                  
24     18         3          3             3           0             0                0                  
25     24         5          5             5           3             3                2                  
26     30         5          5             5           4             4                3                  
27     25         4          4             4           1             1                1                  
28     33         5          5             5           0             0                0                  
29     33         5          5             5           1             1                1                  
30     42         10         10            9           4             4                4                  
31     19         6          6             6           4             4                4                  
32     32         7          7             7           1             1                1                  
33     17         1          1             1           0             0                0                  
34     21         1          1             1           0             0                0                  
35     34         7          7             7           3             3                3                  
36     36         6          6             6           2             2                2                  
37     29         8          8             8           2             2                2                  
38     17         1          1             1           1             1                1                  
39     23         3          3             3           1             1                1                  
40     20         5          5             5           3             3                3                  
41     20         6          6             6           2             2                1                  
42     28         6          6             6           1             1                1                  
43     24         8          8             8           2             2                2                  
44     18         5          5             5           2             2                2                  
45     18         1          1             1           0             0                0                  
46     27         1          1             1           0             0                0                  
47     34         4          4             4           2             2                2                  
48     39         8          8             8           2             2                1                  
49     28         6          6             6           1             1                0                  
50     25         3          3             3           1             1                1                  
51     20         7          7             7           1             1                1                  
52     15         2          2             2           1             1                0                  
53     27         6          6             6           1             1                1                  
54     30         5          5             5           1             1                1                  
55     34         4          4             4           2             2                1                  
56     43         17         17            17          8             8                7                  
57     31         9          9             9           4             4                3                  
58     28         7          7             7           4             4                2                  
59     28         9          9             9           3             3                2                  
60     24         4          4             4           2             2                2                  
61     22         4          4             4           1             1                1                  
62     19         1          1             1           1             1                1                  
63     31         9          9             9           5             5                4                  
64     41         12         12            12          6             6                4                  
65     29         3          3             3           0             0                0                  
66     18         3          3             3           2             2                1                  
67     27         5          5             5           1             1                1                  
68     20         3          3             3           1             1                1                  
69     29         5          5             5           0             0                0                  
70     33         4          4             4           0             0                0                  
71     20         3          3             3           0             0                0                  
72     28         6          6             6           0             0                0                  
73     44         16         16            16          3             3                3                  
74     39         11         11            11          3             3                3                  
75     28         4          4             4           0             0                0                  
76     26         1          1             1           0             0                0                  
77     30         4          4             4           0             0                0                  
78     33         6          6             6           2             2                2                  
79     26         12         12            12          3             3                2                  
80     38         14         14            14          6             6                3                  
----------------------------------------------------------------------------------
SUM    2196       444        444           443         146           146              112                
----------------------------------------------------------------------------------

 Total Ripple Number: p

 Detection parameters:
     maximum_peak:    3
     maxRippleLength: 100
     detection_peaks: thrsh
     num_peaks:       3
