Trial  Det1_2SD   Det2_4SD   Det3_MaxLen   Det4_Join   Det5_Cycles   68               101                
t6_Artif_Rej Det7_Spctr_Peak 1      36         8          8             8           1             1                0                  
2      39         9          9             9           3             3                2                  
3      48         5          5             5           1             1                1                  
4      46         9          9             9           4             4                2                  
5      42         6          6             6           3             3                2                  
6      47         5          5             5           2             2                1                  
7      41         7          7             7           0             0                0                  
8      40         7          7             7           1             1                1                  
9      35         8          8             8           2             2                1                  
10     37         5          5             5           1             1                0                  
11     39         15         15            15          8             8                3                  
12     36         9          9             9           3             3                1                  
13     26         3          3             3           1             1                1                  
14     38         6          6             6           2             2                1                  
15     29         4          4             4           0             0                0                  
16     36         7          7             7           2             2                1                  
17     49         9          9             9           0             0                0                  
18     36         3          3             3           2             2                2                  
19     28         4          4             4           1             1                1                  
20     36         9          9             9           3             3                2                  
21     43         7          7             7           3             3                2                  
22     44         4          4             4           2             2                2                  
23     44         5          5             5           2             2                2                  
24     37         12         12            12          2             2                2                  
25     48         14         14            14          6             6                5                  
26     31         5          5             5           1             1                1                  
27     44         9          9             9           2             2                2                  
28     36         6          6             6           2             2                1                  
29     41         5          5             5           1             1                0                  
30     45         11         11            11          1             1                0                  
31     41         13         13            13          0             0                0                  
32     36         6          6             6           1             1                1                  
33     40         11         11            11          3             3                3                  
34     38         8          8             8           0             0                0                  
35     38         7          7             7           1             1                1                  
36     41         4          4             4           2             2                2                  
37     37         9          9             9           3             3                1                  
38     39         9          9             9           2             2                0                  
39     39         7          7             7           1             1                1                  
40     38         4          4             4           1             1                1                  
41     44         10         10            10          2             2                1                  
42     42         12         12            12          6             6                4                  
43     45         10         10            10          4             4                2                  
44     37         5          5             5           2             2                1                  
45     37         6          6             6           3             3                1                  
46     52         3          3             3           0             0                0                  
47     44         7          7             7           0             0                0                  
48     58         12         12            12          3             3                1                  
49     33         2          2             2           1             1                1                  
50     41         11         11            11          5             5                5                  
51     43         8          8             8           3             3                2                  
52     44         6          6             6           2             2                2                  
53     27         8          8             8           3             3                0                  
54     41         8          8             8           3             3                2                  
55     34         8          8             8           1             1                1                  
56     30         3          3             3           0             0                0                  
57     27         5          5             5           0             0                0                  
58     41         7          7             7           2             2                0                  
59     51         6          6             6           2             2                1                  
60     43         8          8             8           3             3                2                  
61     44         11         11            11          3             3                2                  
62     39         4          4             4           3             3                3                  
63     37         5          5             5           2             2                2                  
64     44         3          3             3           1             1                1                  
65     42         10         10            10          3             3                2                  
66     36         5          5             5           1             1                1                  
67     46         2          2             2           1             1                1                  
68     49         6          6             6           2             2                1                  
69     48         8          8             8           1             1                1                  
70     39         11         11            11          3             3                2                  
71     40         4          4             4           1             1                0                  
72     35         2          2             2           0             0                0                  
73     44         8          8             8           1             1                0                  
74     48         6          6             6           2             2                0                  
75     44         12         12            12          2             2                2                  
76     45         6          6             6           1             1                0                  
77     40         4          4             4           1             1                0                  
78     35         7          7             7           2             2                2                  
79     42         3          3             3           1             1                1                  
80     49         4          4             4           0             0                0                  
----------------------------------------------------------------------------------
SUM    3224       560        560           560         152           152              96                 
----------------------------------------------------------------------------------

 Total Ripple Number: `

 Detection parameters:
     maximum_peak:    3
     maxRippleLength: 100
     detection_peaks: thrsh
     num_peaks:       3
