Trial  Det1_2SD   Det2_4SD   Det3_MaxLen   Det4_Join   Det5_Cycles   68               101                
t6_Artif_Rej Det7_Spctr_Peak 1      55         10         10            10          5             5                2                  
2      57         18         18            18          4             4                1                  
3      56         15         15            15          2             2                1                  
4      35         8          8             8           0             0                0                  
5      31         8          8             8           3             3                1                  
6      31         5          5             5           1             1                1                  
7      40         4          4             4           2             2                0                  
8      38         15         15            15          3             3                3                  
9      48         14         14            14          5             5                2                  
10     23         7          7             7           3             3                0                  
11     45         20         18            13          4             3                1                  
12     41         7          7             7           4             4                1                  
13     28         5          5             5           2             2                1                  
14     41         9          9             9           1             1                1                  
15     33         4          4             4           1             1                0                  
16     28         7          7             7           2             2                2                  
17     32         6          6             6           1             1                1                  
18     43         12         12            11          5             5                2                  
19     39         7          7             7           1             1                0                  
20     54         13         13            13          6             6                3                  
21     41         8          8             8           5             5                1                  
22     37         8          8             8           2             2                1                  
23     41         7          7             7           2             2                2                  
24     39         10         10            10          1             1                1                  
25     43         13         13            13          6             6                3                  
26     41         7          7             7           3             3                2                  
27     34         5          5             5           1             1                0                  
28     45         10         10            10          3             3                1                  
29     36         8          8             8           4             4                2                  
30     24         4          4             4           1             1                1                  
31     39         2          2             2           2             2                1                  
32     49         7          7             7           0             0                0                  
33     43         3          3             3           1             1                0                  
34     39         10         10            10          3             3                3                  
35     30         4          4             4           2             2                0                  
36     36         7          7             7           3             3                2                  
37     46         10         10            9           4             4                1                  
38     48         9          9             9           4             4                2                  
39     42         8          8             8           2             2                2                  
40     34         7          7             6           1             1                0                  
41     39         9          9             9           1             1                1                  
42     61         15         15            15          5             5                1                  
43     42         8          8             8           1             1                1                  
44     33         5          5             5           1             1                0                  
45     52         14         14            13          7             7                1                  
46     44         12         12            12          3             3                1                  
47     36         10         10            9           1             1                1                  
48     33         3          3             3           0             0                0                  
49     26         8          8             8           4             4                3                  
50     33         6          6             6           3             3                1                  
51     39         6          6             6           0             0                0                  
52     36         5          5             5           1             1                0                  
53     37         9          9             9           2             2                1                  
54     46         6          6             6           1             1                0                  
55     40         13         13            13          3             3                1                  
56     41         9          9             9           1             1                0                  
57     29         6          6             6           2             2                2                  
58     37         9          9             9           2             2                2                  
59     32         10         10            10          2             2                1                  
60     37         5          5             5           2             2                0                  
61     34         6          6             6           2             2                0                  
62     42         13         13            13          3             3                1                  
63     32         6          6             6           0             0                0                  
64     44         8          8             8           4             4                1                  
65     32         4          4             4           0             0                0                  
66     45         12         12            12          5             5                2                  
67     29         8          8             8           2             2                0                  
68     33         6          6             6           2             2                0                  
69     24         4          4             4           0             0                0                  
70     34         9          9             9           2             2                1                  
71     33         9          9             9           3             3                2                  
72     30         4          4             4           0             0                0                  
73     32         7          7             7           1             1                1                  
74     34         5          5             5           0             0                0                  
75     38         8          8             8           1             1                1                  
76     38         9          9             9           3             3                1                  
77     32         5          5             5           1             1                0                  
78     23         5          5             5           2             2                1                  
79     36         5          5             5           2             2                2                  
80     47         11         11            11          3             3                3                  
----------------------------------------------------------------------------------
SUM    3050       653        651           641         183           182              81                 
----------------------------------------------------------------------------------

 Total Ripple Number: Q

 Detection parameters:
     maximum_peak:    3
     maxRippleLength: 100
     detection_peaks: thrsh
     num_peaks:       3
