Trial  Det1_2SD   Det2_4SD   Det3_MaxLen   Det4_Join   Det5_Cycles   68               101                
t6_Artif_Rej Det7_Spctr_Peak 1      38         9          9             9           1             1                1                  
2      43         10         10            10          2             2                2                  
3      34         5          5             5           0             0                0                  
4      27         6          6             6           3             3                1                  
5      25         4          4             4           1             1                1                  
6      34         10         10            10          3             3                3                  
7      26         4          4             4           2             2                2                  
8      36         4          4             4           1             1                1                  
9      37         2          2             2           1             1                1                  
10     45         8          8             8           2             2                1                  
11     42         7          7             7           1             1                0                  
12     29         7          7             7           1             1                1                  
13     27         6          6             6           3             3                3                  
14     41         4          4             4           1             1                1                  
15     43         3          3             3           0             0                0                  
16     40         5          5             5           1             1                0                  
17     33         7          7             7           3             3                0                  
18     35         7          7             7           4             4                3                  
19     33         4          4             4           2             2                2                  
20     31         2          2             2           0             0                0                  
21     40         1          1             1           0             0                0                  
22     28         4          4             4           1             1                1                  
23     29         1          1             1           0             0                0                  
24     34         7          7             7           2             2                0                  
25     27         5          5             5           3             3                2                  
26     24         7          7             7           3             3                2                  
27     33         7          7             7           2             2                1                  
28     44         8          8             8           3             3                1                  
29     50         11         11            11          6             6                3                  
30     35         8          8             8           3             3                2                  
31     37         9          8             8           0             0                0                  
32     38         5          5             5           2             2                2                  
33     47         10         10            10          5             5                5                  
34     45         11         11            11          5             5                5                  
35     39         9          9             9           2             2                2                  
36     36         6          6             6           0             0                0                  
37     37         5          5             5           2             2                2                  
38     31         6          6             6           2             2                2                  
39     30         1          1             1           0             0                0                  
40     29         3          3             3           2             2                2                  
41     44         10         10            10          3             3                3                  
42     39         9          9             9           4             4                4                  
43     32         6          6             6           3             3                3                  
44     25         4          4             4           3             3                3                  
45     29         5          5             5           1             1                1                  
46     39         9          9             8           6             5                4                  
47     45         12         12            11          4             3                3                  
48     39         7          7             7           3             3                3                  
49     35         9          9             9           5             5                4                  
50     40         15         15            15          8             7                5                  
51     37         11         11            11          5             4                1                  
52     28         4          4             4           0             0                0                  
53     32         5          5             5           0             0                0                  
54     30         8          8             8           1             1                1                  
55     46         9          9             9           1             1                1                  
56     40         5          5             5           2             2                2                  
57     40         9          9             9           3             3                3                  
58     32         6          6             6           3             3                3                  
59     32         7          7             7           3             3                2                  
60     33         5          5             5           2             2                2                  
61     42         8          8             8           1             1                1                  
62     30         6          6             6           1             1                0                  
63     37         7          7             7           4             4                3                  
64     39         2          2             2           1             1                1                  
65     31         6          6             6           3             3                2                  
66     39         9          9             9           2             2                2                  
67     46         11         11            11          1             1                0                  
68     41         10         10            10          3             3                2                  
69     35         7          7             7           3             3                2                  
70     39         6          6             6           1             1                1                  
71     43         10         10            10          3             3                3                  
72     63         17         17            17          6             6                3                  
73     65         16         16            16          6             6                3                  
74     50         10         10            10          4             4                3                  
75     54         13         13            13          3             3                2                  
76     42         9          9             9           3             3                3                  
77     46         10         10            10          4             4                4                  
78     55         17         17            17          4             4                4                  
79     53         11         11            11          3             3                2                  
80     53         8          8             8           4             4                3                  
----------------------------------------------------------------------------------
SUM    3032       586        585           583         195           191              147                
----------------------------------------------------------------------------------

 Total Ripple Number: 

 Detection parameters:
     maximum_peak:    3
     maxRippleLength: 100
     detection_peaks: thrsh
     num_peaks:       3
