Trial  Det1_2SD   Det2_4SD   Det3_MaxLen   Det4_Join   Det5_Cycles   68               101                
t6_Artif_Rej Det7_Spctr_Peak 1      25         8          8             8           3             3                3                  
2      31         10         10            10          9             9                6                  
3      31         9          9             9           5             5                3                  
4      27         9          9             9           4             4                3                  
5      34         8          8             8           4             4                3                  
6      35         7          7             7           3             3                1                  
7      26         7          7             7           2             2                2                  
8      30         4          4             4           2             2                2                  
9      38         7          7             7           4             4                4                  
10     37         10         10            10          6             6                6                  
11     26         5          5             5           4             4                4                  
12     22         7          7             7           1             1                0                  
13     25         6          6             6           3             3                3                  
14     41         9          9             9           7             7                5                  
15     34         8          8             8           5             5                4                  
16     29         6          6             6           5             5                5                  
17     42         9          9             9           7             7                7                  
18     35         8          8             8           5             5                5                  
19     37         8          8             8           3             3                3                  
20     31         8          8             8           4             4                3                  
21     27         6          6             6           3             3                3                  
22     31         6          6             6           1             1                1                  
23     22         5          5             5           4             4                3                  
24     34         7          7             7           5             5                4                  
25     24         5          5             5           3             3                3                  
26     31         4          4             4           2             2                1                  
27     35         8          8             8           5             5                4                  
28     32         4          4             4           4             4                4                  
29     45         5          5             5           3             3                3                  
30     23         2          2             2           0             0                0                  
31     29         2          2             2           2             2                2                  
32     36         6          6             6           2             2                2                  
33     46         13         13            13          7             7                5                  
34     35         10         10            10          4             4                3                  
35     26         10         10            10          6             6                5                  
36     18         6          6             6           6             6                5                  
37     31         5          5             5           4             4                4                  
38     37         7          7             7           4             4                3                  
39     36         8          8             8           3             3                1                  
40     47         8          8             8           3             3                2                  
41     36         4          4             4           2             2                2                  
42     44         2          2             2           2             2                2                  
43     38         3          3             3           1             1                1                  
44     18         1          1             1           0             0                0                  
45     24         3          3             3           2             2                2                  
46     27         3          3             3           2             2                2                  
47     29         5          5             5           4             4                4                  
48     31         5          5             5           4             4                4                  
49     30         4          4             4           2             2                1                  
50     29         6          6             6           4             3                3                  
51     28         4          4             4           3             2                2                  
52     26         4          4             4           2             2                2                  
53     30         9          9             9           5             5                3                  
54     43         12         12            12          9             9                6                  
55     35         8          8             8           5             5                3                  
56     43         12         12            12          8             8                7                  
57     50         10         10            10          7             7                6                  
58     40         5          5             5           4             4                3                  
59     34         4          4             4           1             1                1                  
60     32         4          4             4           3             3                2                  
61     43         9          9             9           6             6                6                  
62     37         16         16            14          9             8                6                  
63     51         17         17            15          8             8                5                  
64     36         10         10            10          4             4                4                  
65     38         9          9             9           4             4                3                  
66     50         14         14            14          7             7                6                  
67     35         7          7             7           5             5                4                  
68     38         8          8             7           5             5                4                  
69     37         7          7             7           3             3                2                  
70     21         3          3             3           2             2                2                  
71     24         5          5             5           3             3                3                  
72     32         6          6             6           3             3                3                  
73     41         10         10            10          5             5                5                  
74     51         21         21            21          14            14               12                 
75     39         14         14            14          8             8                7                  
76     25         2          2             2           2             2                0                  
77     44         10         10            10          5             5                2                  
78     32         7          7             7           4             4                4                  
79     40         7          7             7           5             5                5                  
80     33         4          4             4           1             1                1                  
----------------------------------------------------------------------------------
SUM    2695       574        574           569         330           327              270                
----------------------------------------------------------------------------------

 Total Ripple Number: Ď

 Detection parameters:
     maximum_peak:    3
     maxRippleLength: 100
     detection_peaks: thrsh
     num_peaks:       3
