Trial  Det1_2SD   Det2_4SD   Det3_MaxLen   Det4_Join   Det5_Cycles   68               101                
t6_Artif_Rej Det7_Spctr_Peak 1      37         10         10            10          2             2                1                  
2      34         6          6             6           1             1                0                  
3      33         6          6             6           0             0                0                  
4      33         3          3             3           1             1                1                  
5      39         13         13            11          4             3                3                  
6      44         11         11            11          4             4                4                  
7      29         2          2             2           1             1                1                  
8      32         5          5             5           2             2                2                  
9      39         5          5             5           1             1                1                  
10     46         12         12            12          5             5                5                  
11     42         9          9             9           3             3                3                  
12     35         5          5             5           2             2                2                  
13     39         6          6             6           1             1                1                  
14     41         6          6             6           0             0                0                  
15     42         7          7             7           2             2                1                  
16     35         9          9             9           5             5                3                  
17     39         12         12            12          4             4                2                  
18     32         10         10            10          3             2                0                  
19     40         12         12            12          5             4                0                  
20     43         6          6             6           3             2                0                  
21     37         7          7             7           3             3                2                  
22     39         10         10            10          2             2                1                  
23     27         7          7             7           1             1                1                  
24     34         7          7             7           1             1                1                  
25     33         9          9             9           2             2                2                  
26     39         7          7             7           2             2                1                  
27     39         8          8             8           2             2                1                  
28     41         13         13            12          5             5                3                  
29     41         10         10            9           3             3                2                  
30     40         8          8             8           2             2                2                  
31     43         11         11            11          1             1                1                  
32     41         9          9             9           0             0                0                  
33     35         7          7             7           1             1                1                  
34     32         9          9             9           4             3                3                  
35     34         6          6             6           1             1                1                  
36     32         5          5             4           2             1                0                  
37     31         7          7             7           2             2                2                  
38     39         10         10            10          2             2                2                  
39     46         13         13            13          4             4                2                  
40     45         14         14            14          6             6                3                  
41     40         7          7             7           3             3                2                  
42     40         9          9             9           3             3                3                  
43     42         11         11            11          6             5                4                  
44     38         11         10            10          7             6                5                  
45     34         8          8             8           3             3                2                  
46     43         7          7             7           4             4                4                  
47     37         8          8             8           4             4                3                  
48     29         8          8             8           4             3                2                  
49     39         7          7             7           2             1                1                  
50     43         13         13            13          6             6                6                  
51     37         14         14            14          7             7                6                  
52     35         10         10            8           3             2                1                  
53     40         10         10            8           3             2                2                  
54     42         14         14            14          5             4                3                  
55     34         15         15            14          8             7                4                  
56     44         13         13            13          6             6                5                  
57     57         14         14            14          3             3                2                  
58     30         7          7             7           1             1                1                  
59     26         4          4             4           1             1                1                  
60     38         8          8             7           3             2                2                  
61     36         9          9             8           1             1                1                  
62     39         14         14            13          4             3                2                  
63     42         17         17            17          4             3                2                  
64     35         9          9             9           3             3                3                  
65     34         10         10            10          2             2                2                  
66     42         8          8             7           1             1                0                  
67     43         10         10            10          0             0                0                  
68     44         15         15            13          3             2                2                  
69     36         9          9             9           4             4                3                  
70     36         9          9             9           1             1                1                  
71     33         13         13            12          5             4                3                  
72     44         16         16            14          6             5                1                  
73     41         12         12            11          3             3                1                  
74     43         14         14            14          7             7                5                  
75     47         20         20            19          8             7                5                  
76     36         11         11            11          6             5                3                  
77     40         10         10            10          2             2                1                  
78     42         12         12            11          5             4                3                  
79     37         7          7             7           2             1                0                  
80     33         4          4             4           0             0                0                  
----------------------------------------------------------------------------------
SUM    3053       759        758           736         244           220              158                
----------------------------------------------------------------------------------

 Total Ripple Number: 

 Detection parameters:
     maximum_peak:    3
     maxRippleLength: 100
     detection_peaks: thrsh
     num_peaks:       3
