Trial  Det1_2SD   Det2_4SD   Det3_MaxLen   Det4_Join   Det5_Cycles   68               101                
t6_Artif_Rej Det7_Spctr_Peak 1      40         9          9             9           4             4                3                  
2      40         4          4             4           0             0                0                  
3      27         4          4             4           2             2                1                  
4      35         7          7             7           0             0                0                  
5      33         8          8             7           4             3                3                  
6      36         7          7             7           2             2                2                  
7      33         5          5             5           2             2                2                  
8      43         7          7             7           3             3                2                  
9      38         12         12            12          3             3                2                  
10     47         14         14            14          2             2                2                  
11     35         7          7             7           1             1                1                  
12     31         10         10            10          7             7                7                  
13     36         6          6             6           3             3                3                  
14     32         9          9             9           2             2                2                  
15     25         6          6             6           0             0                0                  
16     30         10         10            10          2             2                2                  
17     48         12         12            12          3             3                3                  
18     43         11         11            11          5             4                4                  
19     36         9          9             9           4             3                3                  
20     28         8          8             8           6             5                4                  
21     41         11         11            11          4             4                2                  
22     41         10         10            10          4             4                2                  
23     34         5          5             5           4             4                1                  
24     31         5          5             5           1             1                1                  
25     27         5          5             5           1             1                1                  
26     25         6          6             6           2             2                2                  
27     35         8          8             8           1             1                1                  
28     42         13         13            13          4             4                3                  
29     32         10         10            10          3             3                3                  
30     31         8          8             8           3             3                3                  
31     30         6          6             6           1             1                1                  
32     26         7          7             7           1             1                1                  
33     37         9          9             9           2             2                1                  
34     43         8          8             8           2             2                1                  
35     47         9          9             8           3             3                3                  
36     44         12         12            11          6             6                5                  
37     35         9          9             9           4             4                3                  
38     32         7          7             7           3             3                2                  
39     34         8          8             8           3             3                2                  
40     36         11         11            11          4             4                2                  
41     40         7          7             7           4             4                3                  
42     39         3          3             3           1             1                1                  
43     40         9          9             9           5             5                4                  
44     37         9          9             9           3             3                1                  
45     39         8          8             8           3             3                1                  
46     64         18         18            18          7             7                5                  
47     53         14         14            14          6             6                5                  
48     39         6          6             6           3             3                3                  
49     26         7          7             7           4             4                4                  
50     35         10         10            10          6             6                4                  
51     33         8          8             8           4             4                3                  
52     22         5          5             5           3             2                1                  
53     29         8          8             8           2             1                0                  
54     32         6          6             6           2             2                2                  
55     43         14         14            14          5             5                3                  
56     52         10         10            10          1             1                1                  
57     53         13         13            12          4             4                4                  
58     26         7          7             7           3             3                2                  
59     37         8          8             8           4             4                2                  
60     51         14         14            13          8             8                6                  
61     48         10         10            10          4             4                3                  
62     39         13         13            13          4             4                4                  
63     45         9          9             9           3             3                3                  
64     45         10         10            10          3             3                3                  
65     44         7          7             7           3             3                3                  
66     52         8          8             8           4             4                4                  
67     46         9          8             8           3             3                3                  
68     45         9          9             7           4             3                2                  
69     28         7          7             7           5             5                3                  
70     35         6          6             6           3             3                2                  
71     40         11         11            11          5             5                2                  
72     50         14         14            14          3             3                0                  
73     53         9          9             9           2             2                2                  
74     55         17         17            17          5             5                5                  
75     43         14         14            14          4             3                3                  
76     38         6          6             6           4             3                3                  
77     38         8          8             8           6             6                5                  
78     44         7          7             7           3             3                2                  
79     34         4          4             4           1             1                1                  
80     39         10         10            10          4             4                4                  
----------------------------------------------------------------------------------
SUM    3070       704        703           696         262           253              198                
----------------------------------------------------------------------------------

 Total Ripple Number: Æ

 Detection parameters:
     maximum_peak:    3
     maxRippleLength: 100
     detection_peaks: thrsh
     num_peaks:       3
