Trial  Det1_2SD   Det2_4SD   Det3_MaxLen   Det4_Join   Det5_Cycles   68               101                
t6_Artif_Rej Det7_Spctr_Peak 1      45         9          9             9           2             2                1                  
2      35         5          5             5           0             0                0                  
3      38         4          4             4           1             1                1                  
4      38         9          9             9           1             1                1                  
5      46         12         12            11          2             1                1                  
6      50         12         12            12          3             3                2                  
7      38         10         10            10          1             1                1                  
8      35         7          7             7           1             1                1                  
9      40         9          9             9           1             1                1                  
10     49         14         14            14          3             3                3                  
11     37         6          6             6           0             0                0                  
12     28         3          3             3           1             1                0                  
13     32         6          6             6           3             3                3                  
14     39         11         11            11          4             4                3                  
15     32         6          6             6           2             2                1                  
16     35         7          7             7           3             3                1                  
17     41         13         13            13          6             6                4                  
18     38         12         12            11          3             2                2                  
19     37         8          8             7           3             3                3                  
20     33         7          7             6           3             3                3                  
21     39         13         13            13          3             3                1                  
22     38         10         10            10          2             2                1                  
23     35         4          4             4           1             1                1                  
24     35         3          3             3           0             0                0                  
25     29         3          3             3           1             1                0                  
26     31         7          7             7           2             2                1                  
27     37         7          7             7           1             1                1                  
28     42         14         14            14          4             4                3                  
29     48         15         15            15          5             5                3                  
30     38         7          7             7           1             1                0                  
31     44         8          8             7           2             2                2                  
32     36         8          8             8           2             2                2                  
33     45         9          9             9           3             3                3                  
34     35         8          8             8           2             2                2                  
35     25         5          5             5           2             2                2                  
36     30         10         10            10          3             2                2                  
37     31         10         10            9           6             6                5                  
38     44         6          6             6           3             3                3                  
39     43         8          8             8           2             2                2                  
40     50         13         13            12          2             2                0                  
41     40         6          6             6           3             3                2                  
42     39         9          9             9           4             4                4                  
43     46         19         19            19          5             5                4                  
44     37         12         12            12          3             3                2                  
45     31         6          6             6           3             3                1                  
46     53         16         16            16          9             9                6                  
47     49         12         12            12          4             4                4                  
48     47         13         13            12          4             4                4                  
49     35         8          8             7           3             3                3                  
50     39         10         10            9           3             3                1                  
51     49         9          9             8           5             5                3                  
52     33         7          7             5           4             3                3                  
53     33         13         13            11          6             5                4                  
54     41         9          9             9           1             1                1                  
55     39         12         12            12          3             3                2                  
56     42         12         12            12          6             6                4                  
57     57         15         15            15          3             3                2                  
58     32         3          3             3           1             1                1                  
59     33         6          6             6           3             3                2                  
60     39         10         10            10          5             5                5                  
61     33         5          5             5           1             1                1                  
62     29         12         12            12          3             3                2                  
63     36         10         10            10          1             1                1                  
64     33         9          9             9           0             0                0                  
65     37         10         10            10          1             1                1                  
66     42         12         12            12          2             2                2                  
67     30         8          8             8           1             1                1                  
68     36         8          8             8           1             0                0                  
69     35         8          8             8           0             0                0                  
70     34         7          7             7           0             0                0                  
71     39         16         16            14          4             3                2                  
72     44         17         17            15          5             4                3                  
73     50         12         12            12          3             3                3                  
74     61         15         15            14          5             5                3                  
75     52         15         15            14          5             4                2                  
76     52         16         16            16          5             4                4                  
77     50         11         11            11          4             4                2                  
78     51         13         13            13          2             2                0                  
79     35         7          7             7           1             1                0                  
80     46         13         13            13          4             4                2                  
----------------------------------------------------------------------------------
SUM    3160       769        769           748         216           206              153                
----------------------------------------------------------------------------------

 Total Ripple Number: 

 Detection parameters:
     maximum_peak:    3
     maxRippleLength: 100
     detection_peaks: thrsh
     num_peaks:       3
