Trial  Det1_2SD   Det2_4SD   Det3_MaxLen   Det4_Join   Det5_Cycles   68               101                
t6_Artif_Rej Det7_Spctr_Peak 1      48         10         10            10          5             5                3                  
2      40         5          5             4           1             1                1                  
3      33         4          4             4           0             0                0                  
4      37         5          5             5           1             1                1                  
5      40         8          8             8           4             3                2                  
6      32         8          8             8           5             5                4                  
7      34         6          6             6           1             1                1                  
8      34         8          8             8           1             1                1                  
9      47         7          7             7           0             0                0                  
10     48         10         10            10          1             1                1                  
11     36         9          9             9           0             0                0                  
12     38         5          5             5           1             1                1                  
13     40         4          4             4           2             2                2                  
14     27         3          3             3           0             0                0                  
15     27         4          4             4           1             1                1                  
16     46         11         11            10          5             5                5                  
17     42         11         11            10          6             6                4                  
18     27         8          8             7           5             4                3                  
19     29         7          7             6           3             3                2                  
20     28         4          4             3           1             0                0                  
21     37         11         11            11          4             4                4                  
22     42         9          9             9           3             3                3                  
23     25         8          8             8           1             1                1                  
24     35         7          7             7           2             2                2                  
25     38         5          5             5           1             1                1                  
26     32         3          3             3           0             0                0                  
27     33         3          3             3           0             0                0                  
28     37         2          2             2           1             1                1                  
29     45         10         10            10          2             2                2                  
30     40         10         10            10          1             1                1                  
31     47         11         11            11          1             1                1                  
32     36         12         12            12          2             2                2                  
33     42         13         13            13          6             6                5                  
34     34         10         10            10          5             5                4                  
35     34         9          9             9           4             4                2                  
36     29         15         15            14          6             5                1                  
37     33         4          4             4           1             1                1                  
38     42         4          4             4           2             2                1                  
39     39         7          7             7           1             1                0                  
40     49         10         10            10          2             2                1                  
41     36         7          7             7           3             3                2                  
42     41         7          7             7           2             2                2                  
43     53         10         10            10          4             4                4                  
44     30         7          7             7           3             3                3                  
45     34         5          5             5           2             2                2                  
46     63         16         16            16          1             1                1                  
47     54         14         14            14          4             4                3                  
48     46         11         11            11          8             8                7                  
49     23         6          6             6           3             3                1                  
50     23         4          4             4           1             1                0                  
51     44         12         12            11          5             5                5                  
52     37         12         12            11          6             5                4                  
53     42         4          4             4           2             1                1                  
54     43         6          6             6           1             1                1                  
55     52         15         15            15          2             2                2                  
56     66         18         18            18          2             2                1                  
57     64         14         14            14          2             2                1                  
58     34         9          9             9           2             2                2                  
59     35         6          6             6           2             2                2                  
60     39         6          6             6           2             2                2                  
61     37         5          5             5           1             1                1                  
62     41         14         14            14          4             4                3                  
63     39         15         15            15          7             7                6                  
64     36         10         10            10          3             3                3                  
65     35         12         12            11          1             1                1                  
66     49         12         12            11          2             2                1                  
67     40         9          9             9           3             3                0                  
68     36         8          8             8           1             1                0                  
69     40         13         13            13          5             5                4                  
70     37         6          6             6           1             1                1                  
71     31         3          3             3           0             0                0                  
72     37         6          6             6           1             1                1                  
73     58         11         11            11          1             1                0                  
74     56         16         16            16          2             2                1                  
75     42         16         16            16          3             2                2                  
76     38         9          9             9           3             3                3                  
77     49         14         14            14          2             2                2                  
78     49         15         15            15          3             3                2                  
79     35         6          6             6           1             1                1                  
80     38         7          7             7           2             2                1                  
----------------------------------------------------------------------------------
SUM    3164       696        696           685         191           184              144                
----------------------------------------------------------------------------------

 Total Ripple Number: 

 Detection parameters:
     maximum_peak:    3
     maxRippleLength: 100
     detection_peaks: thrsh
     num_peaks:       3
