Trial  Det1_2SD   Det2_4SD   Det3_MaxLen   Det4_Join   Det5_Cycles   68               101                
t6_Artif_Rej Det7_Spctr_Peak 1      45         8          8             7           3             3                2                  
2      38         7          7             7           1             1                1                  
3      23         5          5             5           1             1                1                  
4      31         5          5             5           0             0                0                  
5      42         8          8             8           2             2                2                  
6      31         6          6             6           3             3                3                  
7      36         4          4             4           1             1                1                  
8      45         6          6             6           3             3                1                  
9      40         7          7             7           1             1                1                  
10     45         8          8             8           1             1                1                  
11     46         9          9             8           2             2                1                  
12     39         11         11            10          5             5                3                  
13     36         11         11            11          2             2                2                  
14     34         5          5             5           0             0                0                  
15     45         11         11            11          4             4                3                  
16     41         12         12            12          7             7                5                  
17     40         8          8             8           4             4                2                  
18     29         7          7             7           2             1                0                  
19     26         6          6             6           1             1                1                  
20     30         6          6             6           1             1                1                  
21     44         8          8             8           2             2                2                  
22     46         8          8             8           4             4                4                  
23     24         8          8             8           3             3                3                  
24     36         12         12            12          3             3                3                  
25     26         10         10            10          1             1                0                  
26     29         6          6             6           0             0                0                  
27     40         6          6             6           2             2                2                  
28     31         10         10            10          3             3                3                  
29     34         8          8             8           1             1                1                  
30     34         7          7             7           0             0                0                  
31     44         13         13            13          3             3                2                  
32     44         11         11            11          2             2                1                  
33     53         13         13            13          0             0                0                  
34     35         8          8             8           2             2                1                  
35     27         4          4             4           3             3                3                  
36     28         7          7             7           3             3                3                  
37     27         8          8             8           4             4                2                  
38     42         13         13            13          5             5                4                  
39     36         9          9             9           1             1                1                  
40     45         9          9             9           2             2                1                  
41     50         14         14            13          5             5                3                  
42     44         11         11            11          3             3                1                  
43     52         13         13            13          3             3                1                  
44     36         6          6             6           0             0                0                  
45     36         7          7             7           0             0                0                  
46     46         11         11            11          4             4                4                  
47     42         6          6             6           3             3                1                  
48     49         12         12            12          6             6                2                  
49     29         7          7             7           3             3                2                  
50     36         9          9             9           3             3                2                  
51     49         9          9             9           2             2                1                  
52     44         12         12            11          4             3                2                  
53     31         10         10            8           3             2                1                  
54     39         11         11            11          1             1                1                  
55     36         11         11            11          4             4                4                  
56     49         19         19            19          8             8                8                  
57     50         15         15            15          2             2                2                  
58     24         3          3             3           0             0                0                  
59     24         2          2             2           0             0                0                  
60     43         6          6             6           0             0                0                  
61     46         6          6             6           1             1                0                  
62     26         5          5             5           1             1                1                  
63     45         9          9             9           3             3                2                  
64     42         6          6             6           3             3                2                  
65     40         13         13            13          3             3                2                  
66     52         16         16            16          3             3                1                  
67     45         10         10            10          5             5                0                  
68     47         11         11            11          7             7                2                  
69     42         11         11            11          3             3                2                  
70     34         2          2             2           0             0                0                  
71     36         6          6             6           2             2                2                  
72     46         14         14            14          7             7                6                  
73     52         15         15            15          6             6                4                  
74     46         6          6             6           5             5                2                  
75     45         8          8             8           6             6                4                  
76     32         14         14            14          5             5                2                  
77     43         10         10            10          2             2                2                  
78     51         11         11            10          4             4                4                  
79     45         10         10            9           5             5                3                  
80     42         9          9             8           4             4                2                  
----------------------------------------------------------------------------------
SUM    3133       714        714           704         217           214              145                
----------------------------------------------------------------------------------

 Total Ripple Number: 

 Detection parameters:
     maximum_peak:    3
     maxRippleLength: 100
     detection_peaks: thrsh
     num_peaks:       3
