Trial  Det1_2SD   Det2_4SD   Det3_MaxLen   Det4_Join   Det5_Cycles   68               101                
t6_Artif_Rej Det7_Spctr_Peak 1      53         18         18            18          10            10               5                  
2      33         10         10            10          10            10               9                  
3      25         5          5             5           1             1                0                  
4      34         3          3             3           2             2                0                  
5      29         7          7             7           3             2                2                  
6      32         10         10            10          7             7                6                  
7      34         11         11            11          9             9                7                  
8      28         5          5             5           3             3                1                  
9      34         3          3             3           1             1                0                  
10     36         3          3             3           1             1                1                  
11     23         6          6             6           3             3                3                  
12     22         7          7             7           6             6                3                  
13     28         8          8             8           7             7                7                  
14     30         6          6             6           3             3                2                  
15     31         9          9             9           4             4                3                  
16     29         8          8             8           4             4                3                  
17     38         10         10            10          7             7                5                  
18     32         12         12            12          9             8                6                  
19     23         7          7             7           4             4                3                  
20     13         0          0             0           0             0                0                  
21     26         7          7             7           7             7                6                  
22     40         10         10            10          8             8                7                  
23     17         3          3             3           3             3                3                  
24     19         2          2             2           2             2                2                  
25     16         2          2             2           1             1                1                  
26     26         4          4             4           1             1                1                  
27     31         7          7             7           5             5                3                  
28     21         10         10            10          6             6                4                  
29     19         5          5             5           2             2                1                  
30     19         4          4             4           3             3                1                  
31     28         5          5             5           2             2                1                  
32     22         2          2             2           0             0                0                  
33     30         8          8             8           6             6                3                  
34     32         11         11            11          8             8                6                  
35     28         6          6             6           3             3                2                  
36     34         6          6             6           4             4                3                  
37     35         7          7             7           4             4                3                  
38     29         10         10            10          5             5                4                  
39     24         4          4             4           3             3                2                  
40     45         14         14            13          9             9                4                  
41     49         15         15            15          9             9                6                  
42     35         11         11            11          7             7                5                  
43     32         14         14            14          10            10               10                 
44     20         8          8             8           6             6                6                  
45     15         4          4             4           3             3                3                  
46     28         5          5             5           4             4                3                  
47     29         5          5             5           3             3                2                  
48     45         8          8             8           4             4                2                  
49     30         5          5             5           4             4                2                  
50     37         9          9             9           7             7                7                  
51     26         8          8             8           6             6                5                  
52     28         5          5             4           3             2                1                  
53     29         9          9             7           5             4                2                  
54     43         17         17            17          13            13               10                 
55     35         11         11            11          7             7                7                  
56     48         12         12            12          10            10               8                  
57     68         21         21            20          15            15               14                 
58     32         4          4             4           3             3                3                  
59     26         4          4             4           4             4                2                  
60     35         14         14            14          7             7                5                  
61     35         9          9             9           5             5                5                  
62     32         5          5             5           3             3                2                  
63     27         5          5             5           4             4                3                  
64     43         8          8             8           5             5                3                  
65     42         6          6             6           4             4                3                  
66     53         13         13            13          8             8                6                  
67     49         14         14            14          10            10               5                  
68     46         14         14            14          10            9                7                  
69     36         7          7             7           3             3                1                  
70     22         3          3             3           2             2                1                  
71     20         3          3             3           2             2                2                  
72     34         7          7             7           6             6                5                  
73     50         14         14            14          11            11               5                  
74     54         27         27            27          16            16               9                  
75     34         15         15            15          10            10               8                  
76     35         10         10            10          7             6                5                  
77     35         17         17            17          8             7                7                  
78     26         7          7             7           4             4                3                  
79     31         8          8             8           8             7                5                  
80     42         15         15            15          10            10               8                  
----------------------------------------------------------------------------------
SUM    2584       671        671           666         442           434              319                
----------------------------------------------------------------------------------

 Total Ripple Number: Ŀ

 Detection parameters:
     maximum_peak:    3
     maxRippleLength: 100
     detection_peaks: thrsh
     num_peaks:       3
