Trial  Det1_2SD   Det2_4SD   Det3_MaxLen   Det4_Join   Det5_Cycles   68               101                
t6_Artif_Rej Det7_Spctr_Peak 1      47         19         19            19          12            12               8                  
2      39         16         16            16          10            10               6                  
3      33         8          8             8           3             3                2                  
4      34         10         10            10          3             3                2                  
5      28         5          5             5           2             2                1                  
6      26         5          5             5           2             2                2                  
7      29         7          7             7           5             5                4                  
8      38         5          5             5           3             3                3                  
9      40         10         10            10          4             4                4                  
10     42         12         12            12          4             4                4                  
11     29         8          8             8           5             5                4                  
12     28         5          5             5           3             3                2                  
13     35         7          7             7           6             6                2                  
14     32         5          5             5           1             1                0                  
15     30         4          4             4           1             1                1                  
16     27         6          6             6           3             3                3                  
17     38         11         11            11          6             6                4                  
18     35         13         13            13          10            9                5                  
19     38         9          9             9           7             7                3                  
20     25         7          7             7           4             4                2                  
21     26         6          6             6           3             3                3                  
22     35         6          6             6           2             2                1                  
23     18         5          5             5           4             4                4                  
24     20         5          5             5           3             3                3                  
25     18         4          4             4           0             0                0                  
26     27         2          2             2           0             0                0                  
27     30         3          3             3           1             1                1                  
28     30         5          5             5           2             2                1                  
29     29         3          3             3           1             1                1                  
30     26         2          2             2           1             1                0                  
31     27         5          5             5           4             4                1                  
32     23         3          3             3           1             1                1                  
33     34         6          6             6           4             4                4                  
34     36         7          7             7           3             3                3                  
35     29         6          6             6           3             3                2                  
36     26         6          6             6           5             5                4                  
37     28         8          8             8           6             6                5                  
38     27         10         10            10          6             6                4                  
39     34         12         12            12          6             6                4                  
40     52         19         19            19          7             7                5                  
41     63         19         19            19          8             8                5                  
42     37         13         13            13          5             5                1                  
43     26         8          8             8           3             3                3                  
44     22         6          6             6           4             4                4                  
45     16         3          3             3           3             3                3                  
46     28         12         12            12          6             6                5                  
47     25         8          8             8           5             5                3                  
48     38         8          8             8           5             5                3                  
49     38         11         11            11          5             5                4                  
50     39         9          9             9           6             6                4                  
51     31         10         10            10          5             5                4                  
52     20         6          6             6           3             2                2                  
53     22         7          7             7           4             3                3                  
54     49         15         15            15          11            11               5                  
55     42         12         12            12          8             8                3                  
56     41         13         13            13          9             9                4                  
57     54         21         21            21          13            13               6                  
58     41         4          4             4           3             3                2                  
59     29         3          3             3           1             1                0                  
60     32         7          7             7           4             4                2                  
61     33         6          6             6           4             4                3                  
62     25         6          6             6           4             4                3                  
63     31         9          9             9           6             6                4                  
64     42         13         13            13          7             7                2                  
65     33         8          8             8           6             6                2                  
66     52         16         16            16          9             9                4                  
67     51         17         17            17          9             9                4                  
68     55         12         12            12          7             7                2                  
69     44         12         12            12          8             7                4                  
70     37         9          9             9           5             5                4                  
71     23         4          4             4           2             2                1                  
72     34         5          5             5           2             2                2                  
73     53         15         15            15          9             9                6                  
74     75         27         27            27          16            16               12                 
75     41         15         15            15          7             7                5                  
76     32         3          3             3           2             2                2                  
77     45         9          9             9           8             8                7                  
78     31         10         10            10          7             7                6                  
79     28         10         10            10          3             3                3                  
80     37         12         12            12          5             5                2                  
----------------------------------------------------------------------------------
SUM    2743       708        708           708         393           389              253                
----------------------------------------------------------------------------------

 Total Ripple Number: ý

 Detection parameters:
     maximum_peak:    3
     maxRippleLength: 100
     detection_peaks: thrsh
     num_peaks:       3
