Trial  Det1_2SD   Det2_4SD   Det3_MaxLen   Det4_Join   Det5_Cycles   68               101                
t6_Artif_Rej Det7_Spctr_Peak 1      21         0          0             0           0             0                0                  
2      29         2          2             2           1             1                1                  
3      35         2          2             2           1             1                1                  
4      30         3          3             3           2             2                1                  
5      26         1          1             1           0             0                0                  
6      17         1          1             1           0             0                0                  
7      34         2          2             2           1             1                0                  
8      29         2          2             2           2             2                1                  
9      34         2          2             1           1             1                0                  
10     20         6          6             3           3             3                0                  
11     27         2          2             2           1             1                0                  
12     25         1          1             1           1             1                0                  
13     24         1          1             1           0             0                0                  
14     21         1          1             1           0             0                0                  
15     35         0          0             0           0             0                0                  
16     28         3          3             3           1             0                0                  
17     25         2          2             2           1             1                1                  
18     24         6          6             6           5             4                1                  
19     26         1          1             1           0             0                0                  
20     29         3          3             3           2             2                1                  
21     36         0          0             0           0             0                0                  
22     36         0          0             0           0             0                0                  
23     24         0          0             0           0             0                0                  
24     40         1          1             1           0             0                0                  
25     31         1          1             1           0             0                0                  
26     25         0          0             0           0             0                0                  
27     23         2          2             2           0             0                0                  
28     30         2          2             2           1             1                0                  
29     20         0          0             0           0             0                0                  
30     33         1          1             1           1             1                1                  
31     32         0          0             0           0             0                0                  
32     22         2          2             2           1             0                0                  
33     29         4          4             3           2             1                0                  
34     40         1          1             1           0             0                0                  
35     33         2          2             2           0             0                0                  
36     31         0          0             0           0             0                0                  
37     26         2          2             2           1             1                0                  
38     27         2          2             2           2             2                0                  
39     28         1          1             1           0             0                0                  
40     16         0          0             0           0             0                0                  
41     30         1          1             1           1             1                1                  
42     25         0          0             0           0             0                0                  
43     27         0          0             0           0             0                0                  
44     26         1          1             1           0             0                0                  
45     22         3          3             3           2             2                2                  
46     19         0          0             0           0             0                0                  
47     28         3          3             3           3             3                1                  
48     33         6          6             6           3             3                1                  
49     37         3          3             3           1             1                0                  
50     21         0          0             0           0             0                0                  
51     31         0          0             0           0             0                0                  
52     28         1          1             1           0             0                0                  
53     31         6          6             6           2             2                1                  
54     30         2          2             2           2             1                0                  
55     35         4          4             4           3             2                0                  
56     29         0          0             0           0             0                0                  
57     37         0          0             0           0             0                0                  
58     48         6          6             5           3             3                1                  
59     30         2          2             2           2             2                2                  
60     18         0          0             0           0             0                0                  
61     36         2          2             2           1             1                0                  
62     25         0          0             0           0             0                0                  
63     28         9          9             7           7             6                4                  
64     27         4          4             4           2             1                1                  
65     30         0          0             0           0             0                0                  
66     23         2          2             2           1             1                1                  
67     33         1          1             1           0             0                0                  
68     29         1          1             1           1             1                0                  
69     24         3          3             3           1             1                1                  
70     27         1          1             1           0             0                0                  
71     21         1          1             1           1             1                1                  
72     28         3          3             3           3             3                1                  
73     29         1          1             1           0             0                0                  
74     33         3          3             3           2             1                1                  
75     33         5          5             5           3             2                0                  
76     21         3          3             3           3             3                0                  
77     30         3          3             3           0             0                0                  
78     34         3          3             3           2             2                1                  
79     36         3          3             3           2             1                0                  
80     31         3          3             3           1             1                0                  
----------------------------------------------------------------------------------
SUM    2284       151        151           143         82            71               28                 
----------------------------------------------------------------------------------

 Total Ripple Number: 

 Detection parameters:
     maximum_peak:    4
     maxRippleLength: 100
     detection_peaks: peaks
     num_peaks:       3
