Trial  Det1_2SD   Det2_4SD   Det3_MaxLen   Det4_Join   Det5_Cycles   68               101                
t6_Artif_Rej Det7_Spctr_Peak 1      23         0          0             0           0             0                0                  
2      33         1          1             1           0             0                0                  
3      41         2          2             2           1             1                0                  
4      27         3          3             3           1             1                1                  
5      27         1          1             1           1             1                1                  
6      26         0          0             0           0             0                0                  
7      34         2          2             2           0             0                0                  
8      33         0          0             0           0             0                0                  
9      18         3          3             2           1             1                0                  
10     20         4          4             4           3             3                1                  
11     22         1          1             1           1             1                0                  
12     25         1          1             1           1             1                0                  
13     24         1          1             1           1             1                1                  
14     27         0          0             0           0             0                0                  
15     27         1          1             1           0             0                0                  
16     40         4          4             3           2             1                1                  
17     21         0          0             0           0             0                0                  
18     33         5          5             5           5             4                0                  
19     25         1          1             1           0             0                0                  
20     26         2          2             2           1             1                0                  
21     27         0          0             0           0             0                0                  
22     22         0          0             0           0             0                0                  
23     28         1          1             1           0             0                0                  
24     36         2          2             2           1             1                0                  
25     19         1          1             1           1             1                1                  
26     25         1          1             1           0             0                0                  
27     25         1          1             1           1             1                0                  
28     26         1          1             1           0             0                0                  
29     22         2          2             2           0             0                0                  
30     25         2          2             2           1             1                1                  
31     30         0          0             0           0             0                0                  
32     30         2          2             2           1             0                0                  
33     27         2          2             2           2             2                1                  
34     39         3          3             3           1             1                1                  
35     30         2          2             2           0             0                0                  
36     23         1          1             1           0             0                0                  
37     37         3          3             3           3             3                2                  
38     35         2          2             2           2             2                0                  
39     33         1          1             1           1             1                1                  
40     29         2          2             2           0             0                0                  
41     16         0          0             0           0             0                0                  
42     28         1          1             1           0             0                0                  
43     34         1          1             1           1             1                1                  
44     27         2          2             2           1             1                1                  
45     30         3          3             3           2             2                1                  
46     22         1          1             1           1             1                1                  
47     25         3          3             3           2             2                0                  
48     29         5          5             5           3             3                1                  
49     32         3          3             3           1             1                1                  
50     30         1          1             1           1             1                1                  
51     29         1          1             1           0             0                0                  
52     14         1          1             1           0             0                0                  
53     28         5          5             5           3             3                2                  
54     31         3          3             3           2             1                0                  
55     35         7          7             6           4             3                0                  
56     22         1          1             1           0             0                0                  
57     22         0          0             0           0             0                0                  
58     31         4          4             4           3             3                0                  
59     36         2          2             2           1             1                0                  
60     23         1          1             1           0             0                0                  
61     23         2          2             2           2             2                0                  
62     23         0          0             0           0             0                0                  
63     36         10         10            8           5             4                1                  
64     33         3          3             3           2             1                0                  
65     30         1          1             1           0             0                0                  
66     27         6          6             6           2             1                0                  
67     27         0          0             0           0             0                0                  
68     33         3          3             3           0             0                0                  
69     26         2          2             2           2             1                0                  
70     28         1          1             1           1             0                0                  
71     19         1          1             1           1             1                1                  
72     36         3          3             3           2             2                0                  
73     26         0          0             0           0             0                0                  
74     31         3          3             3           2             1                0                  
75     31         6          6             5           3             3                0                  
76     28         5          5             5           4             4                0                  
77     34         2          2             2           0             0                0                  
78     26         2          2             2           2             2                0                  
79     24         5          5             5           2             1                0                  
80     31         3          3             3           0             0                0                  
----------------------------------------------------------------------------------
SUM    2236       164        164           158         87            75               23                 
----------------------------------------------------------------------------------

 Total Ripple Number: 

 Detection parameters:
     maximum_peak:    4
     maxRippleLength: 100
     detection_peaks: peaks
     num_peaks:       3
