Trial  Det1_2SD   Det2_4SD   Det3_MaxLen   Det4_Join   Det5_Cycles   68               101                
t6_Artif_Rej Det7_Spctr_Peak 1      20         7          7             5           4             4                0                  
2      14         2          2             2           1             1                0                  
3      18         8          8             7           3             3                0                  
4      25         8          8             6           5             5                0                  
5      20         8          8             7           4             3                0                  
6      21         12         12            8           7             7                1                  
7      17         6          6             5           2             2                0                  
8      28         14         14            12          10            10               1                  
9      27         7          7             7           2             2                0                  
10     28         13         13            13          7             7                0                  
11     30         9          9             9           8             8                0                  
12     18         7          7             7           1             1                0                  
13     30         14         14            13          6             6                0                  
14     23         12         12            11          9             9                0                  
15     18         12         12            9           8             8                0                  
16     11         4          4             4           1             1                0                  
17     25         16         16            15          10            10               1                  
18     25         10         10            10          6             6                3                  
19     34         10         10            9           7             7                1                  
20     32         14         14            14          9             9                1                  
21     10         0          0             0           0             0                0                  
22     10         4          4             4           1             1                0                  
23     16         5          5             5           3             3                2                  
24     30         8          8             7           2             2                0                  
25     21         12         12            10          6             6                0                  
26     21         9          9             8           6             6                0                  
27     22         8          8             7           7             7                1                  
28     21         5          5             5           4             4                0                  
29     18         3          3             3           0             0                0                  
30     28         13         13            11          7             6                1                  
31     14         4          4             4           2             2                0                  
32     14         7          7             7           4             4                0                  
33     26         5          5             5           5             5                0                  
34     21         2          2             2           1             1                0                  
35     17         7          7             7           5             5                1                  
36     35         14         14            14          8             7                1                  
37     20         10         10            10          4             3                1                  
38     32         18         18            18          8             8                1                  
39     32         16         16            16          7             7                1                  
40     16         4          4             4           2             2                0                  
41     15         2          2             2           1             1                0                  
42     18         5          5             5           3             3                1                  
43     31         12         12            11          6             6                0                  
44     22         7          7             7           4             4                1                  
45     14         7          7             6           4             4                1                  
46     19         6          6             6           4             4                0                  
47     16         5          5             5           4             4                0                  
48     24         7          7             6           5             5                1                  
49     37         15         15            14          7             7                0                  
50     38         21         21            17          17            17               3                  
51     29         11         11            10          9             8                2                  
52     24         5          5             5           3             3                0                  
53     26         8          8             7           6             6                1                  
54     23         10         10            9           7             7                0                  
55     22         5          5             5           3             3                0                  
56     28         8          8             8           2             2                0                  
57     9          4          4             3           3             3                0                  
58     16         5          5             5           4             4                0                  
59     20         6          6             6           6             6                0                  
60     24         9          9             9           8             7                1                  
61     41         14         14            13          3             3                0                  
62     18         3          3             3           2             2                0                  
63     21         9          9             6           4             4                0                  
64     20         12         12            9           5             5                0                  
65     27         13         13            13          10            9                0                  
66     16         1          1             1           1             1                0                  
67     19         6          6             6           4             4                1                  
68     29         12         12            11          8             8                1                  
69     8          3          3             3           0             0                0                  
70     21         9          9             8           3             3                1                  
71     44         22         22            20          14            13               0                  
72     24         9          9             9           6             5                0                  
73     13         3          3             3           3             3                0                  
74     24         5          5             5           3             3                0                  
75     33         13         13            10          6             6                0                  
76     22         5          5             4           3             3                0                  
77     26         10         10            10          6             6                1                  
78     36         16         16            15          9             9                1                  
79     25         10         10            10          7             7                0                  
80     23         2          2             2           2             2                0                  
----------------------------------------------------------------------------------
SUM    1833       682        682           627         397           388              33                 
----------------------------------------------------------------------------------

 Total Ripple Number: !

 Detection parameters:
     maximum_peak:    3
     maxRippleLength: 100
     detection_peaks: thrsh
     num_peaks:       3
