Trial  Det1_2SD   Det2_4SD   Det3_MaxLen   Det4_Join   Det5_Cycles   68               101                
t6_Artif_Rej Det7_Spctr_Peak 1      27         12         12            10          6             6                1                  
2      17         7          7             7           1             1                0                  
3      20         5          5             5           3             3                0                  
4      26         8          8             7           3             3                2                  
5      18         5          5             4           2             2                0                  
6      24         7          7             6           2             2                0                  
7      17         5          5             4           2             2                0                  
8      41         9          9             9           6             6                0                  
9      24         4          4             4           3             3                0                  
10     29         5          5             5           3             3                1                  
11     31         5          5             5           2             2                1                  
12     23         4          4             4           0             0                0                  
13     34         13         13            12          6             6                0                  
14     26         11         11            11          10            9                0                  
15     29         12         12            12          10            9                2                  
16     23         4          4             4           0             0                0                  
17     30         6          6             6           2             2                0                  
18     26         7          7             7           2             2                0                  
19     35         9          9             9           5             5                1                  
20     22         10         10            9           6             6                0                  
21     11         3          3             3           2             2                1                  
22     20         1          1             1           0             0                0                  
23     25         2          2             2           0             0                0                  
24     21         8          8             8           4             4                0                  
25     31         10         10            9           4             4                0                  
26     24         11         11            10          6             6                0                  
27     18         3          3             3           1             1                0                  
28     21         4          4             4           1             1                0                  
29     11         2          2             2           0             0                0                  
30     31         14         14            13          6             5                1                  
31     21         4          4             4           0             0                0                  
32     25         7          7             7           2             2                0                  
33     34         10         10            9           8             8                1                  
34     19         3          3             3           2             2                1                  
35     19         3          3             3           3             3                0                  
36     27         7          7             6           4             4                1                  
37     19         6          6             6           3             3                0                  
38     31         8          8             8           5             5                0                  
39     25         13         13            12          10            9                1                  
40     25         2          2             2           0             0                0                  
41     14         2          2             2           2             2                0                  
42     18         3          3             3           1             1                1                  
43     27         4          4             4           2             2                0                  
44     18         5          5             5           1             1                0                  
45     16         4          4             4           2             2                1                  
46     28         7          7             7           5             5                1                  
47     21         2          2             2           1             1                0                  
48     25         5          5             5           3             3                1                  
49     29         5          5             4           3             3                1                  
50     37         18         18            15          9             9                0                  
51     26         7          7             6           3             3                0                  
52     33         8          8             8           2             2                1                  
53     37         11         11            11          1             1                0                  
54     26         10         10            9           5             5                0                  
55     32         7          7             7           5             5                0                  
56     24         5          5             5           1             1                0                  
57     21         2          2             2           0             0                0                  
58     21         3          3             3           1             1                0                  
59     28         10         10            10          3             3                0                  
60     27         7          7             7           3             2                0                  
61     37         9          9             9           1             1                0                  
62     26         6          6             6           1             1                0                  
63     21         5          5             3           3             3                0                  
64     28         13         13            13          8             7                4                  
65     20         6          6             6           4             4                0                  
66     14         4          4             4           3             3                1                  
67     31         9          9             8           3             3                0                  
68     31         11         11            10          4             4                0                  
69     22         4          4             4           0             0                0                  
70     23         4          4             4           2             2                1                  
71     41         20         20            20          8             8                0                  
72     38         10         10            10          2             2                1                  
73     25         6          6             6           3             3                1                  
74     25         6          6             6           3             3                0                  
75     21         7          7             7           2             2                1                  
76     22         4          4             4           3             3                0                  
77     36         10         10            10          7             7                3                  
78     40         15         15            13          6             6                0                  
79     26         9          9             8           5             5                0                  
80     30         7          7             7           3             3                1                  
----------------------------------------------------------------------------------
SUM    2045       559        559           532         259           253              33                 
----------------------------------------------------------------------------------

 Total Ripple Number: !

 Detection parameters:
     maximum_peak:    3
     maxRippleLength: 100
     detection_peaks: thrsh
     num_peaks:       3
