Trial  Det1_2SD   Det2_4SD   Det3_MaxLen   Det4_Join   Det5_Cycles   68               101                
t6_Artif_Rej Det7_Spctr_Peak 1      18         8          8             8           3             3                1                  
2      16         4          4             4           4             4                0                  
3      20         4          4             4           2             2                0                  
4      19         2          2             2           1             1                0                  
5      16         8          7             7           4             4                0                  
6      12         3          3             3           2             2                0                  
7      23         9          9             9           6             6                0                  
8      21         9          9             9           5             5                0                  
9      18         3          3             3           1             1                0                  
10     31         7          7             7           0             0                0                  
11     20         6          6             5           4             4                1                  
12     21         5          5             4           3             3                1                  
13     38         17         17            16          12            11               1                  
14     17         5          5             5           4             4                2                  
15     36         15         15            11          11            10               4                  
16     14         3          3             3           0             0                0                  
17     18         9          9             9           6             6                0                  
18     10         3          3             3           1             1                0                  
19     13         4          4             4           2             2                0                  
20     22         12         12            11          7             6                2                  
21     16         9          9             8           5             4                0                  
22     21         8          8             7           5             5                0                  
23     23         8          8             8           5             5                1                  
24     46         13         13            12          6             6                1                  
25     29         7          7             6           4             4                0                  
26     24         6          6             6           6             6                0                  
27     29         12         12            10          8             8                1                  
28     26         5          5             5           3             3                0                  
29     21         3          3             3           2             2                1                  
30     26         9          9             8           6             6                1                  
31     14         4          4             4           3             2                0                  
32     21         10         10            6           5             5                1                  
33     32         18         18            15          7             6                1                  
34     23         8          8             6           3             3                0                  
35     25         7          7             6           4             4                2                  
36     33         18         18            13          7             6                0                  
37     21         3          3             3           1             1                0                  
38     26         13         13            11          9             8                4                  
39     24         9          9             8           8             7                3                  
40     26         6          6             6           3             3                0                  
41     16         8          8             7           5             5                2                  
42     23         4          4             4           2             2                0                  
43     28         9          9             9           6             6                0                  
44     19         7          7             7           2             2                0                  
45     9          3          3             3           3             3                1                  
46     26         8          8             7           3             3                1                  
47     29         8          8             8           4             4                1                  
48     29         9          9             9           6             6                0                  
49     17         5          5             5           3             3                0                  
50     31         5          5             5           1             1                0                  
51     32         16         16            13          10            10               1                  
52     27         8          8             7           6             5                3                  
53     25         8          8             7           6             5                3                  
54     28         13         13            11          6             5                1                  
55     19         6          6             4           2             2                0                  
56     30         5          5             5           2             2                1                  
57     5          0          0             0           0             0                0                  
58     18         5          5             5           2             2                0                  
59     18         4          4             4           2             2                1                  
60     32         14         14            14          9             8                1                  
61     35         10         10            10          6             6                1                  
62     22         5          5             5           2             2                0                  
63     20         9          9             9           7             7                1                  
64     20         9          9             8           6             6                2                  
65     21         12         12            12          9             8                0                  
66     14         4          4             3           3             2                2                  
67     18         7          7             6           4             4                0                  
68     42         23         23            20          14            13               2                  
69     18         8          8             6           3             2                0                  
70     26         7          7             6           2             2                0                  
71     27         8          8             8           5             4                0                  
72     23         9          9             7           5             5                0                  
73     18         7          7             6           2             2                0                  
74     12         6          6             6           5             4                1                  
75     30         12         12            12          7             7                1                  
76     28         10         10            9           7             6                2                  
77     19         5          5             5           3             3                0                  
78     30         11         11            11          6             6                2                  
79     23         4          4             4           1             1                0                  
80     34         11         11            11          3             3                1                  
----------------------------------------------------------------------------------
SUM    1850       634        633           576         358           338              59                 
----------------------------------------------------------------------------------

 Total Ripple Number: ;

 Detection parameters:
     maximum_peak:    3
     maxRippleLength: 100
     detection_peaks: thrsh
     num_peaks:       3
