Trial  Det1_2SD   Det2_4SD   Det3_MaxLen   Det4_Join   Det5_Cycles   68               101                
t6_Artif_Rej Det7_Spctr_Peak 1      10         5          5             4           4             4                0                  
2      3          2          2             2           1             1                0                  
3      1          0          0             0           0             0                0                  
4      3          1          1             1           1             1                0                  
5      3          1          1             1           1             1                0                  
6      2          0          0             0           0             0                0                  
7      3          1          1             1           1             1                0                  
8      2          1          1             1           0             0                0                  
9      9          3          3             3           2             2                0                  
10     5          4          4             3           1             1                0                  
11     12         7          7             6           5             5                0                  
12     15         8          8             6           5             5                1                  
13     35         23         23            14          10            10               1                  
14     7          4          4             4           4             4                0                  
15     16         11         11            9           7             6                2                  
16     3          2          2             2           1             1                0                  
17     18         11         11            11          8             8                1                  
18     9          5          5             5           4             4                0                  
19     13         9          9             9           7             7                1                  
20     20         13         13            12          7             6                1                  
21     6          4          4             3           3             3                0                  
22     17         10         10            8           8             7                0                  
23     5          3          3             3           3             2                0                  
24     17         10         10            9           8             8                2                  
25     12         6          6             6           5             5                0                  
26     2          0          0             0           0             0                0                  
27     2          1          1             1           0             0                0                  
28     11         5          5             5           3             3                0                  
29     1          0          0             0           0             0                0                  
30     8          3          3             3           2             2                0                  
31     10         7          7             7           6             6                1                  
32     21         15         15            11          8             8                0                  
33     12         7          7             4           4             4                0                  
34     17         8          8             6           6             5                1                  
35     7          4          4             4           3             2                1                  
36     36         17         17            13          11            10               0                  
37     14         9          9             8           4             3                0                  
38     24         19         19            14          10            10               1                  
39     18         15         15            14          8             7                3                  
40     7          3          3             3           2             2                0                  
41     4          1          1             1           1             1                0                  
42     5          1          1             1           1             1                0                  
43     7          1          1             1           1             1                0                  
44     13         5          5             5           5             5                0                  
45     11         5          5             5           4             4                0                  
46     9          4          4             3           3             3                0                  
47     10         8          8             7           5             5                1                  
48     11         7          7             7           5             5                0                  
49     4          4          4             3           2             2                0                  
50     7          4          4             3           3             3                1                  
51     14         7          7             5           4             4                0                  
52     6          4          4             3           3             3                1                  
53     5          5          5             4           2             2                1                  
54     13         8          8             7           7             7                1                  
55     10         4          4             4           2             2                0                  
56     3          1          1             1           1             1                0                  
57     1          1          1             1           1             1                0                  
58     5          3          3             3           2             2                0                  
59     14         10         10            8           6             6                0                  
60     26         18         18            15          8             8                0                  
61     14         8          8             7           7             6                0                  
62     8          1          1             1           1             1                0                  
63     21         14         14            9           7             6                2                  
64     10         8          8             8           6             5                1                  
65     24         17         17            16          10            9                0                  
66     6          4          4             3           3             2                0                  
67     9          5          5             5           3             3                1                  
68     28         20         19            15          13            12               3                  
69     17         10         9             8           6             5                0                  
70     19         12         12            10          4             4                0                  
71     14         10         10            9           8             7                1                  
72     7          5          5             5           4             4                1                  
73     8          5          4             4           4             4                1                  
74     5          4          4             4           3             3                1                  
75     15         10         10            7           6             5                0                  
76     8          7          7             6           5             5                1                  
77     8          6          6             5           3             3                0                  
78     5          2          2             2           2             2                0                  
79     25         11         11            10          8             8                0                  
80     24         15         15            13          8             8                0                  
----------------------------------------------------------------------------------
SUM    889        532        529           450         340           322              33                 
----------------------------------------------------------------------------------

 Total Ripple Number: !

 Detection parameters:
     maximum_peak:    3
     maxRippleLength: 100
     detection_peaks: thrsh
     num_peaks:       3
