Trial  Det1_2SD   Det2_4SD   Det3_MaxLen   Det4_Join   Det5_Cycles   68               101                
t6_Artif_Rej Det7_Spctr_Peak 1      13         5          5             5           3             3                0                  
2      13         3          3             3           1             1                0                  
3      9          3          3             3           0             0                0                  
4      15         1          1             1           1             1                0                  
5      13         3          3             3           1             1                0                  
6      18         3          3             2           1             1                0                  
7      11         4          4             4           2             2                1                  
8      22         3          3             3           0             0                0                  
9      19         3          3             3           2             2                0                  
10     11         4          4             4           2             2                0                  
11     23         3          3             3           0             0                0                  
12     21         4          4             4           3             3                1                  
13     48         19         19            13          10            10               2                  
14     14         3          3             3           0             0                0                  
15     29         14         14            12          8             7                1                  
16     16         2          2             2           1             1                1                  
17     26         11         11            10          8             7                1                  
18     19         4          4             4           2             1                0                  
19     23         9          9             9           5             5                1                  
20     24         8          8             8           8             7                1                  
21     13         4          4             4           3             3                0                  
22     23         11         11            10          8             7                0                  
23     11         2          2             2           1             1                0                  
24     25         13         13            11          7             7                1                  
25     19         6          6             5           4             4                0                  
26     27         1          1             1           0             0                0                  
27     19         3          3             3           2             2                0                  
28     14         1          1             1           0             0                0                  
29     10         1          1             1           1             1                1                  
30     11         0          0             0           0             0                0                  
31     19         5          5             5           4             4                1                  
32     25         11         11            7           6             6                1                  
33     23         14         14            10          5             5                1                  
34     27         10         10            9           6             6                1                  
35     19         2          2             2           0             0                0                  
36     38         17         17            14          9             8                2                  
37     16         7          7             7           2             2                0                  
38     25         19         19            14          13            13               2                  
39     33         18         18            14          11            10               2                  
40     19         3          3             3           0             0                0                  
41     15         3          3             3           1             1                0                  
42     16         2          2             2           1             1                0                  
43     23         6          6             6           1             1                0                  
44     19         10         10            8           6             6                0                  
45     17         7          7             7           7             7                0                  
46     15         3          3             2           2             2                0                  
47     18         7          7             7           4             4                1                  
48     20         6          6             6           5             5                1                  
49     19         6          6             6           2             2                0                  
50     21         5          5             5           4             4                0                  
51     25         10         10            9           4             4                1                  
52     29         9          9             9           3             3                1                  
53     20         9          9             9           4             4                1                  
54     25         12         12            11          5             5                1                  
55     18         5          5             5           3             3                0                  
56     16         2          2             2           0             0                0                  
57     9          4          4             4           0             0                0                  
58     12         3          3             3           1             1                0                  
59     24         7          7             7           4             4                0                  
60     31         13         13            10          6             5                0                  
61     28         7          7             6           3             2                0                  
62     19         3          3             3           1             1                0                  
63     32         14         14            10          8             7                1                  
64     21         6          6             6           4             3                1                  
65     29         13         13            11          6             5                1                  
66     12         4          4             4           3             2                0                  
67     17         3          3             3           2             2                1                  
68     36         20         20            17          14            13               1                  
69     23         9          9             8           7             6                0                  
70     21         8          8             8           4             3                0                  
71     24         9          9             9           5             5                1                  
72     18         7          7             6           4             4                0                  
73     21         7          7             6           2             2                1                  
74     14         3          3             3           2             2                0                  
75     20         8          8             7           6             5                0                  
76     25         6          6             6           6             6                0                  
77     26         4          4             4           3             3                1                  
78     17         3          3             3           0             0                0                  
79     32         12         12            12          5             5                0                  
80     30         8          8             8           4             4                0                  
----------------------------------------------------------------------------------
SUM    1660       540        540           483         292           275              35                 
----------------------------------------------------------------------------------

 Total Ripple Number: #

 Detection parameters:
     maximum_peak:    3
     maxRippleLength: 100
     detection_peaks: thrsh
     num_peaks:       3
