Trial  Det1_2SD   Det2_4SD   Det3_MaxLen   Det4_Join   Det5_Cycles   Det6_Artif_Rej  
1      33         10         10            10          7             7               
2      21         9          9             9           5             5               
3      19         6          6             6           3             3               
4      18         8          8             7           4             4               
5      27         15         15            15          7             7               
6      18         9          9             9           4             3               
7      22         8          8             8           7             7               
8      25         11         11            11          7             7               
9      21         8          8             8           5             5               
10     15         6          6             6           1             1               
11     16         5          5             5           2             2               
12     12         4          4             4           2             2               
13     17         7          7             6           4             4               
14     30         11         11            11          5             5               
15     19         5          5             4           3             3               
16     10         5          5             4           4             4               
17     18         7          7             7           3             3               
18     18         5          5             5           2             2               
19     25         7          7             7           5             5               
20     21         7          7             7           4             4               
21     24         7          7             7           6             5               
22     22         9          9             8           4             4               
23     31         17         17            15          12            12              
24     24         12         12            11          9             8               
25     16         5          5             5           5             5               
26     18         9          9             9           7             7               
27     13         5          5             5           1             1               
28     29         13         13            13          7             6               
29     32         11         11            11          5             5               
30     25         5          5             5           3             3               
31     12         1          1             1           0             0               
32     14         3          3             3           1             1               
33     19         7          7             7           3             3               
34     26         15         15            14          8             8               
35     29         15         15            14          6             6               
36     36         16         16            16          9             9               
37     28         11         11            10          5             5               
38     19         5          5             4           2             2               
39     26         10         10            9           6             6               
40     25         9          9             8           3             3               
41     19         7          7             7           3             3               
42     46         19         19            19          6             6               
43     28         12         12            11          5             5               
44     22         7          7             7           3             3               
45     25         9          9             9           5             5               
46     19         2          2             2           1             1               
47     14         0          0             0           0             0               
48     24         6          6             6           3             3               
49     21         9          9             9           5             5               
50     26         12         12            12          5             5               
51     23         9          9             9           2             2               
52     19         8          8             8           2             1               
53     20         7          7             7           3             3               
54     15         4          4             4           3             3               
55     34         13         13            13          8             8               
56     31         13         13            13          7             7               
57     23         9          9             9           4             4               
58     31         13         13            13          5             5               
59     32         14         14            13          5             5               
60     29         9          9             9           3             3               
61     33         11         11            11          5             5               
62     33         12         12            12          7             6               
63     25         10         10            10          4             4               
64     31         17         17            17          7             6               
65     20         10         10            10          6             6               
66     15         5          5             5           2             2               
67     36         15         15            14          4             4               
68     36         20         20            19          6             6               
69     25         10         10            10          5             5               
70     30         15         15            15          7             7               
71     32         9          9             9           5             4               
72     32         10         10            10          2             2               
73     18         3          3             3           0             0               
74     23         7          7             6           6             6               
75     31         11         11            9           8             8               
76     43         19         19            18          10            10              
77     23         9          9             9           5             5               
78     13         8          8             8           4             4               
79     18         5          5             5           3             3               
80     34         16         16            14          8             7               
----------------------------------------------------------------------------------
SUM    1925       742        742           718         368           359             
----------------------------------------------------------------------------------

 Total Ripple Number: ŧ

 Detection parameters:
     maximum_peak:    3
     maxRippleLength: 100
     detection_peaks: thrsh
     num_peaks:       3
