Trial  Det1_2SD   Det2_4SD   Det3_MaxLen   Det4_Join   Det5_Cycles   Det6_Artif_Rej  
1      24         4          4             4           0             0               
2      16         6          6             5           3             3               
3      14         2          2             2           1             1               
4      20         8          8             8           4             4               
5      42         15         15            15          8             8               
6      11         1          1             1           0             0               
7      20         4          4             3           1             1               
8      21         6          6             5           3             3               
9      25         11         11            10          7             7               
10     25         5          5             5           3             3               
11     25         8          8             8           6             6               
12     18         6          6             6           3             3               
13     30         9          9             7           1             1               
14     26         6          6             6           1             1               
15     17         3          3             3           1             1               
16     11         4          4             4           3             3               
17     23         10         10            10          6             6               
18     19         5          5             5           4             4               
19     17         3          3             3           2             2               
20     19         6          6             6           2             2               
21     18         3          3             3           0             0               
22     22         9          9             7           3             3               
23     23         9          9             8           3             2               
24     21         6          6             6           3             2               
25     19         5          5             5           3             2               
26     15         4          4             4           3             3               
27     16         3          3             3           0             0               
28     28         13         13            13          7             6               
29     25         10         10            10          6             6               
30     33         8          8             8           2             2               
31     14         4          4             3           2             2               
32     24         10         10            9           4             4               
33     20         9          9             9           5             5               
34     17         13         13            12          7             7               
35     20         6          6             6           4             4               
36     17         5          5             5           2             2               
37     17         3          3             3           3             3               
38     14         5          5             4           2             2               
39     23         9          9             9           6             6               
40     21         8          8             8           4             4               
41     20         8          8             8           4             4               
42     12         5          5             5           2             2               
43     18         3          3             3           2             2               
44     18         2          2             2           2             2               
45     16         6          6             6           4             4               
46     19         6          6             6           4             4               
47     14         1          1             1           0             0               
48     26         8          8             8           3             3               
49     26         10         10            10          5             4               
50     18         4          4             4           4             4               
51     30         6          6             6           3             3               
52     24         7          7             7           2             2               
53     26         4          4             4           2             2               
54     30         4          4             4           3             3               
55     23         3          3             3           3             3               
56     21         5          5             5           4             4               
57     20         5          5             5           4             4               
58     18         9          9             9           6             6               
59     22         7          7             7           2             2               
60     23         7          7             7           3             3               
61     23         6          6             6           4             4               
62     21         3          3             3           0             0               
63     23         11         11            11          4             4               
64     23         9          9             8           4             4               
65     23         3          3             2           2             2               
66     24         2          2             2           2             2               
67     15         4          4             4           4             4               
68     14         3          3             3           3             3               
69     14         2          2             2           0             0               
70     26         10         10            9           4             4               
71     27         7          7             7           5             4               
72     22         6          6             5           5             5               
73     18         6          6             6           3             3               
74     17         5          5             5           2             2               
75     21         6          6             6           1             1               
76     13         3          3             3           1             1               
77     19         3          3             3           2             2               
78     26         5          5             5           2             2               
79     27         10         10            10          4             4               
80     21         8          8             7           5             5               
----------------------------------------------------------------------------------
SUM    1671       486        486           468         247           241             
----------------------------------------------------------------------------------

 Total Ripple Number: ñ

 Detection parameters:
     maximum_peak:    3
     maxRippleLength: 100
     detection_peaks: thrsh
     num_peaks:       3
