Trial  Det1_2SD   Det2_4SD   Det3_MaxLen   Det4_Join   Det5_Cycles   Det6_Artif_Rej  
1      16         1          1             1           0             0               
2      17         3          3             3           1             1               
3      17         3          3             3           1             1               
4      18         6          6             6           2             2               
5      27         7          7             7           2             2               
6      11         1          1             1           1             1               
7      17         4          4             4           2             2               
8      24         7          7             7           2             2               
9      29         10         10            9           3             3               
10     23         7          7             7           2             2               
11     33         14         14            14          10            10              
12     22         8          8             8           6             6               
13     25         11         11            10          4             3               
14     30         5          5             5           2             1               
15     20         1          1             1           0             0               
16     21         7          7             7           2             2               
17     23         9          9             9           3             3               
18     26         8          8             8           4             4               
19     16         3          3             3           2             2               
20     21         4          4             4           0             0               
21     27         5          5             5           1             1               
22     27         8          8             4           4             4               
23     26         9          9             5           3             3               
24     21         5          5             5           1             1               
25     20         5          5             5           0             0               
26     16         4          4             4           1             1               
27     20         6          6             6           2             2               
28     17         7          7             7           3             2               
29     18         8          8             8           6             6               
30     29         11         11            11          3             3               
31     25         6          6             6           1             1               
32     23         8          8             8           6             6               
33     25         5          5             5           3             3               
34     25         6          6             6           3             3               
35     23         3          3             3           2             2               
36     30         2          2             2           1             1               
37     26         2          2             2           1             1               
38     12         0          0             0           0             0               
39     17         4          4             4           3             3               
40     19         3          3             3           2             2               
41     26         8          8             7           4             4               
42     13         4          4             4           2             2               
43     20         5          5             5           2             2               
44     18         2          2             2           1             1               
45     17         4          4             4           3             3               
46     13         2          2             2           2             2               
47     17         3          3             3           1             1               
48     24         6          6             6           2             2               
49     25         7          7             6           4             4               
50     21         2          2             2           2             2               
51     25         8          8             8           6             6               
52     17         4          4             4           2             2               
53     28         9          9             9           3             3               
54     23         4          4             4           2             2               
55     27         7          7             6           4             4               
56     15         6          6             6           2             2               
57     17         3          3             3           3             3               
58     27         8          8             8           5             5               
59     19         1          1             1           0             0               
60     19         5          5             5           4             4               
61     23         7          7             6           3             3               
62     27         9          9             9           2             2               
63     27         11         11            11          4             4               
64     29         10         10            10          5             5               
65     24         3          3             3           0             0               
66     21         2          2             2           0             0               
67     19         7          7             6           3             3               
68     13         3          3             2           1             1               
69     13         2          2             2           1             1               
70     28         9          9             8           5             5               
71     38         15         15            14          7             6               
72     25         7          7             7           3             3               
73     20         3          3             3           1             1               
74     30         7          7             7           1             1               
75     18         2          2             2           1             1               
76     15         3          3             3           1             1               
77     20         5          5             5           3             3               
78     18         1          1             1           1             1               
79     31         6          6             6           5             5               
80     24         10         10            10          7             7               
----------------------------------------------------------------------------------
SUM    1756       446        446           428         203           199             
----------------------------------------------------------------------------------

 Total Ripple Number: Ç

 Detection parameters:
     maximum_peak:    3
     maxRippleLength: 100
     detection_peaks: thrsh
     num_peaks:       3
