Trial  Det1_2SD   Det2_4SD   Det3_MaxLen   Det4_Join   Det5_Cycles   Det6_Artif_Rej  
1      34         6          6             6           1             1               
2      27         2          2             2           0             0               
3      20         2          2             2           2             2               
4      19         4          4             4           3             3               
5      40         12         12            12          5             5               
6      15         4          4             4           1             1               
7      23         8          8             8           2             2               
8      28         5          5             5           1             1               
9      28         6          6             6           2             2               
10     22         4          4             4           1             1               
11     27         12         12            12          7             7               
12     21         8          8             8           1             1               
13     31         8          8             7           5             5               
14     28         7          7             7           3             3               
15     11         2          2             2           0             0               
16     23         8          8             8           5             5               
17     31         5          5             5           0             0               
18     38         8          8             8           0             0               
19     28         7          7             7           4             4               
20     17         6          6             6           2             2               
21     21         8          8             8           3             3               
22     27         10         10            10          4             3               
23     23         5          5             5           2             1               
24     15         2          2             2           1             1               
25     23         3          3             3           2             2               
26     26         5          5             5           3             3               
27     20         4          4             4           2             2               
28     29         12         12            11          3             3               
29     32         7          7             7           3             3               
30     38         16         16            16          5             5               
31     33         10         10            10          3             3               
32     31         5          5             5           2             2               
33     32         10         10            10          1             1               
34     25         6          6             6           2             2               
35     14         2          2             2           0             0               
36     26         5          5             5           0             0               
37     24         4          4             4           0             0               
38     15         3          3             3           1             1               
39     32         8          8             8           4             4               
40     23         7          7             7           4             4               
41     32         7          7             6           2             2               
42     23         5          5             5           3             3               
43     29         6          6             6           2             2               
44     22         2          2             2           1             1               
45     27         2          2             2           1             1               
46     29         9          9             9           3             3               
47     26         7          7             7           0             0               
48     23         8          8             8           5             5               
49     30         9          9             9           5             5               
50     22         4          4             4           0             0               
51     44         12         12            12          4             4               
52     28         6          6             6           3             3               
53     27         8          8             7           4             4               
54     31         4          4             4           2             2               
55     35         10         10            10          4             4               
56     24         6          6             6           1             1               
57     30         3          3             3           2             2               
58     45         9          9             9           5             5               
59     24         6          6             6           1             1               
60     20         3          3             3           2             2               
61     33         5          5             5           0             0               
62     39         12         12            12          2             2               
63     28         10         10            9           3             3               
64     29         14         14            13          6             5               
65     28         9          9             9           4             4               
66     22         6          6             6           0             0               
67     27         2          2             2           1             1               
68     19         2          2             2           1             1               
69     22         3          3             3           1             1               
70     37         18         18            16          7             7               
71     45         21         21            21          9             8               
72     20         8          8             8           5             5               
73     24         4          4             4           1             1               
74     26         5          5             5           1             1               
75     26         9          9             9           1             1               
76     22         6          6             6           0             0               
77     33         7          7             7           1             1               
78     41         14         14            13          3             3               
79     46         13         13            13          5             5               
80     40         11         11            11          5             4               
----------------------------------------------------------------------------------
SUM    2198       561        561           552         196           191             
----------------------------------------------------------------------------------

 Total Ripple Number: ¿

 Detection parameters:
     maximum_peak:    3
     maxRippleLength: 100
     detection_peaks: thrsh
     num_peaks:       3
