Trial  Det1_2SD   Det2_4SD   Det3_MaxLen   Det4_Join   Det5_Cycles   Det6_Artif_Rej  
1      24         4          4             4           1             1               
2      38         8          8             8           2             2               
3      27         6          6             6           2             2               
4      34         11         11            10          5             5               
5      34         8          8             7           5             5               
6      24         3          3             3           0             0               
7      21         5          5             5           0             0               
8      30         4          4             4           1             1               
9      23         5          5             5           3             3               
10     29         4          4             4           2             2               
11     35         10         10            9           3             3               
12     28         7          7             5           3             3               
13     24         9          9             7           4             4               
14     23         7          7             7           3             3               
15     13         3          3             3           2             2               
16     24         7          7             7           4             4               
17     23         2          2             2           1             1               
18     19         5          5             5           0             0               
19     23         7          7             7           2             2               
20     22         8          8             8           6             6               
21     21         7          7             7           5             5               
22     29         12         12            11          9             8               
23     22         8          8             8           5             4               
24     24         7          7             7           2             2               
25     30         8          8             8           5             5               
26     35         11         11            11          5             5               
27     24         4          4             4           3             3               
28     27         1          1             1           1             1               
29     35         7          7             7           5             5               
30     37         7          7             7           3             3               
31     30         6          6             5           3             3               
32     30         8          8             7           3             2               
33     30         10         10            10          4             4               
34     30         10         10            9           5             5               
35     25         5          5             5           3             3               
36     32         3          3             3           1             1               
37     41         5          5             5           3             3               
38     22         1          1             1           0             0               
39     23         4          4             3           3             3               
40     31         5          5             5           1             1               
41     31         8          8             8           2             2               
42     28         3          3             3           1             1               
43     29         5          5             5           2             2               
44     21         4          4             4           1             1               
45     26         7          7             7           0             0               
46     31         11         11            11          2             2               
47     20         5          5             5           2             2               
48     26         8          8             7           6             6               
49     37         7          7             7           5             5               
50     29         5          5             5           2             2               
51     31         6          6             6           1             1               
52     32         7          7             7           2             2               
53     35         8          8             8           1             1               
54     27         5          5             5           2             2               
55     30         8          8             8           3             3               
56     29         7          7             7           1             1               
57     24         9          9             7           3             3               
58     24         8          8             7           3             3               
59     17         3          3             3           1             1               
60     26         8          8             8           3             3               
61     29         9          9             9           3             3               
62     36         8          8             8           2             2               
63     27         10         10            10          4             4               
64     37         9          9             9           3             3               
65     32         8          8             8           3             3               
66     24         5          5             5           2             2               
67     23         5          5             5           4             4               
68     24         5          5             5           4             4               
69     26         8          8             8           3             3               
70     34         11         11            11          2             2               
71     39         12         12            11          4             3               
72     26         5          5             5           0             0               
73     26         5          5             5           3             3               
74     34         4          4             4           3             3               
75     23         2          2             2           2             2               
76     21         3          3             3           1             1               
77     16         2          2             2           1             1               
78     24         4          4             4           1             1               
79     41         9          9             8           4             4               
80     29         10         10            8           4             4               
----------------------------------------------------------------------------------
SUM    2220       518        518           498         214           210             
----------------------------------------------------------------------------------

 Total Ripple Number: Ò

 Detection parameters:
     maximum_peak:    3
     maxRippleLength: 100
     detection_peaks: thrsh
     num_peaks:       3
