Trial  Det1_2SD   Det2_4SD   Det3_MaxLen   Det4_Join   Det5_Cycles   Det6_Artif_Rej  
1      19         6          6             6           3             3               
2      35         4          4             4           3             3               
3      27         7          7             7           3             3               
4      24         7          7             7           4             4               
5      33         10         10            10          5             4               
6      23         5          5             5           4             4               
7      28         6          6             6           2             2               
8      33         4          4             4           1             1               
9      20         5          5             5           0             0               
10     30         7          7             7           0             0               
11     31         9          9             9           2             2               
12     25         9          9             8           2             2               
13     35         10         10            8           3             3               
14     29         10         10            10          3             3               
15     19         6          6             6           0             0               
16     27         4          4             4           1             1               
17     30         8          8             8           3             3               
18     28         12         12            12          5             5               
19     25         6          6             6           4             4               
20     18         2          2             2           1             1               
21     24         4          4             4           1             1               
22     28         12         12            11          4             3               
23     31         10         10            9           3             2               
24     26         7          7             7           3             3               
25     27         4          4             4           0             0               
26     29         5          5             5           0             0               
27     25         2          2             2           1             1               
28     29         4          4             4           0             0               
29     36         11         11            11          4             4               
30     36         10         10            10          3             3               
31     26         7          7             6           1             1               
32     34         6          6             5           3             3               
33     30         4          4             4           4             4               
34     33         7          7             7           5             5               
35     32         7          7             7           2             2               
36     29         7          7             7           3             3               
37     27         7          7             7           2             2               
38     23         2          2             2           2             2               
39     30         6          6             6           2             2               
40     35         4          4             4           2             2               
41     40         9          9             9           5             4               
42     22         4          4             4           2             2               
43     37         6          6             6           2             2               
44     28         6          6             6           3             3               
45     35         10         10            10          2             2               
46     26         5          5             5           2             2               
47     24         6          6             6           2             2               
48     21         5          5             5           2             2               
49     23         5          5             5           3             3               
50     21         3          3             3           1             1               
51     27         5          5             4           3             3               
52     27         7          7             6           5             5               
53     37         8          8             8           4             4               
54     22         3          3             3           1             1               
55     29         12         12            12          5             5               
56     30         8          8             8           5             5               
57     20         3          3             3           3             3               
58     21         3          3             3           2             2               
59     21         2          2             2           0             0               
60     22         4          4             4           1             1               
61     25         10         10            10          5             4               
62     34         6          6             6           2             2               
63     30         5          5             5           5             5               
64     27         7          7             7           5             4               
65     28         4          4             4           1             1               
66     16         3          3             3           1             1               
67     16         6          6             6           6             6               
68     19         3          3             3           3             3               
69     19         3          3             3           0             0               
70     31         3          3             3           2             2               
71     34         9          9             9           4             3               
72     18         4          4             4           0             0               
73     21         3          3             3           0             0               
74     31         5          5             5           0             0               
75     25         4          4             4           1             1               
76     26         7          7             7           1             1               
77     26         4          4             4           0             0               
78     23         5          5             5           0             0               
79     21         3          3             3           0             0               
80     21         3          3             3           1             1               
----------------------------------------------------------------------------------
SUM    2153       474        474           465         184           177             
----------------------------------------------------------------------------------

 Total Ripple Number: ±

 Detection parameters:
     maximum_peak:    3
     maxRippleLength: 100
     detection_peaks: thrsh
     num_peaks:       3
