Trial  Det1_2SD   Det2_4SD   Det3_MaxLen   Det4_Join   Det5_Cycles   Det6_Artif_Rej  
1      22         2          2             2           0             0               
2      28         5          5             5           1             1               
3      28         9          9             9           4             4               
4      29         6          6             6           4             4               
5      29         7          7             7           2             2               
6      30         7          7             7           0             0               
7      24         10         10            10          1             1               
8      22         2          2             2           0             0               
9      29         6          6             6           2             2               
10     30         4          4             4           0             0               
11     34         5          5             5           1             1               
12     32         5          5             5           1             1               
13     32         5          5             4           1             1               
14     35         5          5             5           1             1               
15     20         4          4             4           3             3               
16     34         6          6             6           1             1               
17     27         3          3             3           1             1               
18     32         8          8             8           2             2               
19     25         8          8             8           1             1               
20     21         1          1             1           0             0               
21     30         3          3             3           1             1               
22     25         10         10            10          2             2               
23     28         4          4             4           1             1               
24     22         5          5             5           3             3               
25     17         4          4             4           3             3               
26     40         7          7             7           1             1               
27     32         5          5             5           3             3               
28     26         7          7             7           2             2               
29     29         6          6             6           2             2               
30     36         6          6             6           3             3               
31     31         4          4             4           2             2               
32     32         6          6             6           3             3               
33     37         8          8             8           4             4               
34     26         11         11            10          4             3               
35     21         6          6             6           4             4               
36     28         7          7             7           1             1               
37     25         2          2             2           0             0               
38     24         5          5             5           1             1               
39     30         7          7             7           4             4               
40     28         6          6             6           2             2               
41     34         9          9             9           6             5               
42     31         3          3             3           2             2               
43     21         6          6             6           3             3               
44     22         4          4             4           3             3               
45     24         5          5             5           3             3               
46     29         5          5             5           2             2               
47     43         7          7             7           2             2               
48     36         5          5             5           2             2               
49     32         4          4             4           0             0               
50     31         7          7             7           1             1               
51     28         6          6             6           4             4               
52     35         5          5             5           2             2               
53     23         3          3             3           1             1               
54     19         2          2             2           0             0               
55     24         10         10            10          1             1               
56     27         6          6             6           2             2               
57     22         5          5             5           4             4               
58     26         5          5             5           3             3               
59     28         3          3             3           2             2               
60     24         1          1             1           1             1               
61     37         8          8             8           2             2               
62     42         2          2             2           1             1               
63     32         6          6             6           3             3               
64     24         7          7             7           3             3               
65     26         5          5             5           0             0               
66     22         3          3             3           1             1               
67     32         5          5             5           2             2               
68     28         4          4             4           2             2               
69     17         4          4             4           1             1               
70     26         3          3             3           2             2               
71     26         8          8             8           3             3               
72     17         4          4             4           2             2               
73     15         1          1             1           0             0               
74     28         5          5             5           3             3               
75     29         4          4             4           2             2               
76     29         3          3             3           1             1               
77     26         6          6             6           3             3               
78     29         5          5             5           1             1               
79     27         6          6             6           1             1               
80     29         7          7             7           3             3               
----------------------------------------------------------------------------------
SUM    2230       424        424           422         152           150             
----------------------------------------------------------------------------------

 Total Ripple Number: 

 Detection parameters:
     maximum_peak:    3
     maxRippleLength: 100
     detection_peaks: thrsh
     num_peaks:       3
