Trial  Det1_2SD   Det2_4SD   Det3_MaxLen   Det4_Join   Det5_Cycles   Det6_Artif_Rej  
1      20         2          2             2           1             1               
2      22         2          2             2           0             0               
3      26         7          7             7           3             3               
4      45         12         12            4           2             2               
5      35         11         11            3           2             2               
6      20         3          3             3           1             1               
7      22         3          3             3           0             0               
8      27         4          4             4           1             1               
9      22         7          7             7           4             4               
10     31         7          7             7           4             4               
11     36         8          8             8           5             5               
12     30         6          6             6           2             2               
13     19         6          6             5           2             2               
14     24         5          5             4           3             3               
15     14         3          3             3           0             0               
16     29         4          4             4           1             1               
17     30         4          4             4           2             2               
18     31         4          4             4           1             1               
19     27         2          2             2           0             0               
20     20         2          2             2           0             0               
21     19         2          2             2           1             1               
22     45         16         16            11          8             8               
23     31         12         12            7           2             2               
24     18         6          6             6           1             1               
25     23         6          6             6           2             2               
26     30         6          6             6           4             4               
27     24         4          4             4           0             0               
28     22         6          6             6           2             2               
29     23         9          9             9           4             4               
30     36         8          8             8           5             5               
31     43         9          9             8           5             5               
32     31         9          9             8           5             5               
33     26         1          1             1           0             0               
34     24         3          3             3           2             1               
35     32         5          5             5           3             3               
36     34         9          9             9           2             2               
37     33         8          8             8           2             2               
38     25         4          4             4           0             0               
39     22         5          5             5           1             1               
40     20         2          2             2           2             2               
41     34         13         13            7           4             4               
42     29         6          6             6           0             0               
43     30         3          3             3           2             2               
44     30         4          4             4           3             3               
45     29         7          7             7           2             2               
46     44         6          6             6           2             2               
47     33         5          5             5           0             0               
48     27         7          7             7           2             1               
49     38         7          7             7           2             1               
50     29         5          5             5           2             2               
51     26         5          5             5           3             3               
52     29         2          2             2           1             1               
53     30         5          5             4           1             1               
54     30         3          3             3           0             0               
55     32         6          6             6           2             2               
56     26         3          3             3           2             2               
57     24         3          3             3           1             1               
58     26         4          4             4           0             0               
59     25         5          5             5           2             2               
60     22         3          3             3           2             2               
61     24         6          6             6           1             1               
62     28         6          6             6           1             1               
63     30         7          7             7           1             1               
64     51         19         19            15          5             4               
65     28         7          7             7           2             2               
66     27         7          7             7           3             3               
67     32         5          5             5           1             1               
68     27         3          3             3           1             1               
69     24         3          3             3           1             1               
70     31         11         11            8           2             2               
71     33         13         13            8           4             3               
72     22         3          3             3           1             1               
73     20         4          4             4           2             2               
74     32         6          6             6           3             3               
75     27         7          7             7           5             5               
76     35         6          6             6           4             4               
77     35         6          6             6           3             3               
78     21         4          4             4           3             3               
79     17         4          4             4           3             3               
80     33         8          8             6           3             3               
----------------------------------------------------------------------------------
SUM    2261       469        469           418         167           162             
----------------------------------------------------------------------------------

 Total Ripple Number: ¢

 Detection parameters:
     maximum_peak:    3
     maxRippleLength: 100
     detection_peaks: thrsh
     num_peaks:       3
