Trial  Det1_2SD   Det2_4SD   Det3_MaxLen   Det4_Join   Det5_Cycles   Det6_Artif_Rej  
1      36         13         13            13          8             8               
2      28         11         11            11          2             2               
3      24         2          2             2           0             0               
4      30         8          8             8           4             4               
5      29         8          8             8           3             2               
6      9          4          4             4           1             1               
7      17         1          1             1           1             1               
8      20         6          6             6           2             2               
9      26         6          6             6           3             3               
10     21         3          3             3           0             0               
11     23         3          3             3           0             0               
12     22         5          5             5           3             3               
13     24         7          7             7           4             4               
14     24         7          7             7           4             4               
15     15         3          3             3           0             0               
16     25         1          1             1           1             1               
17     28         4          4             4           2             2               
18     29         7          7             7           3             3               
19     27         7          7             7           4             4               
20     18         4          4             4           3             3               
21     21         4          4             4           3             3               
22     31         4          4             4           4             3               
23     28         6          6             5           4             3               
24     22         5          5             5           1             1               
25     23         2          2             2           1             1               
26     27         7          7             7           2             2               
27     37         4          4             4           2             2               
28     38         7          7             7           5             5               
29     28         8          8             8           2             2               
30     31         9          9             9           5             5               
31     29         5          5             5           4             4               
32     24         7          7             7           4             4               
33     24         11         11            11          4             4               
34     15         5          5             5           3             3               
35     25         7          7             7           4             4               
36     31         7          7             7           5             5               
37     34         3          3             3           3             3               
38     30         7          7             7           3             3               
39     24         5          5             5           4             4               
40     29         8          8             8           3             3               
41     16         5          5             5           2             2               
42     25         7          7             7           5             5               
43     28         3          3             3           0             0               
44     28         5          5             5           4             4               
45     33         10         10            10          9             9               
46     25         4          4             4           2             2               
47     27         4          4             4           1             1               
48     18         3          3             3           0             0               
49     18         3          3             3           1             1               
50     23         7          7             7           5             5               
51     27         2          2             2           2             2               
52     22         6          6             6           1             1               
53     29         4          4             4           1             1               
54     20         2          2             2           1             1               
55     31         4          4             4           0             0               
56     24         4          4             4           1             1               
57     19         5          5             5           2             2               
58     26         5          5             5           4             4               
59     17         2          2             2           2             2               
60     23         5          5             5           1             1               
61     20         7          7             7           4             4               
62     28         8          8             8           4             4               
63     24         4          4             4           2             2               
64     29         6          6             6           5             4               
65     35         9          9             8           5             5               
66     20         4          4             3           1             1               
67     24         4          4             4           3             3               
68     17         4          4             4           3             3               
69     16         3          3             3           1             1               
70     24         5          5             5           3             2               
71     21         5          5             5           4             4               
72     23         5          5             5           2             2               
73     21         5          5             5           3             3               
74     32         4          4             4           2             2               
75     24         4          4             4           1             1               
76     27         6          6             6           3             3               
77     26         2          2             2           2             2               
78     23         1          1             1           1             1               
79     24         4          4             4           2             2               
80     20         3          3             3           2             2               
----------------------------------------------------------------------------------
SUM    1983       414        414           411         211           206             
----------------------------------------------------------------------------------

 Total Ripple Number: Î

 Detection parameters:
     maximum_peak:    3
     maxRippleLength: 100
     detection_peaks: thrsh
     num_peaks:       3
