Trial  Det1_2SD   Det2_4SD   Det3_MaxLen   Det4_Join   Det5_Cycles   68               101                
t6_Artif_Rej Det7_Spctr_Peak 1      39         5          5             5           1             1                1                  
2      41         2          2             2           0             0                0                  
3      46         6          6             6           4             4                3                  
4      44         10         10            10          3             3                3                  
5      36         6          6             6           2             2                1                  
6      42         8          8             8           2             2                2                  
7      44         7          7             7           3             3                2                  
8      46         10         10            10          5             5                4                  
9      46         11         11            11          3             3                3                  
10     41         12         12            12          4             4                4                  
11     38         9          9             9           4             4                3                  
12     32         9          9             9           2             2                2                  
13     43         9          9             9           2             2                2                  
14     36         8          8             8           3             3                3                  
15     35         6          6             6           2             2                2                  
16     35         7          7             7           1             1                1                  
17     47         6          6             6           1             1                1                  
18     45         2          2             2           0             0                0                  
19     39         5          5             5           2             2                2                  
20     50         5          5             5           1             1                1                  
21     41         7          7             7           2             2                1                  
22     42         7          7             7           3             3                2                  
23     42         5          5             5           1             1                1                  
24     44         5          5             5           1             1                1                  
25     50         6          6             6           1             1                1                  
26     38         5          5             5           1             1                1                  
27     40         8          8             8           1             1                1                  
28     41         8          8             8           1             1                1                  
29     40         8          8             8           2             2                1                  
30     44         6          6             6           2             2                2                  
31     49         11         11            11          2             2                2                  
32     45         8          8             8           2             2                2                  
33     40         8          8             8           3             3                2                  
34     39         7          7             7           3             3                3                  
35     43         9          9             9           4             4                3                  
36     40         6          6             6           1             1                0                  
37     42         6          6             6           1             1                1                  
38     46         11         11            11          1             1                1                  
39     40         8          8             8           1             1                1                  
40     40         6          6             6           1             1                1                  
41     50         11         11            11          5             5                5                  
42     39         7          7             7           3             3                3                  
43     39         9          9             9           2             2                1                  
44     52         10         10            10          2             2                1                  
45     54         10         10            10          2             2                2                  
46     36         7          7             7           0             0                0                  
47     35         6          6             6           1             1                1                  
48     29         7          7             7           3             3                1                  
49     32         6          6             6           2             2                2                  
50     38         5          5             5           3             3                2                  
51     32         3          3             3           2             2                1                  
52     34         5          5             5           1             1                1                  
53     41         6          6             6           0             0                0                  
54     44         9          9             9           2             2                1                  
55     42         8          8             8           3             3                3                  
56     37         6          6             6           0             0                0                  
57     45         5          5             5           0             0                0                  
58     41         3          3             3           1             1                1                  
59     33         5          5             5           2             2                1                  
60     31         4          4             4           0             0                0                  
61     37         4          4             4           0             0                0                  
62     40         7          7             7           2             2                2                  
63     40         6          6             6           2             2                2                  
64     39         5          5             5           2             2                2                  
65     41         5          5             5           3             3                3                  
66     35         6          6             6           2             2                2                  
67     39         5          5             5           1             1                1                  
68     43         7          7             7           2             2                1                  
69     32         6          6             6           1             1                1                  
70     29         3          3             3           1             1                1                  
71     36         6          6             6           0             0                0                  
72     46         8          8             8           1             1                1                  
73     47         10         10            10          2             2                2                  
74     44         7          7             7           2             2                2                  
75     47         8          8             8           0             0                0                  
76     40         5          5             5           0             0                0                  
77     46         5          5             5           0             0                0                  
78     52         8          8             8           0             0                0                  
79     49         9          9             9           1             1                1                  
80     34         10         10            10          3             3                2                  
----------------------------------------------------------------------------------
SUM    3271       550        550           550         138           138              117                
----------------------------------------------------------------------------------

 Total Ripple Number: u

 Detection parameters:
     maximum_peak:    3
     maxRippleLength: 100
     detection_peaks: thrsh
     num_peaks:       3
