Trial  Det1_2SD   Det2_4SD   Det3_MaxLen   Det4_Join   Det5_Cycles   68               101                
t6_Artif_Rej Det7_Spctr_Peak 1      37         11         11            11          3             3                2                  
2      35         12         12            12          5             5                5                  
3      51         18         18            18          4             4                3                  
4      43         14         14            14          2             2                1                  
5      44         9          9             9           2             2                1                  
6      41         14         14            14          2             2                2                  
7      45         15         15            15          1             1                1                  
8      33         12         12            12          2             2                1                  
9      33         15         15            15          5             5                5                  
10     43         8          8             8           3             3                2                  
11     40         12         12            12          1             1                1                  
12     41         9          9             9           1             1                1                  
13     41         8          8             8           3             3                3                  
14     42         8          8             8           0             0                0                  
15     41         7          7             7           1             1                1                  
16     45         8          8             8           2             2                2                  
17     46         9          9             9           4             4                4                  
18     49         11         11            11          3             3                1                  
19     42         7          7             7           0             0                0                  
20     39         10         10            10          0             0                0                  
21     46         15         15            15          2             2                2                  
22     45         5          5             5           1             1                1                  
23     42         5          5             5           2             2                2                  
24     46         13         13            13          3             3                3                  
25     41         12         12            12          2             2                2                  
26     34         9          9             9           4             4                2                  
27     30         5          5             5           1             1                1                  
28     36         9          9             9           3             3                2                  
29     42         10         10            10          4             4                3                  
30     50         9          9             9           2             2                2                  
31     53         10         10            10          2             2                2                  
32     38         9          9             9           4             4                2                  
33     25         10         10            10          3             3                3                  
34     25         8          8             8           4             4                3                  
35     45         13         13            13          5             5                4                  
36     49         11         11            11          1             1                0                  
37     53         10         10            10          1             1                0                  
38     32         5          5             5           0             0                0                  
39     33         5          5             5           1             1                1                  
40     50         10         10            10          3             2                2                  
41     50         11         11            11          3             2                2                  
42     37         6          6             6           0             0                0                  
43     39         6          6             6           1             1                1                  
44     35         3          3             3           0             0                0                  
45     38         5          5             5           0             0                0                  
46     41         6          6             6           0             0                0                  
47     40         12         12            12          1             1                1                  
48     35         9          9             9           2             2                2                  
49     31         5          5             5           1             1                1                  
50     36         6          6             6           1             1                1                  
51     43         7          7             7           1             1                1                  
52     41         10         10            10          4             4                4                  
53     42         9          9             9           5             5                5                  
54     47         6          6             6           3             3                3                  
55     42         11         11            11          3             3                2                  
56     38         9          9             9           3             3                3                  
57     41         7          7             7           4             4                2                  
58     49         11         11            11          7             6                4                  
59     49         13         13            13          5             4                4                  
60     36         6          6             6           1             1                1                  
61     34         2          2             2           1             1                0                  
62     27         8          8             8           4             3                1                  
63     26         8          8             8           0             0                0                  
64     44         6          6             6           2             2                0                  
65     55         11         11            11          6             6                5                  
66     36         9          9             9           5             5                4                  
67     37         3          3             3           0             0                0                  
68     40         6          6             6           1             1                1                  
69     31         7          7             7           3             3                3                  
70     30         7          7             7           0             0                0                  
71     52         10         10            10          1             1                1                  
72     44         9          9             9           1             1                0                  
73     34         9          9             9           3             3                2                  
74     32         7          7             7           1             1                1                  
75     37         7          7             7           0             0                0                  
76     46         10         10            10          0             0                0                  
77     34         8          8             8           0             0                0                  
78     22         5          5             5           0             0                0                  
79     37         6          6             6           1             1                0                  
80     43         6          6             6           3             3                2                  
----------------------------------------------------------------------------------
SUM    3197       702        702           702         169           164              130                
----------------------------------------------------------------------------------

 Total Ripple Number: 

 Detection parameters:
     maximum_peak:    3
     maxRippleLength: 100
     detection_peaks: thrsh
     num_peaks:       3
