Trial  Det1_2SD   Det2_4SD   Det3_MaxLen   Det4_Join   Det5_Cycles   68               101                
t6_Artif_Rej Det7_Spctr_Peak 1      34         7          7             7           3             3                3                  
2      46         15         15            15          6             6                6                  
3      43         12         12            11          4             4                1                  
4      57         10         10            10          4             4                1                  
5      59         10         10            10          4             4                1                  
6      57         12         12            12          2             2                1                  
7      47         8          8             8           2             2                2                  
8      40         8          8             8           1             1                1                  
9      48         13         13            13          6             6                6                  
10     34         9          9             9           5             4                3                  
11     43         10         10            9           5             5                4                  
12     51         12         12            12          8             8                7                  
13     45         9          9             9           2             2                2                  
14     36         7          7             7           2             2                2                  
15     36         11         11            11          3             3                2                  
16     44         11         11            11          2             2                1                  
17     38         7          7             7           1             1                0                  
18     42         7          7             6           2             2                2                  
19     44         5          5             5           3             3                2                  
20     31         1          1             1           0             0                0                  
21     31         3          3             3           1             1                0                  
22     55         11         10            10          2             2                1                  
23     46         8          8             8           4             4                2                  
24     28         4          4             4           0             0                0                  
25     40         8          8             8           1             1                1                  
26     40         11         11            11          2             2                2                  
27     29         8          8             8           3             3                3                  
28     44         11         11            11          2             1                1                  
29     56         15         15            15          2             2                1                  
30     42         10         10            10          2             2                0                  
31     45         9          9             9           0             0                0                  
32     51         11         11            11          3             3                3                  
33     42         11         11            11          3             3                3                  
34     33         6          6             6           2             2                2                  
35     37         5          5             5           2             2                2                  
36     22         3          3             3           1             1                0                  
37     33         8          8             8           1             1                1                  
38     36         8          8             8           1             1                1                  
39     49         11         11            10          2             2                1                  
40     38         8          8             8           1             1                1                  
41     43         14         14            14          9             9                5                  
42     44         12         12            12          4             4                4                  
43     62         15         15            15          4             4                4                  
44     42         7          7             7           2             2                2                  
45     43         10         10            10          3             3                3                  
46     45         9          9             9           3             3                3                  
47     41         8          8             8           3             3                3                  
48     35         10         10            10          2             2                2                  
49     36         9          9             9           0             0                0                  
50     49         10         10            10          1             1                1                  
51     63         16         16            16          1             1                1                  
52     57         16         16            16          2             2                2                  
53     51         7          7             7           2             2                1                  
54     45         5          5             5           3             3                3                  
55     39         6          6             6           4             4                4                  
56     40         7          7             7           5             5                5                  
57     28         4          4             4           1             1                1                  
58     36         6          6             6           2             2                1                  
59     38         7          7             7           2             2                1                  
60     37         6          6             6           0             0                0                  
61     45         9          9             9           2             2                2                  
62     50         12         12            12          4             4                3                  
63     49         11         11            11          3             3                3                  
64     46         8          8             8           1             1                1                  
65     37         10         10            10          2             2                1                  
66     40         7          7             7           1             1                0                  
67     45         9          9             9           1             1                1                  
68     45         12         12            12          2             2                2                  
69     45         9          9             9           3             3                3                  
70     39         13         13            13          6             6                6                  
71     28         10         10            10          1             1                1                  
72     50         10         10            10          3             3                3                  
73     32         6          6             6           1             1                1                  
74     30         7          7             7           2             2                2                  
75     45         12         12            12          7             6                5                  
76     46         10         10            10          5             4                4                  
77     37         8          8             8           1             1                1                  
78     37         9          9             9           3             3                3                  
79     39         6          6             6           5             5                5                  
80     32         5          5             5           3             3                2                  
----------------------------------------------------------------------------------
SUM    3363       720        719           715         209           205              167                
----------------------------------------------------------------------------------

 Total Ripple Number: §

 Detection parameters:
     maximum_peak:    3
     maxRippleLength: 100
     detection_peaks: thrsh
     num_peaks:       3
