Trial  Det1_2SD   Det2_4SD   Det3_MaxLen   Det4_Join   Det5_Cycles   68               101                

t6_Artif_Rej Det7_Spctr_Peak 1      35         10         10            10          2             2                2                  
2      43         8          8             8           3             3                1                  
3      42         7          7             7           3             3                3                  
4      42         9          9             9           6             6                3                  
5      42         8          8             8           2             2                1                  
6      52         12         12            12          2             2                1                  
7      49         13         13            13          3             3                2                  
8      44         10         10            10          1             1                1                  
9      38         6          6             6           1             1                1                  
10     39         5          5             5           1             1                1                  
11     35         4          4             4           1             1                0                  
12     33         6          6             6           2             2                1                  
13     36         3          3             3           1             1                1                  
14     33         1          1             1           0             0                0                  
15     33         5          5             5           2             2                1                  
16     42         8          8             8           2             2                2                  
17     48         5          5             5           2             2                2                  
18     43         8          8             8           4             4                1                  
19     45         6          5             5           2             2                2                  
20     49         7          7             7           1             1                1                  
21     39         8          8             8           3             2                2                  
22     39         12         11            11          1             0                0                  
23     42         10         10            10          2             2                2                  
24     38         7          7             7           2             2                2                  
25     39         9          9             9           1             1                1                  
26     36         5          5             5           0             0                0                  
27     27         5          5             5           1             1                1                  
28     44         10         10            10          0             0                0                  
29     42         14         14            14          1             1                0                  
30     31         12         12            12          1             1                1                  
31     41         9          9             9           2             2                1                  
32     42         6          6             6           2             2                1                  
33     47         12         12            12          3             3                1                  
34     41         10         10            10          4             4                2                  
35     38         8          8             8           2             2                1                  
36     33         7          7             7           1             1                0                  
37     47         11         11            11          2             2                0                  
38     40         6          6             6           0             0                0                  
39     35         4          4             4           0             0                0                  
40     33         3          3             3           0             0                0                  
41     43         6          6             6           0             0                0                  
42     39         7          7             7           0             0                0                  
43     34         5          5             4           1             1                0                  
44     45         12         12            12          4             4                2                  
45     41         9          9             9           4             4                3                  
46     35         6          6             6           3             3                3                  
47     44         10         10            10          1             1                1                  
48     43         10         10            10          1             1                1                  
49     43         8          8             8           2             2                2                  
50     42         6          6             6           2             2                2                  
51     39         7          7             7           1             1                1                  
52     48         10         10            10          2             2                1                  
53     56         11         11            11          3             3                1                  
54     42         6          6             6           1             1                1                  
55     40         7          7             7           1             1                1                  
56     36         6          6             6           1             1                1                  
57     32         6          6             6           0             0                0                  
58     41         6          6             6           0             0                0                  
59     37         3          3             3           0             0                0                  
60     36         4          4             4           1             1                1                  
61     36         4          4             4           2             2                2                  
62     33         5          5             5           1             1                1                  
63     30         5          5             5           1             1                0                  
64     29         8          8             8           1             1                0                  
65     29         9          9             9           2             2                2                  
66     22         7          7             7           2             2                2                  
67     36         6          6             6           1             1                0                  
68     54         7          7             7           3             3                2                  
69     58         14         13            13          2             2                1                  
70     59         14         14            14          2             2                0                  
71     48         11         11            11          2             2                1                  
72     49         11         11            11          0             0                0                  
73     46         11         11            11          1             1                1                  
74     38         5          5             5           0             0                0                  
75     41         9          9             9           4             4                2                  
76     54         15         15            15          5             5                2                  
77     51         8          8             8           0             0                0                  
78     50         8          8             7           2             2                1                  
79     36         9          9             8           4             4                3                  
80     33         7          7             7           3             3                3                  
----------------------------------------------------------------------------------
SUM    3245       627        624           621         135           133              86                 

----------------------------------------------------------------------------------

 Total Ripple Number: 86

 Detection parameters:
     maximum_peak:    3
     maxRippleLength: 100
     detection_peaks: thrsh
     num_peaks:       3
