Trial  Det1_2SD   Det2_4SD   Det3_MaxLen   Det4_Join   Det5_Cycles   68               101                

t6_Artif_Rej Det7_Spctr_Peak 1      30         5          5             5           3             3                2                  
2      40         7          7             7           4             4                3                  
3      39         7          7             7           1             1                0                  
4      46         18         18            18          1             1                1                  
5      63         26         26            26          5             5                2                  
6      57         19         19            19          10            10               8                  
7      44         11         11            11          7             7                5                  
8      38         5          5             5           3             3                2                  
9      32         5          5             5           1             1                1                  
10     22         3          3             3           1             1                1                  
11     23         3          3             3           1             1                1                  
12     37         10         10            10          7             7                4                  
13     26         6          6             6           4             4                2                  
14     32         11         11            11          3             3                1                  
15     37         9          9             9           5             5                4                  
16     37         7          7             7           2             2                1                  
17     31         8          8             8           1             1                0                  
18     36         10         10            10          3             2                2                  
19     53         16         16            16          6             5                4                  
20     36         9          9             9           5             5                4                  
21     33         6          6             6           4             3                3                  
22     54         12         12            12          7             7                4                  
23     48         12         12            11          3             3                2                  
24     24         6          6             6           1             1                1                  
25     35         9          9             9           1             1                1                  
26     38         13         13            13          4             4                1                  
27     47         16         16            14          7             6                2                  
28     57         19         19            18          7             6                1                  
29     52         13         13            12          2             2                2                  
30     29         7          7             7           3             3                1                  
31     36         8          8             8           3             3                3                  
32     37         10         10            10          4             4                4                  
33     39         15         15            15          7             7                6                  
34     36         11         11            11          5             5                4                  
35     43         14         14            14          8             8                6                  
36     34         9          9             9           2             2                1                  
37     36         12         12            12          8             8                5                  
38     29         10         10            10          6             6                4                  
39     45         11         11            11          3             3                1                  
40     29         8          8             8           3             3                0                  
41     26         11         11            11          5             5                1                  
42     49         14         14            14          7             7                4                  
43     54         15         15            15          7             6                4                  
44     30         9          9             9           4             3                3                  
45     42         12         12            12          6             5                4                  
46     43         12         12            12          3             3                2                  
47     44         12         12            11          4             4                1                  
48     50         13         13            12          4             4                2                  
49     47         9          9             9           2             2                2                  
50     45         11         11            11          3             3                3                  
51     52         22         22            22          9             8                8                  
52     56         19         19            19          8             8                7                  
53     38         12         12            12          3             3                2                  
54     36         13         13            13          7             6                2                  
55     39         14         14            14          8             7                4                  
56     30         8          8             7           5             5                3                  
57     22         6          6             6           3             3                2                  
58     26         3          3             3           0             0                0                  
59     32         4          4             4           1             1                1                  
60     37         8          8             8           2             1                1                  
61     31         6          6             6           1             0                0                  
62     33         7          7             7           3             3                3                  
63     27         9          9             9           4             4                3                  
64     34         9          9             9           4             4                2                  
65     37         9          9             9           4             4                3                  
66     30         7          7             7           6             5                5                  
67     27         2          2             2           2             1                1                  
68     25         0          0             0           0             0                0                  
69     30         9          9             8           4             4                3                  
70     28         6          6             6           2             2                1                  
71     26         3          3             3           1             1                0                  
72     15         5          5             5           2             2                1                  
73     33         11         11            11          2             2                1                  
74     37         8          8             8           4             4                3                  
75     36         4          4             4           2             2                1                  
76     45         14         14            14          6             5                2                  
77     30         7          7             7           2             2                1                  
78     23         8          8             8           3             3                2                  
79     31         7          7             7           2             2                2                  
80     43         16         15            15          6             6                6                  
----------------------------------------------------------------------------------
SUM    2959       790        789           780         312           296              196                

----------------------------------------------------------------------------------

 Total Ripple Number: 196

 Detection parameters:
     maximum_peak:    3
     maxRippleLength: 100
     detection_peaks: thrsh
     num_peaks:       3
