Trial  Det1_2SD   Det2_4SD   Det3_MaxLen   Det4_Join   Det5_Cycles   68               101                

t6_Artif_Rej Det7_Spctr_Peak 1      39         4          4             4           2             2                2                  
2      39         7          7             7           3             3                3                  
3      40         10         10            10          4             4                3                  
4      45         10         10            10          3             3                2                  
5      48         12         12            11          1             1                0                  
6      46         10         10            10          2             2                1                  
7      47         8          8             8           1             1                1                  
8      43         12         12            12          2             2                2                  
9      42         11         11            11          4             4                4                  
10     31         7          7             7           0             0                0                  
11     29         5          5             5           2             2                1                  
12     61         16         16            16          4             4                3                  
13     53         9          9             9           1             1                1                  
14     34         6          6             6           1             1                0                  
15     35         8          8             8           2             2                1                  
16     48         8          8             8           2             2                2                  
17     53         5          5             5           3             3                2                  
18     39         6          6             6           5             4                1                  
19     49         16         16            15          5             4                2                  
20     38         6          6             6           3             3                3                  
21     48         12         12            12          4             4                2                  
22     49         12         12            12          5             5                5                  
23     48         6          6             6           4             4                4                  
24     38         7          7             7           2             2                1                  
25     35         12         12            12          6             6                4                  
26     51         13         13            13          6             6                4                  
27     59         16         16            16          7             6                3                  
28     45         8          8             8           2             1                1                  
29     38         3          3             3           0             0                0                  
30     36         7          7             7           4             3                2                  
31     39         6          6             6           3             3                3                  
32     44         8          8             8           4             4                4                  
33     39         9          9             9           5             5                4                  
34     37         10         10            10          2             2                1                  
35     39         7          7             7           0             0                0                  
36     31         3          3             3           0             0                0                  
37     42         6          6             6           0             0                0                  
38     34         6          6             6           1             1                1                  
39     46         13         13            13          3             2                0                  
40     58         19         19            19          5             4                3                  
41     41         8          8             8           2             2                2                  
42     48         6          6             6           1             1                0                  
43     60         15         15            15          5             5                2                  
44     43         8          8             7           4             3                2                  
45     43         9          9             7           4             3                2                  
46     26         6          6             6           2             2                1                  
47     36         9          9             9           1             1                0                  
48     34         10         10            10          1             1                0                  
49     38         10         10            10          3             3                0                  
50     55         16         16            16          6             6                3                  
51     51         20         20            20          6             6                6                  
52     49         8          8             8           4             4                3                  
53     45         12         12            12          1             1                0                  
54     42         12         12            12          2             1                1                  
55     37         6          6             6           2             1                1                  
56     26         2          2             2           0             0                0                  
57     41         7          7             7           2             2                2                  
58     41         9          9             9           4             4                4                  
59     32         6          6             6           2             2                2                  
60     34         8          8             7           1             1                1                  
61     40         11         11            10          2             2                2                  
62     41         7          7             7           2             2                1                  
63     39         9          9             9           3             3                2                  
64     36         5          5             5           0             0                0                  
65     32         6          6             6           1             1                1                  
66     37         11         11            11          6             5                5                  
67     42         7          7             7           5             4                4                  
68     44         8          8             8           1             1                1                  
69     34         8          8             8           1             1                0                  
70     34         7          7             7           1             1                1                  
71     31         6          6             6           1             1                1                  
72     33         4          4             4           1             1                0                  
73     35         6          6             6           1             1                0                  
74     29         2          2             2           0             0                0                  
75     29         3          3             3           0             0                0                  
76     41         12         12            12          6             5                1                  
77     28         5          5             5           2             2                2                  
78     30         6          6             6           2             2                1                  
79     35         8          8             7           2             2                1                  
80     44         10         10            10          3             3                3                  
----------------------------------------------------------------------------------
SUM    3251       687        687           679         206           192              134                

----------------------------------------------------------------------------------

 Total Ripple Number: 134

 Detection parameters:
     maximum_peak:    3
     maxRippleLength: 100
     detection_peaks: thrsh
     num_peaks:       3
