Trial  Det1_2SD   Det2_4SD   Det3_MaxLen   Det4_Join   Det5_Cycles   68               101                

t6_Artif_Rej Det7_Spctr_Peak 1      36         9          9             9           1             1                1                  
2      43         11         11            11          1             1                1                  
3      36         12         12            12          4             4                4                  
4      32         6          6             6           2             2                2                  
5      36         6          6             6           2             2                0                  
6      52         13         13            13          3             3                3                  
7      53         13         13            13          3             3                3                  
8      42         10         10            10          1             1                1                  
9      45         13         13            12          2             1                1                  
10     37         4          4             4           1             1                1                  
11     36         9          9             9           2             2                2                  
12     43         10         10            10          0             0                0                  
13     35         11         11            11          0             0                0                  
14     38         13         13            13          3             3                2                  
15     39         9          9             9           0             0                0                  
16     37         9          9             9           3             3                2                  
17     44         7          7             7           3             3                1                  
18     41         4          4             4           1             1                0                  
19     50         12         12            12          3             3                2                  
20     48         10         10            10          0             0                0                  
21     53         14         14            13          2             1                1                  
22     45         6          6             6           2             2                1                  
23     39         8          8             8           3             3                3                  
24     30         4          4             4           1             1                1                  
25     36         10         10            10          2             2                1                  
26     37         7          7             7           3             3                1                  
27     43         6          6             6           3             2                1                  
28     40         5          5             5           1             0                0                  
29     37         4          4             4           0             0                0                  
30     45         10         10            10          0             0                0                  
31     42         16         15            15          6             6                3                  
32     35         13         13            13          6             6                4                  
33     37         7          7             7           0             0                0                  
34     37         9          9             9           0             0                0                  
35     39         10         10            10          4             4                4                  
36     33         11         11            11          4             4                3                  
37     38         9          9             9           1             1                1                  
38     39         8          8             8           1             1                1                  
39     39         9          9             9           0             0                0                  
40     42         7          7             7           2             2                2                  
41     39         6          6             6           2             2                2                  
42     48         12         12            12          5             5                2                  
43     40         12         12            12          5             5                1                  
44     33         8          8             7           5             4                2                  
45     49         13         13            11          7             6                2                  
46     37         6          6             6           1             1                1                  
47     34         8          8             8           4             4                3                  
48     37         8          8             8           2             2                2                  
49     29         6          6             6           2             2                2                  
50     34         8          8             8           6             6                2                  
51     51         15         15            15          8             8                2                  
52     36         9          9             9           2             2                0                  
53     43         7          7             7           1             1                0                  
54     38         7          7             7           4             3                2                  
55     29         4          4             4           3             2                1                  
56     29         0          0             0           0             0                0                  
57     34         4          4             4           3             3                2                  
58     37         7          7             7           4             4                3                  
59     34         6          6             6           3             3                1                  
60     29         4          4             4           2             1                0                  
61     40         3          3             3           1             0                0                  
62     30         5          5             5           0             0                0                  
63     33         6          6             6           0             0                0                  
64     37         5          5             5           1             1                0                  
65     37         10         10            10          2             2                1                  
66     36         9          9             9           4             3                1                  
67     36         11         11            11          7             6                2                  
68     38         8          8             8           5             5                3                  
69     35         6          6             6           2             2                2                  
70     36         6          6             6           2             2                2                  
71     32         5          5             5           1             1                1                  
72     27         6          6             6           0             0                0                  
73     23         8          8             8           1             1                1                  
74     21         1          1             1           0             0                0                  
75     32         9          9             9           1             1                1                  
76     42         16         16            16          6             5                1                  
77     33         2          2             2           0             0                0                  
78     42         6          6             6           0             0                0                  
79     42         11         11            11          3             3                2                  
80     46         11         11            11          4             4                3                  
----------------------------------------------------------------------------------
SUM    3047       658        657           652         185           172              103                

----------------------------------------------------------------------------------

 Total Ripple Number: 103

 Detection parameters:
     maximum_peak:    3
     maxRippleLength: 100
     detection_peaks: thrsh
     num_peaks:       3
