Trial  Det1_2SD   Det2_4SD   Det3_MaxLen   Det4_Join   Det5_Cycles   68               101                
t6_Artif_Rej Det7_Spctr_Peak 1      45         6          6             6           3             3                3                  
2      32         5          5             5           1             1                1                  
3      44         10         10            10          2             2                2                  
4      47         17         17            16          4             4                4                  
5      53         8          8             8           2             2                2                  
6      49         13         13            13          2             2                2                  
7      24         8          8             8           3             3                3                  
8      28         13         13            13          7             6                5                  
9      43         15         15            15          7             6                5                  
10     33         8          8             8           4             3                3                  
11     35         13         13            13          6             5                2                  
12     38         11         11            11          4             3                1                  
13     48         12         12            12          8             7                3                  
14     39         12         12            12          7             6                5                  
15     33         11         11            11          4             3                2                  
16     46         9          9             8           2             1                1                  
17     58         12         12            11          4             3                3                  
18     58         11         11            11          5             4                4                  
19     39         9          9             9           1             1                1                  
20     29         8          8             8           1             1                1                  
21     38         9          9             9           4             3                1                  
22     44         6          6             6           2             2                1                  
23     45         10         10            10          2             2                1                  
24     47         11         11            11          4             3                1                  
25     36         6          6             6           6             5                3                  
26     33         12         12            12          6             5                3                  
27     31         11         11            11          2             2                1                  
28     21         5          5             5           1             1                1                  
29     41         16         16            16          6             5                5                  
30     40         12         12            12          7             7                6                  
31     40         12         12            11          7             6                5                  
32     41         7          7             6           5             4                4                  
33     35         5          5             5           5             4                4                  
34     32         5          5             5           3             2                2                  
35     33         5          5             5           0             0                0                  
36     31         3          3             3           1             1                1                  
37     39         6          6             6           0             0                0                  
38     35         5          5             5           0             0                0                  
39     28         1          1             1           0             0                0                  
40     39         9          9             9           5             4                3                  
41     37         12         12            12          9             8                2                  
42     45         6          6             6           4             3                2                  
43     37         10         10            10          3             2                2                  
44     28         6          6             6           0             0                0                  
45     40         10         10            10          2             2                1                  
46     47         14         14            14          6             5                3                  
47     36         11         11            11          5             4                1                  
48     33         11         11            10          6             5                2                  
49     31         10         10            8           6             5                2                  
50     29         8          8             8           4             3                2                  
51     40         14         14            14          5             4                4                  
52     38         14         14            14          9             8                7                  
53     44         12         12            12          7             6                5                  
54     63         15         15            15          6             5                4                  
55     52         14         14            14          7             6                4                  
56     41         12         12            12          4             3                3                  
57     51         16         16            15          9             8                3                  
58     50         14         14            12          8             7                4                  
59     38         6          6             6           3             3                3                  
60     41         10         10            9           4             3                2                  
61     40         13         13            10          8             7                3                  
62     33         7          7             7           2             2                2                  
63     43         7          7             7           3             2                1                  
64     46         8          8             8           4             3                2                  
65     41         8          8             8           1             1                1                  
66     30         6          6             6           1             1                1                  
67     33         9          9             9           4             3                2                  
68     35         16         16            16          9             8                4                  
69     40         16         16            16          9             8                3                  
70     38         12         12            12          4             3                2                  
71     37         8          8             8           4             3                3                  
72     44         10         10            10          6             5                4                  
73     43         10         10            10          3             2                1                  
74     42         6          6             6           2             2                1                  
75     56         12         12            12          5             5                3                  
76     41         9          9             9           3             2                1                  
77     44         9          9             9           5             4                3                  
78     45         11         11            11          5             4                3                  
79     39         12         12            12          6             5                1                  
80     25         8          8             8           7             6                2                  
----------------------------------------------------------------------------------
SUM    3166       789        789           774         341           288              194                
----------------------------------------------------------------------------------

 Total Ripple Number: Â

 Detection parameters:
     maximum_peak:    3
     maxRippleLength: 100
     detection_peaks: thrsh
     num_peaks:       3
