Trial  Det1_2SD   Det2_4SD   Det3_MaxLen   Det4_Join   Det5_Cycles   68               101                
t6_Artif_Rej Det7_Spctr_Peak 1      39         4          4             4           1             1                1                  
2      38         11         11            11          5             5                4                  
3      44         7          7             7           4             4                4                  
4      29         3          3             3           1             1                1                  
5      33         5          5             5           2             2                2                  
6      49         5          5             5           1             1                1                  
7      34         4          4             4           0             0                0                  
8      41         10         10            10          2             2                1                  
9      43         10         10            10          4             4                2                  
10     40         11         11            11          4             4                3                  
11     42         8          8             8           3             3                3                  
12     47         12         12            12          5             4                3                  
13     42         12         12            12          6             5                4                  
14     39         9          9             9           2             2                2                  
15     41         6          6             6           3             3                3                  
16     40         6          6             6           2             2                1                  
17     33         5          5             5           0             0                0                  
18     34         7          7             7           1             1                1                  
19     36         8          8             8           1             1                1                  
20     31         7          7             7           2             2                2                  
21     45         14         14            14          6             6                6                  
22     41         3          3             3           0             0                0                  
23     46         8          8             8           1             1                0                  
24     56         11         11            11          3             3                2                  
25     44         6          6             6           2             2                2                  
26     35         6          6             6           2             1                1                  
27     26         8          8             8           1             1                1                  
28     25         4          4             4           0             0                0                  
29     38         4          4             4           0             0                0                  
30     31         6          6             6           1             1                1                  
31     35         13         13            13          4             4                4                  
32     38         8          8             8           3             3                2                  
33     33         9          9             9           6             6                6                  
34     38         9          9             9           5             5                5                  
35     39         10         10            10          2             2                2                  
36     42         10         10            10          1             1                1                  
37     36         7          7             7           0             0                0                  
38     29         8          8             8           5             5                5                  
39     29         7          7             7           3             3                3                  
40     37         7          7             7           1             1                1                  
41     42         10         10            10          4             4                3                  
42     35         6          6             6           3             3                2                  
43     26         0          0             0           0             0                0                  
44     29         5          5             5           1             1                1                  
45     46         12         12            12          3             3                3                  
46     47         16         16            15          6             5                4                  
47     35         9          9             8           4             3                1                  
48     30         4          4             4           1             1                1                  
49     48         13         13            13          3             2                2                  
50     44         12         12            12          5             5                4                  
51     33         9          9             9           4             4                3                  
52     41         5          5             5           1             1                1                  
53     56         8          8             8           1             1                1                  
54     44         5          5             5           1             1                1                  
55     55         8          8             7           5             5                4                  
56     55         9          9             9           4             4                3                  
57     38         10         10            10          3             2                0                  
58     48         9          9             9           4             3                2                  
59     45         5          5             5           2             2                2                  
60     40         5          5             5           1             1                1                  
61     42         10         10            10          4             3                2                  
62     40         8          8             8           3             3                2                  
63     29         3          3             3           1             1                1                  
64     31         4          4             4           2             2                2                  
65     39         4          4             4           0             0                0                  
66     44         5          5             5           1             1                1                  
67     39         7          7             7           0             0                0                  
68     35         6          6             6           1             1                1                  
69     42         5          5             5           1             1                1                  
70     31         3          3             3           0             0                0                  
71     32         7          7             7           1             1                0                  
72     32         7          7             7           2             2                1                  
73     30         4          4             4           0             0                0                  
74     32         4          4             4           1             1                1                  
75     33         6          6             6           3             3                3                  
76     35         4          4             4           1             1                1                  
77     39         6          6             6           1             1                1                  
78     41         6          6             6           1             1                1                  
79     40         11         11            11          3             3                3                  
80     38         12         12            11          6             6                4                  
----------------------------------------------------------------------------------
SUM    3079       590        590           586         183           174              145                
----------------------------------------------------------------------------------

 Total Ripple Number: 

 Detection parameters:
     maximum_peak:    3
     maxRippleLength: 100
     detection_peaks: thrsh
     num_peaks:       3
