Trial  Det1_2SD   Det2_4SD   Det3_MaxLen   Det4_Join   Det5_Cycles   68               101                
t6_Artif_Rej Det7_Spctr_Peak 1      39         7          7             7           1             1                0                  
2      37         8          8             8           4             4                3                  
3      21         5          5             5           1             1                1                  
4      26         1          1             1           0             0                0                  
5      33         5          5             5           2             2                2                  
6      31         4          4             4           3             3                3                  
7      38         9          9             9           3             3                3                  
8      35         7          7             7           1             1                1                  
9      39         10         10            10          2             2                0                  
10     54         14         14            14          2             2                2                  
11     49         13         13            13          3             3                3                  
12     42         6          6             6           1             1                1                  
13     44         8          8             8           0             0                0                  
14     46         8          8             8           3             3                3                  
15     44         8          8             8           3             3                3                  
16     43         9          9             9           3             3                3                  
17     51         11         11            11          3             3                3                  
18     38         7          7             7           2             2                2                  
19     44         5          5             5           0             0                0                  
20     42         9          9             9           0             0                0                  
21     28         6          6             6           1             1                1                  
22     32         3          3             3           2             2                2                  
23     35         7          7             7           3             3                3                  
24     35         8          8             8           3             3                2                  
25     40         5          5             5           1             1                0                  
26     34         5          5             5           2             2                1                  
27     35         11         11            11          2             2                2                  
28     33         7          7             7           2             2                2                  
29     38         5          5             5           0             0                0                  
30     59         10         10            10          1             1                1                  
31     49         13         13            13          4             4                3                  
32     38         8          8             8           1             1                0                  
33     44         11         11            11          4             4                2                  
34     33         10         10            10          4             4                3                  
35     31         6          6             6           0             0                0                  
36     43         8          8             8           2             2                2                  
37     41         10         10            10          7             7                5                  
38     37         9          9             9           4             4                4                  
39     41         11         11            11          3             3                3                  
40     49         7          7             7           3             3                2                  
41     32         6          6             6           4             4                4                  
42     38         7          7             7           3             3                3                  
43     44         7          7             7           3             3                3                  
44     47         10         10            10          2             2                2                  
45     48         9          9             9           2             2                2                  
46     42         6          6             6           1             1                0                  
47     37         7          7             7           2             2                2                  
48     38         7          7             7           4             4                3                  
49     33         6          6             6           2             2                2                  
50     40         14         14            14          5             5                3                  
51     41         14         14            14          5             5                4                  
52     35         10         10            10          4             4                4                  
53     48         10         10            9           7             7                6                  
54     42         6          6             6           4             4                4                  
55     44         11         11            11          4             4                3                  
56     42         17         17            17          4             4                4                  
57     49         15         15            15          5             5                5                  
58     40         8          8             8           2             2                2                  
59     32         8          8             8           3             3                3                  
60     36         10         10            10          4             4                4                  
61     31         6          6             6           2             2                1                  
62     37         4          4             4           1             1                1                  
63     30         7          7             7           2             2                1                  
64     37         8          8             8           1             1                1                  
65     40         3          3             3           2             2                2                  
66     29         3          3             3           2             2                2                  
67     27         3          3             3           1             1                1                  
68     37         5          5             5           2             2                1                  
69     31         5          5             5           1             1                1                  
70     44         11         11            11          3             3                3                  
71     45         8          8             8           1             1                1                  
72     44         5          5             5           1             1                0                  
73     31         5          5             5           2             2                1                  
74     35         9          9             9           4             4                3                  
75     41         11         11            11          4             4                2                  
76     31         6          6             6           3             3                2                  
77     39         6          6             6           4             4                1                  
78     33         7          7             7           1             1                0                  
79     38         10         10            10          3             3                3                  
80     41         10         10            10          5             5                4                  
----------------------------------------------------------------------------------
SUM    3100       634        634           633         201           201              165                
----------------------------------------------------------------------------------

 Total Ripple Number: ¥

 Detection parameters:
     maximum_peak:    3
     maxRippleLength: 100
     detection_peaks: thrsh
     num_peaks:       3
