Trial  Det1_2SD   Det2_4SD   Det3_MaxLen   Det4_Join   Det5_Cycles   68               101                
t6_Artif_Rej Det7_Spctr_Peak 1      30         8          8             8           2             2                2                  
2      34         6          6             6           2             2                2                  
3      26         3          3             3           0             0                0                  
4      32         5          5             5           1             1                1                  
5      32         9          9             9           3             3                2                  
6      27         5          5             5           1             1                1                  
7      37         10         10            10          3             3                1                  
8      39         10         10            10          6             6                4                  
9      38         11         11            11          4             4                2                  
10     50         12         12            12          6             6                4                  
11     43         9          9             9           5             5                3                  
12     35         5          5             5           2             2                2                  
13     36         13         13            13          5             5                2                  
14     31         6          6             6           2             2                1                  
15     24         5          5             5           2             2                2                  
16     33         4          4             4           2             2                2                  
17     44         10         10            10          6             6                5                  
18     36         11         11            11          4             4                1                  
19     33         5          5             5           2             2                1                  
20     33         5          5             5           2             2                2                  
21     33         2          2             2           1             1                0                  
22     14         1          1             1           0             0                0                  
23     27         2          2             2           2             2                1                  
24     34         6          6             6           3             3                3                  
25     37         8          8             8           4             4                3                  
26     35         6          6             6           3             3                2                  
27     33         6          6             6           3             3                2                  
28     44         6          6             6           4             4                3                  
29     43         7          7             7           4             4                3                  
30     37         6          6             6           3             3                3                  
31     32         6          6             6           2             2                2                  
32     38         11         11            10          3             3                2                  
33     49         9          9             8           2             2                2                  
34     47         14         14            13          5             5                4                  
35     29         11         11            11          4             4                3                  
36     36         14         14            14          5             5                5                  
37     39         10         10            10          2             2                2                  
38     40         6          6             6           1             1                1                  
39     40         7          7             7           0             0                0                  
40     44         7          7             7           2             2                1                  
41     27         5          5             5           2             2                1                  
42     44         8          8             7           4             4                2                  
43     38         4          4             4           3             3                1                  
44     40         10         10            10          4             4                2                  
45     44         10         10            10          2             2                1                  
46     49         3          3             3           0             0                0                  
47     27         2          2             2           1             1                0                  
48     31         6          6             6           3             3                2                  
49     39         10         10            10          1             1                1                  
50     41         14         14            14          5             5                3                  
51     45         13         13            13          5             5                3                  
52     45         12         12            12          3             3                2                  
53     38         8          8             8           3             3                2                  
54     27         7          7             7           4             4                2                  
55     29         6          6             6           5             5                3                  
56     37         8          8             8           3             3                2                  
57     38         10         10            10          5             5                1                  
58     35         9          9             9           6             6                3                  
59     39         10         10            10          6             6                4                  
60     45         11         11            11          6             6                5                  
61     41         10         10            10          5             5                5                  
62     42         9          9             9           1             1                1                  
63     26         4          4             4           2             2                2                  
64     33         3          3             3           1             1                1                  
65     40         4          4             4           2             2                1                  
66     36         6          6             6           0             0                0                  
67     32         7          7             7           3             3                2                  
68     34         6          6             6           2             2                2                  
69     28         5          5             5           3             3                3                  
70     30         9          9             9           4             4                2                  
71     33         10         10            10          3             3                0                  
72     37         4          4             4           0             0                0                  
73     31         3          3             3           1             1                1                  
74     31         4          4             4           1             1                1                  
75     31         7          7             7           1             1                1                  
76     30         6          6             6           2             2                2                  
77     36         13         13            12          5             5                3                  
78     37         11         11            10          5             5                3                  
79     29         5          5             5           1             1                1                  
80     32         5          5             5           2             2                2                  
----------------------------------------------------------------------------------
SUM    2851       594        594           588         228           228              155                
----------------------------------------------------------------------------------

 Total Ripple Number: 

 Detection parameters:
     maximum_peak:    3
     maxRippleLength: 100
     detection_peaks: thrsh
     num_peaks:       3
