Trial  Det1_2SD   Det2_4SD   Det3_MaxLen   Det4_Join   Det5_Cycles   68               101                
t6_Artif_Rej Det7_Spctr_Peak 1      28         5          5             5           3             3                3                  
2      37         5          5             5           4             4                3                  
3      25         3          3             3           2             2                2                  
4      33         6          6             6           4             4                4                  
5      32         9          9             9           4             4                3                  
6      33         7          7             7           1             1                1                  
7      39         7          7             7           1             1                1                  
8      39         10         10            10          4             4                2                  
9      44         9          9             9           4             4                2                  
10     45         10         10            10          5             5                4                  
11     41         7          7             7           3             3                2                  
12     33         3          3             3           1             1                1                  
13     36         7          7             7           4             4                2                  
14     37         10         10            10          4             4                1                  
15     31         5          5             5           2             2                2                  
16     31         5          5             5           1             1                0                  
17     42         7          7             7           2             2                1                  
18     31         6          6             6           3             3                2                  
19     33         7          7             7           3             3                2                  
20     39         8          8             8           2             2                1                  
21     33         2          2             2           1             1                0                  
22     22         7          7             7           1             1                0                  
23     35         9          9             9           2             2                1                  
24     33         7          7             7           1             1                1                  
25     34         8          8             8           5             5                4                  
26     28         5          5             5           4             4                3                  
27     36         5          5             5           3             3                3                  
28     46         10         10            10          6             6                6                  
29     42         8          8             8           6             6                5                  
30     39         7          7             7           4             4                2                  
31     32         4          4             4           1             1                0                  
32     36         5          5             5           1             1                0                  
33     39         4          4             4           0             0                0                  
34     43         10         10            10          3             3                1                  
35     33         10         10            10          5             5                4                  
36     38         9          9             9           4             4                3                  
37     45         7          7             7           0             0                0                  
38     33         5          5             5           2             2                1                  
39     30         4          4             4           1             1                0                  
40     36         4          4             4           3             3                1                  
41     31         6          6             6           3             3                1                  
42     41         6          6             6           2             2                0                  
43     34         6          6             6           1             1                0                  
44     37         8          8             8           4             4                2                  
45     43         10         10            10          5             5                3                  
46     39         8          8             8           2             2                2                  
47     19         1          1             1           1             1                1                  
48     27         4          4             4           1             1                0                  
49     42         9          9             9           4             4                2                  
50     50         15         15            15          9             9                4                  
51     49         15         15            15          5             5                2                  
52     45         10         10            10          4             4                1                  
53     39         7          7             7           5             5                3                  
54     26         9          9             9           3             3                3                  
55     38         8          8             8           3             3                3                  
56     39         10         10            10          6             6                4                  
57     41         8          8             8           5             5                2                  
58     36         7          7             7           4             4                2                  
59     25         8          8             8           5             5                3                  
60     25         8          8             8           6             6                5                  
61     39         10         10            10          5             5                4                  
62     32         5          5             5           1             1                0                  
63     29         5          5             5           3             3                3                  
64     21         4          4             4           2             2                2                  
65     37         6          6             6           0             0                0                  
66     38         8          8             8           0             0                0                  
67     29         5          5             5           3             3                2                  
68     42         10         10            9           6             6                5                  
69     38         8          8             7           3             3                2                  
70     34         7          7             7           2             2                1                  
71     38         11         11            10          5             5                1                  
72     33         7          7             6           4             4                2                  
73     26         5          5             5           3             3                2                  
74     35         5          5             5           2             2                1                  
75     22         6          6             6           2             2                2                  
76     23         3          3             3           2             2                2                  
77     33         10         10            10          5             5                4                  
78     36         8          8             8           4             4                3                  
79     27         1          1             1           1             1                0                  
80     30         3          3             3           1             1                1                  
----------------------------------------------------------------------------------
SUM    2790       556        556           552         242           242              154                
----------------------------------------------------------------------------------

 Total Ripple Number: 

 Detection parameters:
     maximum_peak:    3
     maxRippleLength: 100
     detection_peaks: thrsh
     num_peaks:       3
