Trial  Det1_2SD   Det2_4SD   Det3_MaxLen   Det4_Join   Det5_Cycles   68               101                
t6_Artif_Rej Det7_Spctr_Peak 1      39         6          6             6           4             4                3                  
2      44         13         13            13          5             5                4                  
3      37         5          5             5           2             2                2                  
4      37         2          2             2           0             0                0                  
5      30         6          6             6           1             1                1                  
6      32         4          4             4           0             0                0                  
7      39         6          6             6           2             2                0                  
8      34         7          7             7           2             2                1                  
9      34         6          6             6           3             3                2                  
10     33         9          9             9           4             4                3                  
11     39         5          5             5           1             1                1                  
12     50         8          8             8           1             1                0                  
13     49         11         11            11          4             3                2                  
14     29         7          7             7           3             3                3                  
15     37         13         13            13          5             5                5                  
16     36         7          7             7           3             3                3                  
17     39         9          9             9           3             3                3                  
18     27         3          3             3           1             1                1                  
19     28         4          4             4           1             1                1                  
20     29         2          2             2           0             0                0                  
21     25         6          6             6           2             2                2                  
22     35         7          7             7           3             3                2                  
23     41         7          7             7           2             2                2                  
24     42         11         11            11          4             4                4                  
25     40         15         15            15          5             5                4                  
26     35         10         10            10          2             2                1                  
27     34         6          6             6           2             2                2                  
28     37         9          9             9           4             4                3                  
29     41         7          7             7           3             3                2                  
30     45         10         10            10          2             2                2                  
31     40         10         10            10          3             3                2                  
32     34         4          4             4           2             2                1                  
33     31         5          5             5           1             1                1                  
34     32         5          5             5           3             3                3                  
35     37         7          7             7           2             2                2                  
36     50         14         14            14          4             4                2                  
37     48         12         12            12          4             4                2                  
38     44         12         12            12          5             5                4                  
39     34         8          8             8           5             5                4                  
40     30         2          2             2           1             1                1                  
41     32         3          3             3           0             0                0                  
42     36         2          2             2           1             1                1                  
43     40         6          6             6           2             2                0                  
44     42         8          8             8           2             2                1                  
45     37         7          7             7           3             3                2                  
46     33         6          6             6           1             1                1                  
47     39         3          3             3           0             0                0                  
48     48         6          6             6           1             1                1                  
49     46         9          9             9           1             1                1                  
50     41         13         13            13          6             6                5                  
51     39         12         12            12          6             6                4                  
52     37         8          8             8           2             2                1                  
53     46         11         11            11          4             4                3                  
54     44         11         11            11          3             3                3                  
55     50         12         12            12          5             5                4                  
56     55         15         15            15          10            10               7                  
57     42         12         12            12          6             6                5                  
58     37         5          5             5           3             3                2                  
59     35         5          5             5           1             1                0                  
60     33         8          8             8           3             3                3                  
61     33         8          8             8           6             6                5                  
62     31         6          6             6           2             2                2                  
63     37         8          8             8           1             1                1                  
64     41         11         11            11          2             2                2                  
65     36         7          7             7           1             1                1                  
66     35         5          5             5           2             2                2                  
67     31         4          4             4           0             0                0                  
68     35         7          7             7           1             1                1                  
69     39         6          6             6           3             3                3                  
70     42         8          8             8           5             5                3                  
71     33         4          4             4           2             2                2                  
72     33         3          3             3           1             1                1                  
73     35         3          3             3           2             2                2                  
74     43         11         11            11          5             5                4                  
75     39         12         12            12          3             3                3                  
76     30         6          6             6           1             1                0                  
77     38         8          8             8           2             2                2                  
78     35         7          7             7           5             5                3                  
79     45         6          6             6           4             4                3                  
80     49         6          6             6           3             3                3                  
----------------------------------------------------------------------------------
SUM    3029       598        598           598         215           214              168                
----------------------------------------------------------------------------------

 Total Ripple Number: ¨

 Detection parameters:
     maximum_peak:    3
     maxRippleLength: 100
     detection_peaks: thrsh
     num_peaks:       3
