Trial  Det1_2SD   Det2_4SD   Det3_MaxLen   Det4_Join   Det5_Cycles   68               101                
t6_Artif_Rej Det7_Spctr_Peak 1      37         9          9             9           4             4                4                  
2      30         8          8             8           2             2                2                  
3      27         10         10            10          2             2                2                  
4      20         1          1             1           0             0                0                  
5      24         8          8             8           2             2                1                  
6      38         12         12            12          2             2                1                  
7      37         11         11            10          4             4                4                  
8      36         8          8             7           2             2                2                  
9      45         7          7             7           1             1                0                  
10     33         7          7             7           2             2                2                  
11     47         11         11            11          4             4                3                  
12     55         17         17            16          6             5                3                  
13     54         17         17            16          7             6                4                  
14     38         7          7             7           4             4                2                  
15     36         11         11            10          4             4                3                  
16     46         6          6             6           1             1                0                  
17     39         10         10            9           3             2                1                  
18     46         11         11            10          1             0                0                  
19     48         11         11            11          2             2                2                  
20     43         11         11            11          3             3                3                  
21     44         10         10            10          4             4                4                  
22     27         5          5             5           1             1                1                  
23     26         6          6             6           5             5                5                  
24     39         9          9             9           2             2                2                  
25     38         7          7             7           2             2                1                  
26     44         9          9             9           4             4                2                  
27     41         10         10            10          1             1                1                  
28     44         15         15            15          5             5                5                  
29     35         8          8             8           4             4                4                  
30     45         7          7             7           1             1                1                  
31     50         7          7             7           4             4                4                  
32     51         18         18            17          11            10               8                  
33     43         7          7             6           3             3                2                  
34     47         11         11            11          3             3                2                  
35     36         7          7             7           2             2                0                  
36     27         2          2             2           1             1                0                  
37     35         7          7             7           2             2                2                  
38     38         7          7             7           1             1                1                  
39     32         6          6             6           1             1                0                  
40     33         8          8             8           0             0                0                  
41     44         11         11            11          2             2                1                  
42     26         4          4             4           2             2                2                  
43     33         9          9             9           4             4                4                  
44     39         11         11            11          5             5                5                  
45     30         7          7             7           2             2                2                  
46     36         9          9             9           2             2                1                  
47     33         5          5             5           2             2                1                  
48     36         6          6             6           2             2                1                  
49     35         7          7             7           1             1                1                  
50     36         9          9             9           2             2                2                  
51     40         9          9             9           4             4                3                  
52     34         11         11            11          3             3                2                  
53     49         13         13            13          3             3                3                  
54     49         10         10            10          0             0                0                  
55     58         18         18            18          2             2                1                  
56     50         14         14            14          4             3                2                  
57     31         8          8             8           3             3                3                  
58     28         4          4             4           2             2                2                  
59     35         6          6             6           2             2                1                  
60     49         14         14            14          4             4                4                  
61     47         14         14            13          4             4                2                  
62     39         6          6             6           1             1                1                  
63     32         9          9             9           2             2                2                  
64     41         5          5             5           1             1                1                  
65     49         10         10            10          2             1                1                  
66     38         12         12            12          4             3                2                  
67     39         9          9             9           2             2                1                  
68     38         7          7             7           1             1                1                  
69     26         3          3             3           1             1                1                  
70     31         6          6             6           2             2                1                  
71     43         8          8             8           3             3                1                  
72     43         6          6             4           3             2                1                  
73     37         5          5             4           2             1                0                  
74     35         6          6             6           1             1                1                  
75     54         19         19            18          7             7                5                  
76     39         12         12            11          7             7                5                  
77     42         12         12            10          6             6                4                  
78     39         10         10            10          2             2                1                  
79     38         7          7             7           1             1                1                  
80     25         4          4             4           0             0                0                  
----------------------------------------------------------------------------------
SUM    3100       714        714           697         216           206              157                
----------------------------------------------------------------------------------

 Total Ripple Number: 

 Detection parameters:
     maximum_peak:    3
     maxRippleLength: 100
     detection_peaks: thrsh
     num_peaks:       3
