Trial  Det1_2SD   Det2_4SD   Det3_MaxLen   Det4_Join   Det5_Cycles   68               101                
t6_Artif_Rej Det7_Spctr_Peak 1      42         11         11            11          2             2                1                  
2      39         8          8             8           3             3                3                  
3      35         9          9             9           5             5                4                  
4      32         3          3             3           1             1                1                  
5      27         6          6             6           0             0                0                  
6      25         7          7             7           3             3                3                  
7      40         11         11            11          3             3                3                  
8      39         7          7             7           2             2                2                  
9      36         10         10            10          5             5                5                  
10     31         4          4             4           1             1                1                  
11     45         9          9             9           3             3                3                  
12     36         10         10            10          6             6                5                  
13     34         12         12            12          3             3                2                  
14     43         9          9             9           2             2                1                  
15     36         8          8             8           4             4                4                  
16     41         8          8             8           2             2                2                  
17     51         10         10            10          4             4                1                  
18     48         11         11            11          6             6                2                  
19     45         8          8             8           3             3                1                  
20     38         9          9             9           2             2                1                  
21     30         7          7             7           3             3                3                  
22     49         7          7             7           3             3                2                  
23     46         13         13            13          6             6                5                  
24     37         7          7             7           2             2                2                  
25     40         5          5             5           1             1                0                  
26     50         7          7             7           1             1                1                  
27     50         12         12            10          6             6                4                  
28     42         4          4             3           2             2                1                  
29     42         8          8             8           3             3                2                  
30     50         14         14            14          4             4                4                  
31     52         8          8             8           3             3                3                  
32     40         9          8             8           4             4                4                  
33     57         10         10            10          4             4                2                  
34     32         2          2             2           0             0                0                  
35     33         4          4             4           2             2                0                  
36     43         9          9             9           5             5                1                  
37     42         9          9             9           2             2                2                  
38     41         10         10            10          2             2                2                  
39     41         10         10            10          3             3                3                  
40     46         8          8             8           3             3                3                  
41     25         5          5             5           3             3                2                  
42     35         3          3             3           1             1                1                  
43     41         6          6             6           1             1                1                  
44     33         6          6             6           2             2                2                  
45     36         8          8             8           4             4                4                  
46     43         7          7             7           2             2                2                  
47     41         7          7             7           1             1                0                  
48     39         4          4             4           0             0                0                  
49     33         4          4             4           0             0                0                  
50     28         4          4             4           0             0                0                  
51     42         11         11            11          2             2                1                  
52     42         6          6             6           1             1                1                  
53     39         12         12            12          4             4                3                  
54     40         15         15            15          4             4                3                  
55     35         10         10            10          2             2                2                  
56     33         8          8             8           1             1                0                  
57     39         9          9             8           2             2                1                  
58     35         9          9             8           2             2                1                  
59     28         4          4             4           3             3                2                  
60     40         8          8             8           4             4                2                  
61     37         5          5             5           2             2                1                  
62     34         7          7             7           4             3                3                  
63     29         11         11            11          4             3                3                  
64     33         6          6             6           0             0                0                  
65     34         6          6             6           2             2                1                  
66     30         6          6             6           1             1                1                  
67     36         6          6             6           1             1                1                  
68     36         4          4             4           2             2                2                  
69     35         5          5             5           1             0                0                  
70     35         8          8             8           1             1                1                  
71     35         2          2             2           0             0                0                  
72     43         12         12            12          3             3                3                  
73     31         11         11            11          5             5                5                  
74     37         11         11            11          4             4                3                  
75     25         4          4             4           1             1                1                  
76     31         4          4             4           1             1                1                  
77     34         4          4             4           1             1                1                  
78     25         3          3             3           0             0                0                  
79     31         6          6             6           0             0                0                  
80     30         7          7             7           0             0                0                  
----------------------------------------------------------------------------------
SUM    3014       607        606           601         191           188              144                
----------------------------------------------------------------------------------

 Total Ripple Number: 

 Detection parameters:
     maximum_peak:    3
     maxRippleLength: 100
     detection_peaks: thrsh
     num_peaks:       3
