Trial  Det1_2SD   Det2_4SD   Det3_MaxLen   Det4_Join   Det5_Cycles   Det6_Artif_Rej  
1      25         8          8             8           4             4               
2      25         5          5             5           3             3               
3      29         9          9             9           4             4               
4      33         10         10            10          6             6               
5      23         6          6             5           2             2               
6      24         6          6             6           0             0               
7      23         6          6             6           3             3               
8      30         12         12            11          5             5               
9      29         12         12            12          6             5               
10     27         9          9             9           3             3               
11     21         5          5             5           3             3               
12     41         14         14            14          5             5               
13     40         22         22            22          10            9               
14     24         6          6             6           3             3               
15     45         9          9             9           4             4               
16     38         8          8             8           5             4               
17     27         11         11            11          2             1               
18     28         9          9             9           4             4               
19     23         9          9             9           1             1               
20     31         8          8             8           3             3               
21     45         22         22            18          9             9               
22     21         2          2             2           0             0               
23     27         6          6             6           2             2               
24     26         8          8             8           2             2               
25     26         3          3             3           0             0               
26     23         4          4             4           1             1               
27     14         2          2             2           1             1               
28     33         7          7             7           4             4               
29     34         15         15            14          6             6               
30     48         24         24            22          11            11              
31     35         7          7             7           1             1               
32     28         1          1             1           1             1               
33     30         10         10            9           4             4               
34     30         13         13            12          5             5               
35     27         9          9             9           1             1               
36     27         8          8             8           4             4               
37     34         8          8             8           5             5               
38     37         12         12            12          4             3               
39     19         3          3             3           0             0               
40     30         9          9             9           1             1               
41     19         3          3             3           0             0               
42     23         7          7             7           3             3               
43     25         4          4             4           0             0               
44     26         3          3             3           1             1               
45     35         5          5             5           2             2               
46     33         11         11            11          2             2               
47     27         5          5             5           2             2               
48     21         5          5             5           2             2               
49     20         1          1             1           0             0               
50     22         8          8             7           4             4               
51     26         5          5             5           3             3               
52     23         9          9             9           5             5               
53     39         12         12            10          4             4               
54     30         6          6             6           0             0               
55     36         7          7             7           2             2               
56     24         2          2             2           1             1               
57     30         8          8             8           4             3               
58     28         9          9             9           4             3               
59     27         6          6             6           4             4               
60     28         4          4             4           2             2               
61     18         2          2             2           2             2               
62     22         6          6             5           3             3               
63     26         7          7             7           3             3               
64     29         5          5             5           3             3               
65     23         4          4             4           2             2               
66     24         6          6             5           2             2               
67     43         14         14            13          7             6               
68     34         17         17            15          6             5               
69     30         14         14            12          6             6               
70     28         7          7             7           2             2               
71     26         4          4             4           2             2               
72     24         3          3             3           1             1               
73     24         6          6             6           3             3               
74     21         3          3             3           1             1               
75     21         4          4             4           1             1               
76     27         8          8             8           1             1               
77     26         7          6             6           5             5               
78     36         8          8             8           4             3               
79     26         8          8             8           2             2               
80     24         8          8             7           5             5               
----------------------------------------------------------------------------------
SUM    2254       618        617           595         244           234             
----------------------------------------------------------------------------------

 Total Ripple Number: ê

 Detection parameters:
     maximum_peak:    3
     maxRippleLength: 100
     detection_peaks: thrsh
     num_peaks:       3
