Trial  Det1_2SD   Det2_4SD   Det3_MaxLen   Det4_Join   Det5_Cycles   Det6_Artif_Rej  
1      28         8          8             8           1             1               
2      20         4          4             4           0             0               
3      14         1          1             1           1             1               
4      22         7          7             7           3             3               
5      18         5          5             5           1             1               
6      24         7          7             7           2             2               
7      32         9          9             8           4             4               
8      34         11         11            11          6             6               
9      32         10         10            8           4             4               
10     25         9          9             7           4             4               
11     26         7          7             7           1             1               
12     37         9          9             9           4             4               
13     33         8          8             8           6             6               
14     25         10         10            9           3             3               
15     33         13         13            9           6             5               
16     39         19         19            17          6             5               
17     26         11         11            8           6             6               
18     29         9          9             7           6             6               
19     29         10         10            10          5             5               
20     24         6          6             6           3             3               
21     42         11         11            10          7             7               
22     20         2          2             2           1             1               
23     35         9          9             8           1             1               
24     30         4          4             4           0             0               
25     27         3          3             3           1             1               
26     31         7          7             7           3             3               
27     20         6          6             6           2             2               
28     33         12         12            12          5             5               
29     32         9          9             9           4             4               
30     43         23         23            22          12            12              
31     33         10         10            10          2             2               
32     22         5          5             5           1             1               
33     31         7          7             7           3             3               
34     28         6          6             6           2             2               
35     43         13         13            11          6             6               
36     31         8          8             8           2             2               
37     32         5          5             5           2             2               
38     35         13         13            13          8             7               
39     24         8          8             8           6             5               
40     37         7          7             7           3             3               
41     28         3          3             3           2             2               
42     17         2          2             1           1             1               
43     16         3          3             3           1             1               
44     14         4          4             4           0             0               
45     16         4          4             4           0             0               
46     28         7          7             7           1             1               
47     27         8          8             8           2             2               
48     21         5          5             5           2             2               
49     28         8          8             8           3             3               
50     37         17         17            17          5             5               
51     22         6          6             6           1             1               
52     26         9          9             9           3             3               
53     27         9          9             9           4             4               
54     35         14         14            14          3             3               
55     32         11         11            11          5             5               
56     30         12         12            12          6             6               
57     36         11         11            11          6             5               
58     42         11         11            11          5             4               
59     25         3          3             3           0             0               
60     33         9          9             8           6             5               
61     25         7          7             7           2             1               
62     27         8          8             6           3             3               
63     16         5          5             5           1             1               
64     27         7          7             7           3             3               
65     30         9          9             9           4             4               
66     28         5          5             5           1             1               
67     41         21         21            18          9             9               
68     33         11         11            11          6             6               
69     30         7          7             7           2             2               
70     43         10         10            9           2             2               
71     25         4          4             4           0             0               
72     18         5          5             5           1             1               
73     28         10         10            10          5             5               
74     15         1          1             1           1             1               
75     19         5          5             5           2             2               
76     32         10         10            10          6             5               
77     30         9          9             9           4             3               
78     30         8          8             8           3             3               
79     18         2          2             2           0             0               
80     29         6          6             6           5             5               
----------------------------------------------------------------------------------
SUM    2263       647        647           617         259           249             
----------------------------------------------------------------------------------

 Total Ripple Number: ù

 Detection parameters:
     maximum_peak:    3
     maxRippleLength: 100
     detection_peaks: thrsh
     num_peaks:       3
