Trial  Det1_2SD   Det2_4SD   Det3_MaxLen   Det4_Join   Det5_Cycles   Det6_Artif_Rej  
1      30         6          6             6           2             2               
2      22         6          6             6           1             1               
3      25         6          6             6           0             0               
4      27         10         10            10          3             3               
5      27         9          9             9           3             3               
6      38         4          4             4           0             0               
7      32         10         10            8           5             5               
8      39         12         12            12          5             5               
9      30         11         11            10          5             5               
10     28         8          8             6           2             2               
11     25         2          2             2           1             1               
12     33         9          9             9           2             2               
13     41         12         12            12          2             2               
14     25         5          5             5           4             4               
15     25         8          8             8           4             4               
16     25         6          6             6           2             2               
17     23         5          5             5           1             1               
18     31         11         11            10          1             1               
19     35         11         11            11          5             5               
20     23         7          7             7           4             4               
21     36         14         14            13          4             4               
22     25         5          5             5           2             2               
23     29         4          4             4           1             1               
24     22         4          4             4           3             3               
25     29         11         11            9           4             4               
26     33         8          8             8           3             3               
27     31         4          4             3           3             3               
28     25         9          9             9           5             5               
29     23         6          6             6           2             2               
30     40         16         16            16          7             6               
31     38         8          8             8           1             1               
32     26         6          6             6           2             2               
33     30         7          7             6           3             3               
34     27         7          7             6           3             3               
35     31         5          5             5           3             3               
36     29         7          7             7           4             3               
37     30         5          5             5           0             0               
38     34         14         14            14          3             3               
39     29         9          9             9           1             1               
40     25         7          7             7           2             2               
41     15         3          3             3           2             2               
42     19         4          4             4           1             1               
43     33         8          8             8           3             3               
44     31         6          6             6           1             1               
45     26         4          4             4           2             2               
46     28         9          9             9           2             2               
47     22         6          6             6           0             0               
48     22         4          4             4           0             0               
49     32         4          4             4           1             1               
50     47         8          8             8           0             0               
51     26         4          4             4           1             1               
52     27         6          6             6           4             4               
53     32         10         10            10          5             5               
54     27         14         14            14          4             4               
55     27         9          9             9           1             1               
56     32         3          3             3           1             1               
57     43         10         10            10          6             6               
58     42         13         13            13          5             4               
59     22         4          4             4           1             1               
60     30         8          8             8           5             5               
61     21         4          4             4           2             2               
62     37         7          7             7           1             1               
63     34         2          2             2           1             1               
64     25         4          4             4           1             1               
65     28         7          7             7           1             1               
66     26         1          1             1           0             0               
67     41         11         11            11          6             6               
68     32         13         13            13          2             2               
69     30         6          6             6           1             1               
70     30         6          6             4           2             2               
71     28         2          2             2           1             1               
72     22         5          5             5           1             1               
73     43         6          6             6           1             1               
74     32         7          7             7           1             1               
75     25         6          6             6           1             1               
76     30         11         11            11          7             6               
77     27         11         11            11          6             5               
78     24         5          5             5           1             1               
79     31         4          4             4           0             0               
80     22         2          2             2           1             1               
----------------------------------------------------------------------------------
SUM    2347       571        571           557         190           185             
----------------------------------------------------------------------------------

 Total Ripple Number: ¹

 Detection parameters:
     maximum_peak:    3
     maxRippleLength: 100
     detection_peaks: thrsh
     num_peaks:       3
