Trial  Det1_2SD   Det2_4SD   Det3_MaxLen   Det4_Join   Det5_Cycles   Det6_Artif_Rej  
1      18         2          2             2           0             0               
2      8          2          2             2           0             0               
3      9          3          3             3           0             0               
4      9          2          2             2           0             0               
5      11         0          0             0           0             0               
6      8          1          1             1           0             0               
7      18         6          6             6           3             3               
8      21         6          6             6           2             2               
9      20         6          6             6           2             2               
10     18         9          9             9           2             2               
11     12         0          0             0           0             0               
12     26         6          6             5           2             2               
13     35         10         10            9           4             4               
14     26         6          6             6           2             2               
15     31         10         10            10          6             6               
16     21         11         11            11          4             4               
17     26         12         12            11          5             5               
18     24         6          6             5           2             2               
19     28         8          8             8           2             2               
20     20         9          9             8           5             5               
21     33         10         10            10          6             5               
22     20         3          3             3           0             0               
23     24         4          4             4           2             2               
24     23         9          9             9           4             4               
25     31         12         12            12          5             5               
26     27         8          8             8           3             3               
27     24         1          1             1           0             0               
28     39         8          8             8           3             3               
29     33         14         14            12          7             7               
30     40         21         21            20          12            11              
31     28         14         14            14          5             5               
32     37         7          7             6           2             2               
33     32         8          8             8           5             5               
34     31         12         12            12          5             5               
35     36         8          8             8           5             5               
36     26         9          9             9           5             5               
37     29         5          5             5           5             5               
38     33         8          8             7           4             4               
39     21         4          4             4           2             2               
40     33         10         10            8           4             4               
41     22         7          7             6           3             3               
42     18         4          4             4           1             1               
43     10         2          2             2           2             2               
44     14         4          4             4           0             0               
45     22         4          4             4           0             0               
46     27         10         10            10          3             3               
47     26         11         11            11          6             6               
48     21         6          6             6           1             1               
49     17         6          6             6           1             1               
50     38         15         15            14          9             9               
51     29         6          6             6           5             5               
52     29         9          9             9           1             1               
53     30         9          9             9           1             1               
54     50         11         11            11          2             2               
55     38         12         12            12          4             4               
56     27         7          7             7           3             3               
57     43         23         23            20          7             7               
58     46         22         22            19          9             9               
59     25         9          9             9           3             3               
60     26         9          9             8           4             4               
61     35         8          8             8           6             6               
62     21         5          5             5           2             2               
63     17         3          3             3           3             3               
64     25         4          4             4           3             3               
65     28         6          6             6           3             3               
66     32         9          9             9           6             6               
67     46         19         19            19          10            9               
68     30         16         16            15          4             3               
69     20         3          3             2           1             1               
70     23         5          5             5           2             2               
71     19         6          6             6           1             1               
72     13         6          6             6           2             2               
73     20         3          3             3           1             1               
74     16         4          4             4           3             3               
75     28         4          4             4           1             1               
76     35         18         18            17          8             7               
77     22         8          8             8           3             2               
78     22         8          8             8           3             2               
79     15         5          5             4           1             1               
80     33         5          5             4           1             1               
----------------------------------------------------------------------------------
SUM    2047       621        621           595         254           247             
----------------------------------------------------------------------------------

 Total Ripple Number: ÷

 Detection parameters:
     maximum_peak:    3
     maxRippleLength: 100
     detection_peaks: thrsh
     num_peaks:       3
