Trial  Det1_2SD   Det2_4SD   Det3_MaxLen   Det4_Join   Det5_Cycles   Det6_Artif_Rej  
1      29         7          7             7           0             0               
2      28         5          5             5           1             1               
3      19         6          6             6           2             2               
4      21         4          4             4           1             1               
5      20         2          2             2           0             0               
6      23         7          7             7           0             0               
7      27         8          8             8           3             3               
8      28         6          6             6           1             1               
9      29         8          8             8           3             3               
10     31         4          4             4           1             1               
11     35         8          8             8           3             3               
12     25         6          6             6           1             1               
13     27         7          7             7           1             1               
14     24         5          5             5           2             2               
15     31         3          3             3           2             2               
16     23         4          4             4           0             0               
17     32         3          3             3           0             0               
18     28         8          8             8           2             2               
19     27         5          5             5           3             2               
20     20         7          7             7           3             3               
21     25         10         10            9           3             3               
22     20         4          4             4           0             0               
23     23         7          7             7           1             1               
24     23         6          6             6           1             1               
25     30         9          9             9           2             2               
26     41         10         10            10          3             3               
27     28         10         10            10          4             4               
28     38         7          7             7           2             2               
29     21         4          4             4           0             0               
30     21         7          7             7           1             1               
31     24         2          2             2           0             0               
32     36         7          7             7           2             2               
33     30         7          7             7           3             3               
34     27         7          7             7           2             2               
35     31         7          7             7           2             2               
36     29         2          2             2           0             0               
37     31         2          2             2           0             0               
38     44         5          5             5           1             1               
39     26         6          6             6           2             2               
40     27         4          4             4           0             0               
41     26         5          5             5           1             1               
42     37         8          8             8           2             2               
43     30         7          7             7           2             2               
44     31         5          5             5           2             2               
45     20         3          3             3           0             0               
46     24         4          4             4           1             1               
47     33         5          5             5           2             2               
48     39         7          7             7           2             2               
49     40         5          5             5           1             1               
50     31         4          4             4           1             1               
51     30         5          5             5           1             1               
52     32         6          6             6           0             0               
53     25         3          3             3           0             0               
54     26         5          5             5           3             3               
55     38         10         10            10          4             4               
56     36         8          8             8           1             1               
57     39         13         13            13          6             6               
58     35         8          8             8           2             2               
59     21         4          4             4           0             0               
60     28         8          8             8           2             2               
61     32         8          8             8           3             3               
62     32         7          7             7           3             3               
63     24         4          4             4           0             0               
64     24         3          3             3           0             0               
65     19         2          2             2           0             0               
66     23         3          3             3           0             0               
67     32         9          9             9           3             3               
68     25         8          8             8           2             2               
69     31         6          6             6           1             1               
70     27         6          6             6           4             4               
71     22         2          2             2           2             2               
72     28         4          4             4           0             0               
73     30         10         10            10          2             2               
74     28         9          9             9           3             3               
75     28         6          6             6           1             1               
76     30         3          3             3           1             0               
77     23         3          3             3           2             1               
78     27         9          9             9           4             4               
79     36         7          7             7           2             2               
80     32         3          3             3           1             1               
----------------------------------------------------------------------------------
SUM    2276       471        471           470         125           122             
----------------------------------------------------------------------------------

 Total Ripple Number: z

 Detection parameters:
     maximum_peak:    3
     maxRippleLength: 100
     detection_peaks: thrsh
     num_peaks:       3
