Trial  Det1_2SD   Det2_4SD   Det3_MaxLen   Det4_Join   Det5_Cycles   Det6_Artif_Rej  
1      24         4          4             4           1             1               
2      30         3          3             3           2             2               
3      29         7          7             7           3             3               
4      25         4          4             4           1             1               
5      23         8          8             8           3             3               
6      30         12         12            12          3             3               
7      29         6          6             6           1             1               
8      20         0          0             0           0             0               
9      28         6          6             6           1             1               
10     24         5          5             5           0             0               
11     35         8          8             8           0             0               
12     28         5          5             5           2             2               
13     27         8          8             8           4             4               
14     23         6          6             6           0             0               
15     24         5          5             5           0             0               
16     22         1          1             1           0             0               
17     22         5          5             5           2             2               
18     24         5          5             5           2             2               
19     34         10         10            10          4             4               
20     22         6          6             6           0             0               
21     23         2          2             2           1             1               
22     26         5          5             5           2             2               
23     26         3          3             3           1             1               
24     25         3          3             3           0             0               
25     23         4          4             4           1             1               
26     23         8          8             8           3             3               
27     32         5          5             5           3             3               
28     26         4          4             4           2             2               
29     21         4          4             4           1             1               
30     40         9          9             9           5             5               
31     31         6          6             6           2             2               
32     34         5          5             5           3             3               
33     23         3          3             3           0             0               
34     22         3          3             3           0             0               
35     18         1          1             1           0             0               
36     31         7          7             7           1             1               
37     22         5          5             5           1             1               
38     32         6          6             6           1             1               
39     35         10         10            10          4             4               
40     18         3          3             3           0             0               
41     22         3          3             3           0             0               
42     29         4          4             4           1             1               
43     37         10         10            10          5             5               
44     27         7          7             7           2             2               
45     18         2          2             2           1             1               
46     33         6          6             6           1             1               
47     32         6          6             6           0             0               
48     28         4          4             4           1             1               
49     23         5          5             5           1             1               
50     35         7          7             7           4             4               
51     43         12         12            12          4             4               
52     37         11         11            11          4             4               
53     22         7          7             7           2             2               
54     38         10         10            10          2             2               
55     34         7          7             7           2             2               
56     30         6          6             6           1             1               
57     30         6          6             6           4             3               
58     39         8          8             8           3             2               
59     23         6          6             6           2             2               
60     20         3          3             3           2             2               
61     37         8          8             8           2             2               
62     28         5          5             5           3             3               
63     26         10         10            10          4             4               
64     31         8          8             8           1             1               
65     33         7          7             7           3             3               
66     24         4          4             4           3             3               
67     27         7          7             7           1             1               
68     23         4          4             4           0             0               
69     32         7          7             7           3             3               
70     45         13         13            12          5             5               
71     33         5          5             5           2             2               
72     19         1          1             1           0             0               
73     22         5          5             5           1             1               
74     35         10         10            9           3             3               
75     26         6          6             5           2             2               
76     26         5          5             5           2             1               
77     27         6          6             6           2             1               
78     26         10         10            10          3             3               
79     30         8          8             8           1             1               
80     23         6          6             6           1             1               
----------------------------------------------------------------------------------
SUM    2227       475        475           472         144           140             
----------------------------------------------------------------------------------

 Total Ripple Number: 

 Detection parameters:
     maximum_peak:    3
     maxRippleLength: 100
     detection_peaks: thrsh
     num_peaks:       3
