Trial  Det1_2SD   Det2_4SD   Det3_MaxLen   Det4_Join   Det5_Cycles   68               101                

t6_Artif_Rej Det7_Spctr_Peak 1      30         2          2             2           0             0                0                  
2      38         12         12            12          2             2                2                  
3      24         1          1             1           0             0                0                  
4      35         3          3             3           0             0                0                  
5      28         7          7             7           1             1                1                  
6      33         8          8             8           4             4                3                  
7      48         10         10            10          2             2                2                  
8      45         11         11            11          4             3                3                  
9      43         9          9             9           3             2                2                  
10     41         4          4             4           1             1                1                  
11     44         5          5             5           3             3                2                  
12     43         6          6             6           2             2                1                  
13     46         8          8             8           2             2                2                  
14     48         13         13            13          4             4                4                  
15     39         12         12            12          3             3                3                  
16     42         13         13            13          4             4                4                  
17     40         10         10            10          1             1                1                  
18     40         8          8             8           2             2                2                  
19     39         7          7             7           2             1                1                  
20     37         5          5             5           1             1                0                  
21     37         7          7             7           4             3                1                  
22     37         7          7             7           0             0                0                  
23     48         11         11            11          1             1                1                  
24     45         9          9             9           1             1                1                  
25     39         9          9             9           1             1                1                  
26     43         10         10            10          5             5                4                  
27     39         9          9             9           6             6                5                  
28     34         8          8             8           3             2                1                  
29     39         10         10            10          0             0                0                  
30     47         13         13            13          3             2                2                  
31     35         10         10            10          2             2                2                  
32     33         8          8             8           3             3                3                  
33     36         12         12            12          4             4                3                  
34     38         8          8             8           3             3                2                  
35     43         1          1             1           1             1                1                  
36     38         3          3             3           1             1                1                  
37     44         13         13            13          5             5                5                  
38     43         12         12            12          3             3                3                  
39     48         6          6             6           2             2                2                  
40     30         5          5             5           0             0                0                  
41     41         6          6             6           2             2                2                  
42     52         13         13            13          3             3                3                  
43     54         13         13            13          5             5                4                  
44     35         8          8             8           1             1                1                  
45     31         7          7             7           1             1                1                  
46     31         5          5             5           3             3                3                  
47     36         5          5             5           1             1                1                  
48     33         4          4             4           0             0                0                  
49     40         8          8             8           3             2                2                  
50     42         8          8             8           3             2                2                  
51     50         6          6             6           1             1                1                  
52     61         14         14            14          4             3                3                  
53     52         14         14            14          7             6                5                  
54     50         12         12            12          8             7                4                  
55     38         9          9             9           3             3                2                  
56     36         6          6             6           2             2                2                  
57     53         9          9             9           2             2                2                  
58     51         8          8             7           3             2                2                  
59     43         8          8             7           3             2                2                  
60     38         9          9             9           3             3                3                  
61     36         7          7             7           1             1                1                  
62     28         6          6             6           2             1                1                  
63     33         8          8             8           1             0                0                  
64     45         15         15            15          1             1                1                  
65     34         10         10            10          1             1                1                  
66     34         10         10            10          3             3                3                  
67     33         12         12            12          5             5                3                  
68     36         12         12            12          8             7                2                  
69     46         12         12            12          8             7                3                  
70     45         9          9             9           1             1                1                  
71     46         7          7             7           0             0                0                  
72     37         9          9             9           3             3                3                  
73     36         10         10            10          5             5                5                  
74     38         9          9             9           5             5                5                  
75     47         13         13            13          4             4                4                  
76     40         11         11            11          3             3                3                  
77     29         5          5             5           3             3                3                  
78     44         10         10            10          6             6                5                  
79     53         12         12            12          6             6                5                  
80     38         5          5             5           0             0                0                  
----------------------------------------------------------------------------------
SUM    3224       689        689           687         213           196              166                

----------------------------------------------------------------------------------

 Total Ripple Number: 166

 Detection parameters:
     maximum_peak:    3
     maxRippleLength: 100
     detection_peaks: thrsh
     num_peaks:       3
