Trial  Det1_2SD   Det2_4SD   Det3_MaxLen   Det4_Join   Det5_Cycles   68               101                
t6_Artif_Rej Det7_Spctr_Peak 1      43         10         10            10          2             2                2                  
2      37         9          9             7           3             2                1                  
3      37         10         10            10          3             3                2                  
4      30         7          7             7           2             2                1                  
5      29         5          5             5           1             1                0                  
6      25         4          4             4           1             1                1                  
7      25         8          8             8           0             0                0                  
8      30         10         10            10          1             1                0                  
9      32         12         12            11          5             5                4                  
10     50         13         13            13          5             4                4                  
11     42         10         10            10          2             1                1                  
12     28         7          7             7           2             2                1                  
13     39         10         10            10          3             3                2                  
14     43         8          8             8           3             3                2                  
15     50         16         16            16          4             4                0                  
16     52         14         14            14          2             2                1                  
17     39         8          8             8           3             3                1                  
18     29         6          6             6           3             3                2                  
19     40         11         11            11          5             4                1                  
20     43         13         13            11          6             5                1                  
21     33         13         13            11          6             5                1                  
22     35         8          8             7           2             2                1                  
23     34         9          9             6           4             3                2                  
24     49         13         13            11          6             5                2                  
25     48         14         14            13          6             6                2                  
26     48         11         11            10          4             4                1                  
27     38         6          6             6           0             0                0                  
28     28         7          7             7           3             3                1                  
29     32         6          6             6           2             2                1                  
30     46         9          9             8           4             3                1                  
31     44         12         12            11          6             5                1                  
32     43         7          7             7           4             4                0                  
33     35         8          8             8           3             3                2                  
34     57         18         18            17          5             5                4                  
35     66         19         19            17          6             6                5                  
36     32         11         11            11          0             0                0                  
37     39         11         11            11          2             2                1                  
38     34         7          7             7           1             1                0                  
39     29         11         11            11          4             4                2                  
40     52         14         14            14          3             3                2                  
41     32         6          6             6           1             1                1                  
42     29         7          7             7           0             0                0                  
43     36         6          6             6           1             1                1                  
44     61         24         24            22          8             7                2                  
45     45         19         19            18          6             5                2                  
46     36         15         15            15          3             3                1                  
47     50         16         16            16          5             4                3                  
48     38         10         10            10          1             1                1                  
49     25         6          6             6           1             1                1                  
50     30         3          3             3           0             0                0                  
51     33         5          5             5           0             0                0                  
52     40         7          7             7           0             0                0                  
53     33         9          9             9           3             2                1                  
54     41         13         13            13          5             4                1                  
55     47         13         13            13          3             3                1                  
56     48         13         13            13          5             4                3                  
57     36         9          9             9           4             3                1                  
58     34         6          6             5           2             1                1                  
59     29         6          6             6           0             0                0                  
60     45         6          6             6           2             2                2                  
61     49         12         12            11          8             7                3                  
62     33         9          9             9           4             4                3                  
63     31         6          6             6           2             2                1                  
64     39         8          8             7           3             3                1                  
65     31         8          8             8           1             1                0                  
66     37         7          7             7           2             1                0                  
67     42         11         11            11          3             2                1                  
68     35         11         11            11          1             1                0                  
69     35         9          9             9           3             3                2                  
70     55         24         24            23          10            9                2                  
71     38         14         14            14          7             6                4                  
72     42         9          9             9           4             4                2                  
73     44         11         11            11          4             3                3                  
74     50         18         18            14          8             7                5                  
75     43         14         14            11          4             3                2                  
76     34         7          7             7           1             1                1                  
77     32         9          9             9           4             4                4                  
78     30         10         10            10          3             3                3                  
79     48         13         13            12          3             3                1                  
80     54         18         18            16          9             8                2                  
----------------------------------------------------------------------------------
SUM    3135       832        832           795         261           234              118                
----------------------------------------------------------------------------------

 Total Ripple Number: v

 Detection parameters:
     maximum_peak:    3
     maxRippleLength: 100
     detection_peaks: thrsh
     num_peaks:       3
