Trial  Det1_2SD   Det2_4SD   Det3_MaxLen   Det4_Join   Det5_Cycles   68               101                

t6_Artif_Rej Det7_Spctr_Peak 1      33         8          8             8           4             3                1                  
2      40         6          6             6           1             1                1                  
3      40         13         13            13          3             3                1                  
4      29         10         10            10          2             2                2                  
5      30         4          4             4           1             1                1                  
6      42         9          9             9           3             2                2                  
7      31         10         10            10          4             3                3                  
8      32         9          9             9           4             4                2                  
9      29         9          9             9           3             3                2                  
10     27         10         10            10          4             3                2                  
11     35         12         12            12          5             4                3                  
12     38         10         10            9           5             5                3                  
13     51         14         14            13          6             5                4                  
14     40         6          6             6           4             3                3                  
15     51         15         15            14          7             7                4                  
16     48         12         12            12          5             5                2                  
17     38         8          8             8           3             3                2                  
18     22         4          4             4           1             1                1                  
19     30         10         10            9           3             2                2                  
20     27         9          9             8           2             1                0                  
21     44         12         12            12          5             4                3                  
22     36         10         10            10          4             4                3                  
23     28         6          6             6           4             4                3                  
24     30         9          9             9           5             5                2                  
25     41         11         11            11          2             2                1                  
26     44         9          9             9           4             4                3                  
27     36         7          7             7           2             2                1                  
28     30         7          7             6           4             4                1                  
29     30         9          8             8           2             2                1                  
30     41         15         15            15          9             8                4                  
31     30         9          9             9           6             5                2                  
32     39         8          8             7           4             3                2                  
33     31         5          5             5           3             3                1                  
34     36         4          4             4           1             1                1                  
35     45         10         10            10          3             3                2                  
36     45         15         15            14          8             8                2                  
37     31         12         12            11          6             6                2                  
38     27         4          4             4           1             1                0                  
39     22         5          5             5           4             4                3                  
40     38         11         11            10          2             2                1                  
41     39         10         10            10          1             1                0                  
42     42         12         12            12          4             4                2                  
43     41         7          7             7           2             2                2                  
44     39         10         10            10          4             3                3                  
45     45         8          8             8           5             4                3                  
46     29         5          5             5           1             1                0                  
47     31         12         12            12          3             3                1                  
48     30         5          5             5           0             0                0                  
49     47         10         10            10          1             1                0                  
50     37         6          6             6           2             1                1                  
51     46         6          6             6           2             1                0                  
52     37         9          9             9           3             2                2                  
53     42         11         11            10          6             5                4                  
54     39         14         14            13          6             5                5                  
55     34         10         10            10          4             4                1                  
56     45         14         14            14          5             5                1                  
57     36         6          6             6           3             3                0                  
58     29         10         10            10          3             3                2                  
59     23         4          4             4           2             2                1                  
60     33         6          6             5           2             1                0                  
61     34         10         10            10          5             5                4                  
62     36         7          7             7           5             5                5                  
63     41         12         12            12          9             9                8                  
64     38         8          8             8           3             3                3                  
65     47         11         11            9           3             2                1                  
66     37         8          8             8           4             3                2                  
67     28         5          5             5           2             1                1                  
68     33         6          6             6           1             1                1                  
69     35         14         14            14          6             6                3                  
70     42         14         14            14          4             3                1                  
71     35         10         10            10          1             0                0                  
72     32         8          8             8           1             1                1                  
73     31         10         10            10          4             4                3                  
74     44         14         14            13          5             4                3                  
75     37         9          9             8           2             1                1                  
76     36         7          7             7           3             3                1                  
77     42         10         10            10          8             8                4                  
78     35         9          9             9           4             4                3                  
79     31         8          8             8           4             4                3                  
80     34         11         11            11          6             6                3                  
----------------------------------------------------------------------------------
SUM    2889       732        731           714         288           260              158                

----------------------------------------------------------------------------------

 Total Ripple Number: 158

 Detection parameters:
     maximum_peak:    3
     maxRippleLength: 100
     detection_peaks: thrsh
     num_peaks:       3
