Trial  Det1_2SD   Det2_4SD   Det3_MaxLen   Det4_Join   Det5_Cycles   68               101                

t6_Artif_Rej Det7_Spctr_Peak 1      44         8          8             8           2             2                2                  
2      45         11         11            11          5             5                5                  
3      44         16         16            16          3             3                3                  
4      33         7          7             7           2             2                1                  
5      31         4          4             4           1             1                1                  
6      36         9          9             9           4             4                2                  
7      34         7          7             7           2             2                1                  
8      42         3          3             3           1             1                1                  
9      48         7          7             7           2             2                1                  
10     35         6          6             6           2             1                1                  
11     41         10         10            8           5             4                4                  
12     33         9          9             8           4             4                4                  
13     53         15         15            15          6             5                3                  
14     50         16         16            16          8             7                4                  
15     51         11         11            11          4             4                4                  
16     44         14         14            14          4             4                2                  
17     22         5          5             5           0             0                0                  
18     32         8          8             8           1             1                1                  
19     37         12         12            12          3             2                1                  
20     46         10         10            10          4             3                1                  
21     45         7          7             7           4             3                2                  
22     28         5          5             5           0             0                0                  
23     39         10         10            10          4             4                4                  
24     40         11         11            11          3             2                2                  
25     40         7          7             7           3             2                2                  
26     40         10         10            10          2             2                2                  
27     31         11         11            11          3             3                2                  
28     39         14         14            14          2             2                2                  
29     36         8          8             8           2             2                1                  
30     36         10         10            9           3             3                2                  
31     37         8          8             8           1             1                0                  
32     37         8          8             8           3             3                3                  
33     36         6          6             6           2             2                2                  
34     45         11         11            11          5             5                4                  
35     52         14         14            12          6             6                5                  
36     46         11         11            11          4             4                4                  
37     37         7          7             7           2             2                2                  
38     31         7          7             7           1             1                1                  
39     36         5          5             5           0             0                0                  
40     56         10         10            10          2             2                2                  
41     42         12         12            12          1             1                0                  
42     35         6          6             6           1             1                1                  
43     41         5          5             5           2             2                1                  
44     43         7          7             7           3             2                2                  
45     48         11         11            11          6             5                5                  
46     35         10         10            10          3             3                2                  
47     39         8          8             8           3             3                3                  
48     39         6          6             6           2             2                0                  
49     38         8          8             8           1             1                1                  
50     29         6          6             6           0             0                0                  
51     31         4          4             4           0             0                0                  
52     41         7          7             7           1             1                1                  
53     34         8          8             7           3             2                1                  
54     37         9          9             7           3             2                1                  
55     37         8          8             8           2             2                1                  
56     36         8          8             8           4             4                3                  
57     35         5          5             5           2             2                2                  
58     29         7          7             7           2             2                2                  
59     22         4          4             4           2             2                2                  
60     35         7          7             7           1             1                1                  
61     31         5          5             5           0             0                0                  
62     36         6          6             6           1             1                1                  
63     50         8          8             8           1             1                1                  
64     41         6          6             6           3             3                2                  
65     46         15         15            14          8             7                5                  
66     49         13         13            12          7             6                5                  
67     46         9          8             8           4             3                2                  
68     45         10         10            10          3             3                1                  
69     36         7          7             7           2             2                1                  
70     36         7          7             7           1             0                0                  
71     35         8          8             8           1             0                0                  
72     33         6          6             6           2             2                1                  
73     37         5          5             5           2             2                1                  
74     43         11         11            11          2             1                1                  
75     50         14         14            14          6             5                5                  
76     44         12         12            12          4             4                4                  
77     44         12         12            12          4             4                4                  
78     32         9          9             9           3             3                3                  
79     38         8          8             8           2             2                2                  
80     41         9          9             9           3             3                3                  
----------------------------------------------------------------------------------
SUM    3127       694        693           682         216           196              155                

----------------------------------------------------------------------------------

 Total Ripple Number: 155

 Detection parameters:
     maximum_peak:    3
     maxRippleLength: 100
     detection_peaks: thrsh
     num_peaks:       3
