Trial  Det1_2SD   Det2_4SD   Det3_MaxLen   Det4_Join   Det5_Cycles   68               101                

t6_Artif_Rej Det7_Spctr_Peak 1      31         9          9             8           5             4                2                  
2      30         3          3             3           3             2                1                  
3      41         7          7             7           3             3                2                  
4      33         8          8             8           2             1                1                  
5      37         8          8             7           2             1                0                  
6      33         9          9             9           4             3                1                  
7      35         8          8             7           3             2                2                  
8      33         9          9             8           4             3                3                  
9      33         12         12            12          4             4                2                  
10     40         9          9             8           3             2                1                  
11     41         12         12            11          4             3                0                  
12     41         7          7             7           3             2                1                  
13     33         10         10            10          3             2                0                  
14     36         11         11            11          4             3                1                  
15     44         12         12            12          6             6                4                  
16     43         15         15            15          7             6                3                  
17     34         9          9             9           5             4                2                  
18     35         8          8             8           4             3                0                  
19     39         15         15            13          6             5                2                  
20     46         18         18            16          7             6                2                  
21     39         15         15            14          5             4                2                  
22     31         6          6             6           2             2                1                  
23     35         10         10            10          4             4                2                  
24     42         10         10            10          3             3                0                  
25     43         18         18            18          6             5                1                  
26     44         18         18            17          7             6                2                  
27     41         11         11            11          3             3                2                  
28     30         5          5             5           1             1                0                  
29     23         3          3             3           0             0                0                  
30     41         14         14            14          5             4                2                  
31     46         14         14            13          6             5                3                  
32     43         11         11            11          7             6                4                  
33     30         10         10            10          4             4                3                  
34     36         9          9             8           4             4                3                  
35     43         14         14            13          7             6                6                  
36     41         10         10            10          4             3                2                  
37     32         9          9             9           2             2                1                  
38     25         4          4             4           2             2                1                  
39     43         5          5             4           1             0                0                  
40     46         8          8             7           1             0                0                  
41     38         9          9             9           3             2                2                  
42     38         11         11            10          4             3                2                  
43     38         12         12            12          6             5                3                  
44     49         12         12            12          5             4                2                  
45     52         14         14            14          7             6                0                  
46     38         13         13            12          7             6                1                  
47     46         15         15            15          6             5                2                  
48     39         14         14            14          3             3                2                  
49     35         10         10            10          3             3                2                  
50     34         12         12            11          2             1                1                  
51     42         7          7             6           3             2                2                  
52     33         5          5             4           2             1                0                  
53     36         14         14            12          6             5                1                  
54     39         12         12            11          5             4                1                  
55     33         8          8             8           2             2                1                  
56     35         10         10            10          3             2                1                  
57     41         12         12            12          4             3                2                  
58     35         10         10            10          4             3                0                  
59     27         7          7             7           5             4                1                  
60     42         14         14            14          9             8                4                  
61     43         16         16            16          10            9                3                  
62     28         11         11            11          4             3                3                  
63     29         6          6             6           1             1                1                  
64     36         8          8             8           2             2                2                  
65     35         8          8             7           3             2                0                  
66     56         21         21            19          4             3                3                  
67     39         15         15            14          4             3                2                  
68     30         5          5             5           1             1                1                  
69     35         8          8             7           3             3                2                  
70     48         11         11            11          3             2                2                  
71     39         8          8             8           1             0                0                  
72     44         12         12            11          4             3                2                  
73     39         12         12            11          7             6                3                  
74     47         14         14            12          9             8                4                  
75     50         17         17            16          7             6                4                  
76     47         17         17            17          6             6                2                  
77     55         17         17            17          8             8                4                  
78     43         12         12            12          7             6                4                  
79     47         19         19            17          7             6                1                  
80     63         26         26            26          14            13               6                  
----------------------------------------------------------------------------------
SUM    3115       887        887           850         350           292              144                

----------------------------------------------------------------------------------

 Total Ripple Number: 144

 Detection parameters:
     maximum_peak:    3
     maxRippleLength: 100
     detection_peaks: thrsh
     num_peaks:       3
