Trial  Det1_2SD   Det2_4SD   Det3_MaxLen   Det4_Join   Det5_Cycles   68               101                

t6_Artif_Rej Det7_Spctr_Peak 1      38         9          9             8           3             3                2                  
2      27         5          5             5           3             3                1                  
3      35         8          8             8           2             2                0                  
4      35         6          6             6           4             4                3                  
5      26         3          3             3           2             2                1                  
6      37         13         13            13          7             7                4                  
7      33         9          9             9           3             3                3                  
8      29         5          5             5           1             1                1                  
9      46         7          7             7           3             2                2                  
10     47         12         12            12          6             5                3                  
11     45         14         14            14          8             7                3                  
12     35         11         11            11          6             6                3                  
13     28         8          8             8           4             3                2                  
14     26         7          7             7           1             0                0                  
15     42         16         16            16          3             3                2                  
16     46         14         14            13          6             6                4                  
17     28         3          3             3           2             2                2                  
18     29         4          4             4           1             1                1                  
19     27         11         11            11          3             2                1                  
20     35         15         15            15          5             4                3                  
21     27         5          5             5           5             4                4                  
22     31         8          8             8           3             3                2                  
23     25         8          8             8           5             5                3                  
24     33         6          6             6           5             5                1                  
25     36         9          9             9           4             4                1                  
26     28         8          8             8           4             4                1                  
27     31         9          9             9           3             3                2                  
28     33         9          9             9           3             3                1                  
29     25         5          5             5           2             2                1                  
30     32         10         10            10          7             6                4                  
31     39         11         11            11          6             5                2                  
32     42         13         13            12          5             4                1                  
33     24         7          7             7           2             2                0                  
34     30         7          7             6           3             3                1                  
35     43         13         13            13          8             8                4                  
36     53         19         19            18          11            11               6                  
37     33         9          9             9           5             5                3                  
38     35         5          5             5           0             0                0                  
39     40         9          9             9           1             1                1                  
40     42         13         13            12          5             5                1                  
41     43         16         16            14          4             4                2                  
42     42         14         14            14          6             6                2                  
43     38         7          7             7           4             4                1                  
44     27         9          9             9           3             2                1                  
45     32         12         12            12          6             5                4                  
46     41         8          8             8           3             3                2                  
47     33         5          5             5           2             2                2                  
48     39         5          5             4           3             3                2                  
49     43         8          8             7           2             2                1                  
50     35         6          6             6           3             3                1                  
51     36         13         13            13          3             3                2                  
52     31         12         12            11          4             3                2                  
53     35         12         12            11          6             5                5                  
54     39         10         10            9           6             5                4                  
55     42         9          9             9           3             3                1                  
56     42         8          8             8           2             2                1                  
57     39         6          6             6           1             1                0                  
58     30         3          3             3           0             0                0                  
59     30         2          2             2           1             1                1                  
60     33         7          7             6           3             2                1                  
61     31         11         11            11          6             6                4                  
62     32         9          9             9           6             6                6                  
63     49         15         15            14          7             7                5                  
64     30         4          4             4           0             0                0                  
65     48         14         14            13          5             4                0                  
66     43         14         14            13          7             6                1                  
67     32         10         10            10          3             2                1                  
68     22         4          4             4           1             1                1                  
69     35         8          8             8           4             4                2                  
70     51         12         12            11          7             6                4                  
71     40         12         12            11          6             5                3                  
72     39         13         13            13          5             5                4                  
73     37         8          8             8           4             4                3                  
74     38         11         11            10          5             4                3                  
75     26         13         13            12          6             5                3                  
76     33         13         13            12          6             6                4                  
77     49         12         12            11          7             7                5                  
78     22         4          4             4           1             1                1                  
79     28         3          3             3           1             1                1                  
80     42         8          8             8           5             5                1                  
----------------------------------------------------------------------------------
SUM    2833       733        733           710         317           293              167                

----------------------------------------------------------------------------------

 Total Ripple Number: 167

 Detection parameters:
     maximum_peak:    3
     maxRippleLength: 100
     detection_peaks: thrsh
     num_peaks:       3
