Trial  Det1_2SD   Det2_4SD   Det3_MaxLen   Det4_Join   Det5_Cycles   68               101                

t6_Artif_Rej Det7_Spctr_Peak 1      38         13         13            13          5             4                1                  
2      37         9          9             9           3             2                1                  
3      38         8          8             8           6             6                5                  
4      33         8          8             8           3             3                3                  
5      26         4          4             4           1             1                1                  
6      45         9          9             9           4             4                2                  
7      39         7          7             7           2             1                1                  
8      34         8          8             8           5             4                4                  
9      48         11         11            11          3             3                3                  
10     49         11         11            10          5             4                1                  
11     41         10         10            9           5             4                2                  
12     31         9          9             8           5             5                4                  
13     39         15         15            14          8             7                3                  
14     31         9          9             8           4             3                0                  
15     39         10         10            10          4             4                2                  
16     36         9          9             9           2             2                2                  
17     45         10         10            10          4             3                3                  
18     47         9          9             9           2             2                2                  
19     39         14         14            11          5             4                2                  
20     39         18         18            15          7             6                2                  
21     32         12         12            11          6             5                2                  
22     41         8          8             8           1             1                0                  
23     28         8          8             8           3             3                3                  
24     37         11         11            11          3             3                3                  
25     60         17         17            14          5             4                3                  
26     51         15         15            13          6             5                3                  
27     28         8          8             8           2             2                0                  
28     27         7          7             7           3             3                3                  
29     36         5          5             5           1             1                0                  
30     56         16         16            15          10            9                5                  
31     59         14         14            14          7             6                3                  
32     50         14         14            14          4             3                0                  
33     41         11         11            11          3             2                0                  
34     29         7          7             7           1             1                0                  
35     37         11         11            10          6             6                3                  
36     49         16         16            16          6             6                3                  
37     28         7          7             7           2             2                2                  
38     37         12         12            12          3             2                1                  
39     43         14         14            14          2             1                1                  
40     52         14         14            14          1             1                0                  
41     53         10         10            10          4             4                3                  
42     41         11         11            11          6             5                3                  
43     36         6          6             6           3             2                2                  
44     45         20         20            19          7             6                4                  
45     50         23         23            22          9             8                5                  
46     36         12         12            12          2             1                1                  
47     27         8          8             8           5             4                3                  
48     43         15         15            15          9             8                7                  
49     38         16         16            16          4             3                3                  
50     37         14         14            13          4             3                3                  
51     47         11         11            10          8             7                5                  
52     32         7          7             7           5             5                4                  
53     41         10         10            9           4             3                3                  
54     43         14         14            12          4             3                2                  
55     44         11         11            11          2             2                1                  
56     40         11         11            11          4             3                2                  
57     46         12         12            12          1             0                0                  
58     48         16         16            16          4             3                1                  
59     37         9          9             9           3             2                1                  
60     40         9          9             9           5             4                3                  
61     44         7          7             7           2             2                2                  
62     32         7          7             7           2             1                1                  
63     33         9          9             9           3             3                2                  
64     32         7          7             7           2             2                1                  
65     40         15         15            15          5             4                2                  
66     36         20         20            19          7             6                2                  
67     37         9          9             8           3             2                1                  
68     43         10         10            10          1             1                0                  
69     27         11         11            11          3             3                3                  
70     40         11         11            11          2             1                1                  
71     31         12         12            12          2             1                1                  
72     39         16         16            15          2             2                2                  
73     47         12         12            12          1             1                1                  
74     42         11         11            10          3             2                2                  
75     44         14         14            13          4             3                3                  
76     37         4          4             4           2             2                2                  
77     41         10         10            10          3             3                2                  
78     36         17         17            17          3             3                2                  
79     41         17         17            16          5             5                2                  
80     52         17         17            16          9             9                5                  
----------------------------------------------------------------------------------
SUM    3193       909        909           876         315           270              172                

----------------------------------------------------------------------------------

 Total Ripple Number: 172

 Detection parameters:
     maximum_peak:    3
     maxRippleLength: 100
     detection_peaks: thrsh
     num_peaks:       3
