Trial  Det1_2SD   Det2_4SD   Det3_MaxLen   Det4_Join   Det5_Cycles   68               101                

t6_Artif_Rej Det7_Spctr_Peak 1      37         9          9             9           2             2                2                  
2      28         6          6             6           3             3                1                  
3      35         7          7             7           1             1                1                  
4      42         7          7             7           3             3                2                  
5      34         5          5             5           2             2                1                  
6      35         9          9             9           5             4                2                  
7      40         10         10            9           4             3                1                  
8      36         4          4             4           1             1                0                  
9      40         5          5             5           3             3                2                  
10     37         8          8             8           7             6                5                  
11     43         8          8             8           3             2                2                  
12     31         6          6             6           1             1                1                  
13     28         7          7             7           2             2                2                  
14     37         11         11            11          1             1                1                  
15     34         6          6             6           2             2                1                  
16     38         6          6             6           3             3                1                  
17     41         8          8             8           3             3                1                  
18     41         8          8             8           3             2                1                  
19     48         12         12            12          6             5                2                  
20     44         7          7             7           3             3                1                  
21     38         9          9             9           2             2                1                  
22     31         4          4             4           1             1                1                  
23     33         6          6             6           2             1                1                  
24     33         11         11            10          6             5                4                  
25     39         12         12            12          7             7                6                  
26     46         13         13            13          8             7                4                  
27     37         10         10            9           5             4                0                  
28     38         9          9             8           2             1                0                  
29     38         6          6             6           2             2                1                  
30     32         5          5             5           2             2                2                  
31     46         14         14            14          4             4                3                  
32     25         7          7             7           1             1                0                  
33     42         9          9             9           2             2                1                  
34     52         19         19            18          7             6                4                  
35     38         11         11            10          4             3                2                  
36     36         7          7             7           2             2                2                  
37     32         7          7             7           5             5                3                  
38     37         11         11            11          3             3                3                  
39     40         5          5             5           3             3                2                  
40     40         5          5             5           1             1                1                  
41     35         8          8             7           3             2                1                  
42     29         7          7             7           3             2                2                  
43     30         8          8             8           2             1                1                  
44     42         16         16            14          6             5                2                  
45     38         15         15            13          5             4                1                  
46     46         17         17            16          6             5                1                  
47     38         15         15            12          8             7                1                  
48     29         6          6             6           2             2                1                  
49     41         8          8             8           4             4                3                  
50     33         7          7             6           2             2                1                  
51     41         6          6             5           3             2                1                  
52     40         8          8             8           3             2                1                  
53     47         13         13            13          7             6                3                  
54     46         14         14            14          8             7                2                  
55     36         10         10            10          4             3                0                  
56     45         9          9             9           5             4                2                  
57     37         3          3             3           2             1                1                  
58     36         5          5             5           1             1                1                  
59     32         5          5             5           2             2                2                  
60     42         12         12            12          4             3                2                  
61     35         9          9             8           3             2                0                  
62     29         4          4             4           2             1                1                  
63     35         7          7             7           2             2                2                  
64     33         6          6             6           3             3                1                  
65     33         9          9             9           2             2                0                  
66     34         8          8             8           4             3                1                  
67     39         9          9             9           3             2                2                  
68     34         11         11            11          5             4                4                  
69     31         7          7             7           4             4                3                  
70     45         14         14            13          7             6                5                  
71     29         7          7             7           4             3                2                  
72     29         5          5             5           2             1                0                  
73     30         8          8             8           4             3                1                  
74     42         7          7             7           3             2                0                  
75     38         5          5             5           1             1                0                  
76     40         5          5             5           1             1                1                  
77     36         12         12            12          4             4                3                  
78     41         13         13            12          7             6                3                  
79     43         14         14            13          9             8                1                  
80     48         18         18            18          11            10               4                  
----------------------------------------------------------------------------------
SUM    2989       699        699           678         288           247              134                

----------------------------------------------------------------------------------

 Total Ripple Number: 134

 Detection parameters:
     maximum_peak:    3
     maxRippleLength: 100
     detection_peaks: thrsh
     num_peaks:       3
