Trial  Det1_2SD   Det2_4SD   Det3_MaxLen   Det4_Join   Det5_Cycles   68               101                

t6_Artif_Rej Det7_Spctr_Peak 1      36         6          6             5           3             3                3                  
2      36         4          4             4           1             1                1                  
3      36         5          5             5           1             1                1                  
4      31         9          9             9           1             1                1                  
5      32         6          6             6           2             2                1                  
6      32         9          9             9           5             4                1                  
7      46         15         15            15          5             4                1                  
8      39         7          7             7           2             2                1                  
9      41         2          2             2           1             1                1                  
10     50         5          5             5           4             3                2                  
11     45         5          5             5           3             2                2                  
12     32         8          8             8           2             1                1                  
13     30         7          7             7           5             4                4                  
14     35         12         12            12          6             5                5                  
15     32         9          9             9           4             3                2                  
16     37         9          9             9           3             3                2                  
17     48         8          8             8           3             3                2                  
18     43         10         10            10          5             4                4                  
19     42         16         16            16          5             4                3                  
20     42         13         13            13          6             5                4                  
21     42         10         10            10          3             2                2                  
22     44         10         10            10          2             2                2                  
23     45         7          7             7           2             1                1                  
24     37         12         12            12          6             5                5                  
25     45         11         11            11          6             5                4                  
26     55         13         13            12          6             5                3                  
27     33         11         11            9           8             7                2                  
28     33         4          4             3           2             1                1                  
29     38         5          5             5           1             1                1                  
30     38         8          8             8           3             3                3                  
31     50         16         16            16          5             5                5                  
32     30         8          8             8           1             1                1                  
33     43         13         13            13          4             3                3                  
34     48         16         16            16          5             4                3                  
35     45         10         10            10          3             2                2                  
36     38         4          4             4           1             1                1                  
37     33         7          7             7           3             3                3                  
38     31         11         11            11          3             3                2                  
39     46         15         15            15          5             5                3                  
40     44         8          8             8           3             3                3                  
41     43         14         14            14          7             6                4                  
42     36         4          4             4           2             1                1                  
43     34         7          7             7           1             0                0                  
44     46         14         14            13          6             5                1                  
45     35         11         11            10          6             5                2                  
46     43         11         11            10          5             4                3                  
47     41         16         16            12          7             6                2                  
48     25         9          9             9           3             2                2                  
49     42         11         11            11          2             2                1                  
50     39         8          8             7           3             3                2                  
51     41         9          9             8           4             3                2                  
52     41         7          7             7           5             4                3                  
53     43         12         12            12          8             7                3                  
54     42         11         11            11          7             6                3                  
55     39         9          9             9           4             3                2                  
56     41         11         11            11          5             4                3                  
57     39         9          9             9           3             2                2                  
58     31         8          8             8           1             1                1                  
59     26         7          7             7           4             3                2                  
60     39         11         11            11          4             3                2                  
61     45         11         11            11          4             3                2                  
62     34         9          9             9           2             1                1                  
63     23         8          8             8           1             1                1                  
64     24         7          7             7           4             4                3                  
65     32         8          8             8           5             5                5                  
66     40         4          4             4           2             1                1                  
67     41         11         11            10          3             2                1                  
68     40         9          9             9           4             3                1                  
69     27         4          4             4           3             3                2                  
70     47         14         14            13          10            9                6                  
71     36         11         11            10          4             3                3                  
72     28         6          6             6           3             2                1                  
73     43         11         11            11          4             3                2                  
74     48         7          7             7           2             1                0                  
75     37         4          4             4           1             1                0                  
76     44         10         10            10          4             4                4                  
77     43         11         11            10          3             3                2                  
78     37         11         11            9           4             3                0                  
79     46         23         23            22          11            10               2                  
80     54         26         26            23          12            11               4                  
----------------------------------------------------------------------------------
SUM    3118       768        768           744         312           261              174                

----------------------------------------------------------------------------------

 Total Ripple Number: 174

 Detection parameters:
     maximum_peak:    3
     maxRippleLength: 100
     detection_peaks: thrsh
     num_peaks:       3
