Trial  Det1_2SD   Det2_4SD   Det3_MaxLen   Det4_Join   Det5_Cycles   68               101                
t6_Artif_Rej Det7_Spctr_Peak 1      26         5          5             5           1             1                0                  
2      24         2          2             2           0             0                0                  
3      43         7          7             7           0             0                0                  
4      36         7          7             7           2             2                0                  
5      34         9          9             9           1             1                0                  
6      33         4          4             4           1             1                0                  
7      41         6          6             6           5             5                4                  
8      31         5          5             5           3             3                1                  
9      31         6          6             6           5             5                4                  
10     28         11         11            11          10            10               7                  
11     30         3          3             3           2             2                1                  
12     23         0          0             0           0             0                0                  
13     25         2          2             2           1             1                1                  
14     16         5          5             5           1             1                1                  
15     20         6          6             6           1             1                1                  
16     29         9          9             9           2             2                1                  
17     36         6          6             6           1             1                1                  
18     36         4          4             4           2             2                0                  
19     33         7          7             5           3             3                0                  
20     25         2          2             2           0             0                0                  
21     25         3          3             3           0             0                0                  
22     37         12         12            11          5             5                5                  
23     21         9          9             9           3             3                3                  
24     34         10         10            10          4             4                4                  
25     29         7          7             7           4             4                4                  
26     32         9          9             9           5             5                4                  
27     22         6          6             6           2             2                2                  
28     32         12         12            12          3             3                3                  
29     23         6          6             6           4             4                2                  
30     23         4          4             4           2             2                1                  
31     17         1          1             1           0             0                0                  
32     17         1          1             1           0             0                0                  
33     29         8          8             8           3             3                0                  
34     14         0          0             0           0             0                0                  
35     26         4          4             4           1             1                0                  
36     31         6          6             6           3             3                2                  
37     34         7          7             7           2             2                2                  
38     21         5          5             5           4             4                3                  
39     19         3          3             3           2             2                1                  
40     12         3          3             3           2             2                0                  
41     19         5          5             5           2             2                2                  
42     30         7          7             7           0             0                0                  
43     34         8          8             8           1             1                1                  
44     24         9          9             9           3             3                1                  
45     23         1          1             1           1             1                1                  
46     24         2          2             2           2             2                2                  
47     24         4          4             4           2             2                1                  
48     34         9          9             9           2             2                1                  
49     43         15         15            15          6             5                1                  
50     40         7          7             7           0             0                0                  
51     40         12         12            11          7             7                4                  
52     19         3          3             2           1             1                1                  
53     25         5          5             5           2             2                2                  
54     51         14         14            14          5             5                4                  
55     39         10         10            10          2             2                0                  
56     26         2          2             2           0             0                0                  
57     25         3          3             3           1             1                1                  
58     21         6          6             6           3             3                0                  
59     31         5          5             5           2             2                1                  
60     23         0          0             0           0             0                0                  
61     28         6          6             6           3             3                1                  
62     25         8          8             8           3             3                2                  
63     21         6          6             6           2             1                1                  
64     47         18         18            18          8             7                6                  
65     29         7          7             7           2             2                2                  
66     28         5          5             5           1             1                1                  
67     25         6          6             6           2             2                2                  
68     24         4          4             4           2             2                1                  
69     28         7          7             7           2             2                1                  
70     35         8          8             6           4             3                3                  
71     33         6          6             6           2             2                2                  
72     21         5          5             5           2             2                2                  
73     19         4          4             4           2             2                2                  
74     21         4          4             4           2             2                2                  
75     20         1          1             1           0             0                0                  
76     27         3          3             3           2             2                1                  
77     32         7          7             7           5             5                2                  
78     41         12         12            10          4             4                0                  
79     37         10         10            10          3             3                2                  
80     31         4          4             4           2             2                0                  
----------------------------------------------------------------------------------
SUM    2265       480        480           471         185           181              114                
----------------------------------------------------------------------------------

 Total Ripple Number: r

 Detection parameters:
     maximum_peak:    3
     maxRippleLength: 100
     detection_peaks: thrsh
     num_peaks:       3
