Trial  Det1_2SD   Det2_4SD   Det3_MaxLen   Det4_Join   Det5_Cycles   68               101                
t6_Artif_Rej Det7_Spctr_Peak 1      16         3          3             3           1             1                0                  
2      10         4          4             4           1             1                1                  
3      19         4          4             4           1             1                1                  
4      23         7          7             7           3             3                2                  
5      27         9          9             8           6             6                1                  
6      24         5          5             5           0             0                0                  
7      28         9          9             9           1             1                0                  
8      38         10         10            10          3             3                3                  
9      29         9          9             9           4             4                2                  
10     25         4          4             4           1             1                1                  
11     26         2          2             2           0             0                0                  
12     25         2          2             2           1             1                1                  
13     25         6          6             6           3             3                1                  
14     29         5          5             5           2             2                0                  
15     39         6          6             6           2             2                2                  
16     33         5          5             5           2             2                1                  
17     22         2          2             2           1             1                0                  
18     30         7          7             7           1             1                1                  
19     33         14         14            13          9             8                2                  
20     33         11         11            10          5             5                3                  
21     33         8          8             8           3             3                1                  
22     27         7          7             7           4             4                2                  
23     34         9          9             9           2             2                1                  
24     39         12         12            12          4             4                1                  
25     27         3          3             3           0             0                0                  
26     33         4          4             4           1             1                1                  
27     27         8          8             8           3             3                1                  
28     37         7          7             7           2             2                2                  
29     32         5          5             5           0             0                0                  
30     13         2          2             2           1             1                1                  
31     14         1          1             1           0             0                0                  
32     21         5          5             5           1             1                0                  
33     38         12         12            10          5             5                1                  
34     21         2          2             2           0             0                0                  
35     37         8          8             8           2             2                1                  
36     26         9          9             8           4             4                3                  
37     27         3          3             3           1             1                0                  
38     36         5          5             5           0             0                0                  
39     22         2          2             2           0             0                0                  
40     29         6          6             6           2             2                0                  
41     31         7          7             7           3             3                1                  
42     37         8          8             7           3             3                1                  
43     50         13         13            11          4             4                1                  
44     33         11         11            10          5             5                0                  
45     23         8          8             7           3             3                1                  
46     34         12         12            11          3             3                2                  
47     24         4          4             4           1             1                1                  
48     31         11         11            11          4             4                4                  
49     29         7          7             7           3             3                1                  
50     22         3          3             3           0             0                0                  
51     41         10         10            10          2             2                0                  
52     35         11         11            11          4             4                2                  
53     30         9          9             9           5             5                3                  
54     43         13         13            13          3             3                1                  
55     35         12         12            12          3             3                1                  
56     15         2          2             2           0             0                0                  
57     28         5          4             4           1             1                0                  
58     20         8          8             8           4             4                4                  
59     27         5          5             5           2             2                2                  
60     17         2          2             2           2             2                1                  
61     33         13         13            13          5             5                1                  
62     29         4          4             4           1             1                0                  
63     41         11         11            10          7             7                4                  
64     45         18         18            16          8             7                1                  
65     28         10         10            10          4             4                1                  
66     37         10         10            10          3             3                0                  
67     22         2          2             2           0             0                0                  
68     12         3          3             3           2             2                2                  
69     19         8          8             7           5             4                1                  
70     41         18         18            18          11            10               4                  
71     20         6          6             6           2             2                0                  
72     15         6          6             6           1             1                0                  
73     22         3          3             3           0             0                0                  
74     26         5          5             5           0             0                0                  
75     20         2          2             2           0             0                0                  
76     22         5          5             5           2             2                1                  
77     37         14         14            14          5             5                2                  
78     35         9          9             9           3             3                2                  
79     41         12         12            12          4             4                1                  
80     30         9          9             9           3             3                1                  
----------------------------------------------------------------------------------
SUM    2287       571        570           554         203           199              84                 
----------------------------------------------------------------------------------

 Total Ripple Number: T

 Detection parameters:
     maximum_peak:    3
     maxRippleLength: 100
     detection_peaks: thrsh
     num_peaks:       3
