Trial  Det1_2SD   Det2_4SD   Det3_MaxLen   Det4_Join   Det5_Cycles   68               101                
t6_Artif_Rej Det7_Spctr_Peak 1      29         3          3             3           1             1                1                  
2      17         5          5             5           2             2                1                  
3      32         5          5             5           1             1                1                  
4      32         7          7             7           2             2                1                  
5      28         6          6             6           1             1                0                  
6      20         7          7             7           2             2                1                  
7      23         5          5             5           2             2                2                  
8      34         9          9             9           3             3                2                  
9      42         9          9             9           3             3                3                  
10     31         6          6             6           2             2                2                  
11     28         9          9             9           3             3                3                  
12     29         8          8             8           1             1                1                  
13     19         4          4             4           1             1                0                  
14     27         5          5             5           2             2                1                  
15     23         2          2             2           0             0                0                  
16     22         2          2             2           0             0                0                  
17     20         5          5             5           3             3                1                  
18     26         7          7             7           1             1                0                  
19     24         6          6             6           2             2                0                  
20     22         7          7             7           2             2                0                  
21     16         5          5             5           2             2                0                  
22     30         6          6             6           4             4                1                  
23     21         3          3             3           1             1                0                  
24     29         8          8             8           3             3                2                  
25     30         9          9             9           3             3                2                  
26     23         3          3             3           0             0                0                  
27     15         2          2             2           0             0                0                  
28     32         11         11            11          3             3                1                  
29     34         5          5             5           2             2                2                  
30     24         2          1             1           0             0                0                  
31     14         0          0             0           0             0                0                  
32     10         1          1             1           1             1                1                  
33     36         13         13            13          6             6                3                  
34     17         4          4             4           1             1                1                  
35     24         3          3             3           0             0                0                  
36     24         1          1             1           1             1                0                  
37     35         7          7             7           3             3                2                  
38     30         5          5             5           4             4                2                  
39     24         5          5             5           3             3                2                  
40     27         3          3             3           0             0                0                  
41     22         5          5             5           3             3                2                  
42     26         3          3             3           1             1                1                  
43     34         5          5             5           3             3                1                  
44     17         5          5             5           3             3                0                  
45     28         2          2             2           2             2                1                  
46     31         5          5             5           3             3                1                  
47     27         4          4             4           2             2                0                  
48     30         6          6             6           4             4                1                  
49     42         13         13            13          5             5                1                  
50     32         7          7             7           0             0                0                  
51     28         8          8             8           4             4                3                  
52     20         3          3             3           1             1                1                  
53     40         9          9             9           1             1                0                  
54     38         7          7             7           3             3                2                  
55     40         9          9             9           5             5                3                  
56     29         5          5             5           2             2                1                  
57     19         5          5             5           1             1                0                  
58     28         12         12            12          6             6                3                  
59     24         8          8             8           4             4                2                  
60     18         4          4             4           0             0                0                  
61     38         10         10            10          2             2                2                  
62     35         4          4             4           2             2                2                  
63     29         11         11            11          3             3                1                  
64     50         16         16            16          7             7                5                  
65     34         10         10            10          3             3                2                  
66     32         11         11            11          5             5                4                  
67     24         7          7             7           3             3                2                  
68     30         6          6             6           3             3                1                  
69     28         8          8             7           5             5                0                  
70     36         11         11            11          7             7                3                  
71     23         5          5             5           3             3                3                  
72     16         3          3             3           2             2                2                  
73     31         3          3             3           2             2                2                  
74     40         10         10            10          4             4                3                  
75     17         3          3             3           1             1                1                  
76     15         1          1             1           0             0                0                  
77     26         8          8             8           5             4                2                  
78     36         11         11            11          8             7                4                  
79     45         15         15            15          7             7                4                  
80     29         7          7             7           4             4                2                  
----------------------------------------------------------------------------------
SUM    2210       498        497           496         200           198              107                
----------------------------------------------------------------------------------

 Total Ripple Number: k

 Detection parameters:
     maximum_peak:    3
     maxRippleLength: 100
     detection_peaks: thrsh
     num_peaks:       3
