Trial  Det1_2SD   Det2_4SD   Det3_MaxLen   Det4_Join   Det5_Cycles   68               101                
t6_Artif_Rej Det7_Spctr_Peak 1      28         3          3             3           1             1                1                  
2      39         11         11            11          5             5                4                  
3      21         2          2             2           0             0                0                  
4      23         2          2             2           1             1                0                  
5      25         3          3             3           0             0                0                  
6      25         5          5             5           1             1                0                  
7      27         4          4             4           2             2                1                  
8      33         7          7             7           2             2                1                  
9      39         14         14            14          2             2                1                  
10     27         6          6             6           3             3                2                  
11     23         4          4             4           1             1                1                  
12     29         5          5             5           2             2                1                  
13     24         4          4             4           2             2                1                  
14     23         4          4             4           0             0                0                  
15     29         8          8             8           4             4                4                  
16     29         6          6             6           3             3                2                  
17     39         5          5             5           2             2                1                  
18     39         10         10            10          2             2                1                  
19     37         9          9             9           4             4                1                  
20     30         7          7             7           3             3                0                  
21     25         5          5             5           1             1                1                  
22     34         5          5             5           1             1                1                  
23     25         4          4             4           0             0                0                  
24     31         5          5             5           0             0                0                  
25     26         2          2             2           1             1                1                  
26     32         3          3             3           0             0                0                  
27     34         9          9             9           1             1                0                  
28     27         7          7             6           2             2                0                  
29     27         6          6             5           3             3                2                  
30     33         6          6             6           2             2                1                  
31     29         4          4             4           1             1                1                  
32     31         4          4             4           2             2                1                  
33     36         8          8             8           5             5                1                  
34     23         2          2             2           0             0                0                  
35     19         3          3             3           1             1                1                  
36     22         3          3             3           2             2                1                  
37     26         4          4             4           1             1                1                  
38     22         4          4             4           1             1                0                  
39     25         4          4             4           1             1                1                  
40     37         13         13            13          6             6                6                  
41     36         7          7             7           4             4                3                  
42     36         9          9             9           3             3                2                  
43     38         7          7             7           2             2                1                  
44     33         7          7             7           5             5                2                  
45     30         4          4             4           2             2                2                  
46     33         5          5             5           1             1                0                  
47     26         6          6             6           1             1                0                  
48     27         4          4             4           2             2                1                  
49     31         7          7             7           3             3                2                  
50     28         6          6             6           2             2                1                  
51     34         10         10            10          3             3                1                  
52     21         3          3             3           2             2                1                  
53     29         5          5             5           2             2                1                  
54     33         8          8             8           1             1                1                  
55     27         6          6             6           3             3                1                  
56     26         3          3             3           0             0                0                  
57     22         4          4             3           1             1                0                  
58     26         7          7             7           3             3                1                  
59     28         4          4             4           1             1                1                  
60     24         3          3             3           0             0                0                  
61     19         3          3             3           2             2                1                  
62     31         4          4             4           0             0                0                  
63     31         9          9             9           3             3                0                  
64     39         8          8             8           3             3                2                  
65     33         6          6             6           2             2                2                  
66     24         5          5             5           3             3                2                  
67     34         4          4             4           0             0                0                  
68     38         9          9             9           1             1                1                  
69     36         10         10            10          4             4                0                  
70     32         8          8             8           4             3                2                  
71     23         2          2             2           1             1                0                  
72     27         4          4             4           0             0                0                  
73     18         3          3             3           2             2                2                  
74     25         2          2             2           2             2                2                  
75     23         4          4             4           2             2                0                  
76     23         3          3             3           1             1                0                  
77     30         8          8             8           3             2                1                  
78     30         8          8             8           6             5                2                  
79     36         12         12            12          3             3                0                  
80     26         6          6             6           0             0                0                  
----------------------------------------------------------------------------------
SUM    2319       453        453           450         154           151              79                 
----------------------------------------------------------------------------------

 Total Ripple Number: O

 Detection parameters:
     maximum_peak:    3
     maxRippleLength: 100
     detection_peaks: thrsh
     num_peaks:       3
