Trial  Det1_2SD   Det2_4SD   Det3_MaxLen   Det4_Join   Det5_Cycles   68               101                
t6_Artif_Rej Det7_Spctr_Peak 1      31         6          6             6           2             2                2                  
2      37         7          7             7           4             4                4                  
3      28         5          5             5           2             2                2                  
4      28         5          5             5           2             2                2                  
5      32         6          6             6           3             3                3                  
6      32         4          4             4           1             1                1                  
7      22         3          3             3           1             1                1                  
8      30         3          3             3           2             2                2                  
9      29         2          2             2           0             0                0                  
10     29         6          6             6           3             3                2                  
11     25         9          9             9           1             1                1                  
12     37         5          5             5           0             0                0                  
13     24         2          2             2           0             0                0                  
14     33         4          4             4           1             1                1                  
15     26         5          5             5           2             2                2                  
16     36         13         13            13          5             5                5                  
17     38         12         12            12          4             4                4                  
18     34         6          6             6           2             2                2                  
19     28         9          9             9           5             5                5                  
20     33         10         10            10          4             4                4                  
21     20         4          4             4           1             1                1                  
22     30         8          8             8           3             3                2                  
23     26         6          6             6           3             3                3                  
24     20         2          2             2           1             1                1                  
25     24         3          3             3           1             1                1                  
26     31         6          6             6           1             1                1                  
27     26         9          9             9           2             2                1                  
28     37         10         10            10          2             2                2                  
29     22         7          7             7           3             3                3                  
30     29         8          8             8           5             5                4                  
31     27         8          8             8           3             3                3                  
32     21         8          8             8           4             4                3                  
33     23         6          6             6           4             3                1                  
34     26         3          3             3           2             1                1                  
35     31         4          4             4           4             4                4                  
36     25         7          7             7           5             5                5                  
37     38         9          9             9           3             3                3                  
38     34         4          4             4           0             0                0                  
39     34         5          5             5           2             2                1                  
40     33         5          5             5           1             1                1                  
41     34         4          4             4           1             1                1                  
42     32         4          4             4           0             0                0                  
43     40         9          9             9           3             3                2                  
44     32         5          5             5           3             2                2                  
45     31         4          4             4           1             0                0                  
46     24         5          5             5           1             1                1                  
47     18         5          5             5           2             2                1                  
48     19         2          2             2           1             1                1                  
49     27         3          3             3           2             2                2                  
50     29         7          7             7           1             1                1                  
51     27         7          7             7           4             4                4                  
52     27         6          6             6           2             2                2                  
53     24         7          7             7           2             2                2                  
54     27         6          6             6           3             3                3                  
55     26         8          8             8           2             2                2                  
56     34         3          3             3           1             1                1                  
57     19         2          2             2           0             0                0                  
58     25         6          6             6           1             1                1                  
59     23         3          3             3           2             2                2                  
60     19         1          1             1           0             0                0                  
61     22         3          3             3           2             2                2                  
62     13         3          3             3           2             2                2                  
63     13         3          3             3           1             1                1                  
64     25         7          7             7           2             2                2                  
65     21         3          3             3           0             0                0                  
66     34         3          3             3           1             0                0                  
67     30         5          5             5           4             3                3                  
68     32         5          5             5           3             3                3                  
69     24         3          3             3           2             1                1                  
70     18         4          4             4           2             1                1                  
71     25         5          5             5           3             3                3                  
72     33         6          6             6           2             2                2                  
73     27         10         10            10          3             3                3                  
74     40         6          6             6           2             2                2                  
75     22         2          2             2           1             1                1                  
76     19         4          4             3           1             1                1                  
77     25         6          6             6           0             0                0                  
78     17         4          4             4           0             0                0                  
79     25         5          5             5           0             0                0                  
80     30         7          7             7           2             2                2                  
----------------------------------------------------------------------------------
SUM    2201       435        435           434         159           151              141                
----------------------------------------------------------------------------------

 Total Ripple Number: 

 Detection parameters:
     maximum_peak:    3
     maxRippleLength: 100
     detection_peaks: thrsh
     num_peaks:       3
