Trial  Det1_2SD   Det2_4SD   Det3_MaxLen   Det4_Join   Det5_Cycles   68               101                
t6_Artif_Rej Det7_Spctr_Peak 1      30         4          4             4           3             3                2                  
2      40         7          7             7           4             4                4                  
3      26         2          2             2           0             0                0                  
4      27         5          5             4           2             2                0                  
5      28         2          2             2           1             1                1                  
6      24         4          4             4           2             2                2                  
7      25         8          8             8           2             2                2                  
8      29         11         11            11          2             2                1                  
9      38         5          5             5           0             0                0                  
10     28         2          2             2           0             0                0                  
11     26         1          1             1           0             0                0                  
12     21         2          2             2           0             0                0                  
13     25         4          4             4           1             1                1                  
14     27         5          5             5           1             1                0                  
15     27         8          8             8           2             2                0                  
16     25         9          9             9           4             4                3                  
17     28         6          6             6           3             3                2                  
18     35         11         11            11          6             6                5                  
19     34         8          8             8           3             3                3                  
20     22         5          5             5           1             1                1                  
21     27         2          2             2           0             0                0                  
22     31         6          6             6           1             1                1                  
23     22         4          4             4           0             0                0                  
24     23         0          0             0           0             0                0                  
25     30         3          3             3           1             1                1                  
26     37         4          4             4           1             1                1                  
27     36         5          5             5           1             1                1                  
28     27         6          6             6           4             4                2                  
29     36         8          8             8           3             3                2                  
30     39         11         11            11          3             3                2                  
31     30         8          8             8           3             3                3                  
32     21         5          5             5           3             3                3                  
33     34         5          5             5           2             2                2                  
34     18         3          3             3           2             2                1                  
35     26         4          4             4           1             1                1                  
36     30         8          8             8           2             2                1                  
37     30         3          3             3           0             0                0                  
38     25         6          6             6           0             0                0                  
39     24         5          5             5           2             2                2                  
40     22         5          5             5           1             1                1                  
41     26         4          4             4           1             1                0                  
42     30         3          3             3           1             1                0                  
43     36         6          6             6           2             2                2                  
44     27         7          7             7           5             5                2                  
45     24         2          2             2           1             1                1                  
46     23         4          4             4           1             1                1                  
47     27         4          4             4           1             1                1                  
48     20         3          3             3           1             1                1                  
49     24         6          6             6           2             2                1                  
50     29         5          5             5           3             3                2                  
51     39         7          7             7           3             3                2                  
52     23         2          2             2           0             0                0                  
53     26         2          2             2           0             0                0                  
54     30         3          3             3           1             1                1                  
55     34         4          4             4           1             1                1                  
56     27         6          6             6           1             1                0                  
57     24         5          5             5           1             1                1                  
58     31         8          8             7           5             4                0                  
59     27         5          5             5           2             2                1                  
60     20         2          2             2           0             0                0                  
61     24         5          5             5           1             1                1                  
62     28         6          6             6           2             2                2                  
63     22         6          6             6           2             2                0                  
64     24         7          7             7           4             4                2                  
65     28         9          9             9           3             3                2                  
66     25         3          3             3           0             0                0                  
67     33         7          7             7           1             1                1                  
68     21         8          8             8           2             2                2                  
69     17         3          3             3           3             3                2                  
70     22         5          5             5           1             1                1                  
71     23         4          4             4           2             2                0                  
72     19         6          6             6           2             2                2                  
73     29         6          6             6           3             3                3                  
74     33         11         11            11          3             3                1                  
75     23         9          9             9           2             2                2                  
76     23         6          6             6           1             1                1                  
77     35         8          8             7           2             2                1                  
78     38         7          7             6           3             3                2                  
79     29         7          7             7           4             4                4                  
80     24         5          5             5           3             3                3                  
----------------------------------------------------------------------------------
SUM    2200       426        426           422         143           142              100                
----------------------------------------------------------------------------------

 Total Ripple Number: d

 Detection parameters:
     maximum_peak:    3
     maxRippleLength: 100
     detection_peaks: thrsh
     num_peaks:       3
