Trial  Det1_2SD   Det2_4SD   Det3_MaxLen   Det4_Join   Det5_Cycles   68               101                
t6_Artif_Rej Det7_Spctr_Peak 1      29         6          6             6           3             3                2                  
2      39         8          8             8           7             7                5                  
3      27         6          6             6           3             3                3                  
4      26         5          5             5           2             2                1                  
5      38         2          2             2           1             1                0                  
6      30         5          5             5           2             2                1                  
7      30         7          7             7           2             2                1                  
8      23         5          5             5           2             2                2                  
9      30         6          6             6           3             3                2                  
10     29         5          5             5           2             2                1                  
11     26         4          4             4           1             1                1                  
12     29         3          3             3           0             0                0                  
13     21         3          3             2           1             1                0                  
14     24         5          5             5           1             1                0                  
15     31         7          7             7           1             1                0                  
16     32         8          8             8           3             3                2                  
17     27         7          7             7           5             5                4                  
18     29         6          6             6           3             3                3                  
19     33         5          5             5           3             3                3                  
20     22         3          3             3           1             1                1                  
21     21         1          1             1           0             0                0                  
22     26         9          9             9           6             6                2                  
23     21         7          7             7           6             6                3                  
24     26         4          4             4           3             3                2                  
25     32         9          9             9           4             4                1                  
26     38         7          7             7           2             2                1                  
27     24         3          3             3           0             0                0                  
28     32         8          8             8           4             4                3                  
29     31         6          6             6           4             4                3                  
30     35         11         11            11          7             7                3                  
31     28         7          7             7           3             3                1                  
32     28         5          5             5           3             3                3                  
33     26         4          4             4           1             1                1                  
34     24         4          4             4           2             2                2                  
35     22         3          3             3           0             0                0                  
36     29         6          6             6           0             0                0                  
37     25         8          8             8           3             3                1                  
38     19         6          6             6           2             2                1                  
39     25         8          8             8           2             2                1                  
40     28         4          4             4           1             1                1                  
41     29         4          4             4           0             0                0                  
42     30         3          3             3           1             1                1                  
43     26         6          6             6           2             2                1                  
44     27         9          9             8           4             4                1                  
45     22         4          4             4           3             3                3                  
46     21         2          2             2           2             2                1                  
47     23         4          4             4           3             3                2                  
48     18         4          4             4           1             1                1                  
49     30         7          7             7           4             4                1                  
50     35         6          6             6           2             2                0                  
51     26         7          7             7           4             4                2                  
52     21         4          4             4           2             2                2                  
53     17         5          5             5           3             3                3                  
54     23         4          4             4           2             2                2                  
55     31         6          6             6           2             2                2                  
56     23         2          2             2           0             0                0                  
57     16         3          3             3           1             1                1                  
58     20         3          3             3           2             2                0                  
59     32         2          2             2           1             1                1                  
60     16         2          2             2           1             1                1                  
61     26         7          7             7           2             2                1                  
62     26         9          9             9           4             4                2                  
63     21         4          4             4           2             2                1                  
64     22         6          6             6           2             2                1                  
65     21         5          5             5           1             1                0                  
66     26         3          3             3           0             0                0                  
67     36         5          5             5           4             4                3                  
68     29         2          2             2           1             1                1                  
69     18         3          3             3           1             0                0                  
70     23         7          7             7           2             1                1                  
71     20         5          5             5           0             0                0                  
72     25         3          3             3           0             0                0                  
73     26         5          5             5           2             2                2                  
74     26         7          7             7           4             4                4                  
75     30         6          6             6           3             3                1                  
76     30         1          1             1           1             1                0                  
77     30         7          7             7           4             3                2                  
78     29         5          5             5           2             1                1                  
79     25         5          5             5           2             2                2                  
80     22         3          3             3           1             1                1                  
----------------------------------------------------------------------------------
SUM    2112       411        411           409         177           173              109                
----------------------------------------------------------------------------------

 Total Ripple Number: m

 Detection parameters:
     maximum_peak:    3
     maxRippleLength: 100
     detection_peaks: thrsh
     num_peaks:       3
