Trial  Det1_2SD   Det2_4SD   Det3_MaxLen   Det4_Join   Det5_Cycles   68               101                
t6_Artif_Rej Det7_Spctr_Peak 1      20         4          4             4           1             1                1                  
2      11         1          1             1           0             0                0                  
3      16         4          4             4           1             1                1                  
4      23         7          7             7           3             3                0                  
5      31         14         14            13          8             8                3                  
6      22         5          5             4           2             2                2                  
7      26         7          7             7           3             3                2                  
8      40         9          9             9           6             6                3                  
9      23         5          5             5           2             2                2                  
10     21         7          7             7           1             1                1                  
11     26         5          5             5           2             2                2                  
12     15         3          3             3           1             1                1                  
13     20         6          6             6           2             2                1                  
14     19         1          1             1           1             1                0                  
15     28         4          4             4           2             2                2                  
16     18         2          2             2           2             2                1                  
17     22         4          4             4           1             1                1                  
18     42         10         10            10          1             1                0                  
19     33         16         16            15          7             6                2                  
20     29         6          6             6           2             2                1                  
21     26         5          5             5           1             1                0                  
22     36         6          6             6           1             1                1                  
23     33         9          9             9           2             2                2                  
24     40         10         10            10          5             5                3                  
25     17         3          3             3           1             1                0                  
26     24         4          4             4           1             1                0                  
27     20         7          7             7           3             3                1                  
28     29         12         12            12          6             6                3                  
29     24         4          4             4           2             2                0                  
30     14         0          0             0           0             0                0                  
31     18         1          1             1           0             0                0                  
32     19         4          4             4           0             0                0                  
33     41         12         12            10          5             5                1                  
34     15         3          3             3           1             1                1                  
35     25         8          8             8           3             3                1                  
36     26         6          6             6           1             1                1                  
37     17         4          4             4           1             1                1                  
38     23         7          7             7           3             3                2                  
39     27         9          9             9           1             1                0                  
40     14         1          1             1           0             0                0                  
41     17         0          0             0           0             0                0                  
42     29         7          7             7           3             3                3                  
43     35         14         14            14          4             4                2                  
44     30         12         12            11          7             7                2                  
45     22         7          7             7           5             4                1                  
46     35         10         10            10          3             3                2                  
47     27         8          8             8           3             3                3                  
48     25         8          8             8           4             4                3                  
49     36         11         11            10          4             4                0                  
50     23         6          6             6           3             3                3                  
51     36         10         10            10          5             5                4                  
52     20         3          3             3           0             0                0                  
53     42         11         11            11          5             5                4                  
54     43         16         16            15          7             7                2                  
55     24         10         10            9           5             5                0                  
56     26         4          4             4           2             2                2                  
57     42         9          9             9           3             3                2                  
58     33         11         11            10          5             5                1                  
59     20         8          8             8           1             1                0                  
60     23         7          7             7           1             1                1                  
61     35         8          8             8           4             4                3                  
62     23         2          2             2           1             1                1                  
63     36         8          8             8           7             7                3                  
64     52         16         16            15          9             8                3                  
65     33         8          8             7           3             3                3                  
66     33         6          6             6           4             3                2                  
67     16         5          5             5           2             1                1                  
68     11         3          3             3           3             3                3                  
69     29         11         11            11          4             4                2                  
70     53         17         17            16          12            12               6                  
71     31         6          6             6           5             5                2                  
72     14         3          3             3           2             2                0                  
73     24         4          4             4           0             0                0                  
74     27         5          5             5           0             0                0                  
75     7          0          0             0           0             0                0                  
76     27         7          7             7           4             4                1                  
77     40         19         19            18          7             7                2                  
78     47         15         15            15          4             4                0                  
79     50         15         15            15          6             6                1                  
80     38         6          6             6           1             1                1                  
----------------------------------------------------------------------------------
SUM    2187       571        571           557         233           228              112                
----------------------------------------------------------------------------------

 Total Ripple Number: p

 Detection parameters:
     maximum_peak:    3
     maxRippleLength: 100
     detection_peaks: thrsh
     num_peaks:       3
