Trial  Det1_2SD   Det2_4SD   Det3_MaxLen   Det4_Join   Det5_Cycles   68               101                
t6_Artif_Rej Det7_Spctr_Peak 1      22         4          4             4           2             2                2                  
2      20         4          4             4           0             0                0                  
3      19         3          3             3           1             1                1                  
4      20         4          4             4           2             2                2                  
5      31         10         10            10          4             4                2                  
6      13         3          3             3           1             1                1                  
7      28         6          6             6           3             3                0                  
8      43         12         12            12          8             8                3                  
9      19         2          2             2           1             1                0                  
10     13         3          3             3           3             3                1                  
11     20         2          2             2           2             2                2                  
12     14         3          3             3           2             2                1                  
13     12         2          2             2           0             0                0                  
14     27         5          5             5           1             1                0                  
15     24         4          4             4           2             2                1                  
16     21         3          3             3           2             2                1                  
17     20         6          6             6           1             1                1                  
18     38         11         11            11          2             2                2                  
19     30         9          9             8           4             4                1                  
20     30         10         10            9           3             3                1                  
21     21         8          8             6           3             3                1                  
22     33         6          6             6           3             3                2                  
23     30         4          4             4           1             1                1                  
24     34         6          6             6           2             2                2                  
25     21         6          6             6           3             3                2                  
26     24         7          7             7           2             2                2                  
27     27         8          8             8           0             0                0                  
28     35         10         10            10          5             5                3                  
29     27         5          5             5           1             1                0                  
30     16         3          3             3           1             1                1                  
31     10         1          1             1           0             0                0                  
32     13         3          3             3           1             1                0                  
33     31         11         11            10          6             6                0                  
34     22         4          4             4           2             2                1                  
35     28         5          5             5           1             1                0                  
36     31         3          3             3           1             1                0                  
37     23         1          1             1           0             0                0                  
38     35         3          3             3           3             3                3                  
39     30         6          6             6           3             3                2                  
40     18         2          2             2           0             0                0                  
41     22         5          5             5           0             0                0                  
42     30         10         10            10          3             3                2                  
43     38         13         13            13          6             6                3                  
44     26         10         10            9           6             5                1                  
45     29         7          7             7           3             3                1                  
46     28         6          6             6           2             2                1                  
47     28         5          5             5           0             0                0                  
48     38         8          8             8           2             2                1                  
49     41         12         12            12          5             5                3                  
50     31         7          7             7           3             3                2                  
51     46         13         13            13          5             5                2                  
52     32         3          3             3           0             0                0                  
53     34         6          6             6           2             2                1                  
54     41         15         15            15          5             5                2                  
55     32         10         10            10          4             4                3                  
56     20         4          4             4           2             2                1                  
57     29         8          8             8           1             1                0                  
58     40         10         10            10          3             3                3                  
59     27         5          5             5           3             3                3                  
60     21         8          8             8           5             5                4                  
61     29         7          7             7           3             3                3                  
62     17         0          0             0           0             0                0                  
63     40         13         13            13          8             8                5                  
64     49         17         17            17          8             7                5                  
65     26         12         12            12          5             5                4                  
66     37         10         10            9           3             3                2                  
67     25         4          4             4           3             3                3                  
68     19         2          2             2           0             0                0                  
69     31         11         11            10          7             6                3                  
70     40         15         15            14          9             8                3                  
71     33         6          6             6           1             1                0                  
72     25         6          6             6           0             0                0                  
73     31         6          6             6           0             0                0                  
74     28         6          6             6           0             0                0                  
75     12         1          1             1           0             0                0                  
76     22         1          1             1           0             0                0                  
77     40         10         10            9           4             4                1                  
78     47         13         13            10          3             3                1                  
79     52         17         17            16          8             8                5                  
80     22         7          7             7           1             1                1                  
----------------------------------------------------------------------------------
SUM    2231       537        537           523         205           201              111                
----------------------------------------------------------------------------------

 Total Ripple Number: o

 Detection parameters:
     maximum_peak:    3
     maxRippleLength: 100
     detection_peaks: thrsh
     num_peaks:       3
