Trial  Det1_2SD   Det2_4SD   Det3_MaxLen   Det4_Join   Det5_Cycles   68               101                
t6_Artif_Rej Det7_Spctr_Peak 1      33         3          3             3           1             1                1                  
2      29         4          4             4           0             0                0                  
3      17         1          1             1           0             0                0                  
4      19         6          6             6           4             4                1                  
5      27         9          9             9           2             2                1                  
6      19         3          3             3           0             0                0                  
7      22         5          5             5           1             1                0                  
8      25         5          5             5           1             1                1                  
9      33         6          6             6           3             3                3                  
10     21         2          2             2           0             0                0                  
11     32         4          4             4           1             1                1                  
12     25         2          2             2           1             1                1                  
13     22         2          2             2           0             0                0                  
14     29         6          6             6           2             2                2                  
15     26         2          2             2           0             0                0                  
16     23         4          4             4           1             1                1                  
17     22         8          8             8           1             1                1                  
18     27         6          6             6           2             2                2                  
19     19         1          1             1           0             0                0                  
20     30         5          5             5           0             0                0                  
21     26         8          8             8           1             1                1                  
22     34         7          7             7           2             2                2                  
23     24         5          5             5           1             1                1                  
24     32         4          4             4           0             0                0                  
25     22         4          4             4           1             1                1                  
26     19         4          4             4           1             1                1                  
27     26         6          6             6           2             2                2                  
28     21         3          3             3           2             2                1                  
29     34         5          5             5           1             1                1                  
30     28         6          6             6           2             2                2                  
31     17         4          4             4           1             1                1                  
32     23         4          4             4           1             1                1                  
33     35         10         10            10          4             3                1                  
34     28         6          6             6           4             3                3                  
35     27         5          5             5           0             0                0                  
36     30         4          4             4           0             0                0                  
37     36         6          6             6           1             1                1                  
38     24         7          7             7           0             0                0                  
39     31         5          5             5           2             2                1                  
40     23         4          4             4           2             2                2                  
41     16         3          3             2           2             2                2                  
42     26         3          3             3           1             1                1                  
43     33         6          6             6           1             1                1                  
44     29         8          8             7           4             3                1                  
45     30         6          6             6           2             2                1                  
46     26         2          2             2           1             1                1                  
47     20         3          3             3           3             3                3                  
48     18         2          2             2           1             1                1                  
49     30         5          5             5           0             0                0                  
50     32         6          6             6           3             3                3                  
51     32         9          9             9           4             4                4                  
52     28         6          6             6           1             1                1                  
53     33         5          5             5           1             1                1                  
54     33         9          9             9           1             1                1                  
55     34         13         13            13          6             6                5                  
56     26         7          7             7           2             2                2                  
57     31         10         10            10          3             3                2                  
58     40         15         15            14          8             8                6                  
59     28         5          5             5           2             2                2                  
60     24         2          2             2           2             2                2                  
61     37         5          5             5           2             2                2                  
62     27         7          7             7           2             2                2                  
63     33         8          8             8           5             5                2                  
64     33         9          9             9           6             5                3                  
65     37         9          9             9           2             2                1                  
66     41         12         12            12          5             4                1                  
67     39         8          8             8           6             5                4                  
68     17         5          5             5           2             2                2                  
69     28         15         15            14          8             7                3                  
70     46         12         12            11          5             4                1                  
71     37         9          9             9           2             2                2                  
72     30         6          6             6           1             1                1                  
73     26         5          5             5           1             1                1                  
74     36         8          8             8           2             2                2                  
75     21         3          3             3           0             0                0                  
76     20         2          2             2           2             2                2                  
77     31         8          8             8           5             4                2                  
78     41         17         17            17          4             3                2                  
79     41         15         15            15          6             6                4                  
80     33         7          7             7           2             2                2                  
----------------------------------------------------------------------------------
SUM    2263       486        486           481         164           154              116                
----------------------------------------------------------------------------------

 Total Ripple Number: t

 Detection parameters:
     maximum_peak:    3
     maxRippleLength: 100
     detection_peaks: thrsh
     num_peaks:       3
