Trial  Det1_2SD   Det2_4SD   Det3_MaxLen   Det4_Join   Det5_Cycles   68               101                
t6_Artif_Rej Det7_Spctr_Peak 1      28         5          5             5           2             2                2                  
2      38         6          6             6           2             2                1                  
3      26         5          5             5           3             3                3                  
4      26         5          5             5           2             2                2                  
5      35         9          9             9           4             4                3                  
6      45         8          8             8           0             0                0                  
7      33         6          6             6           2             2                2                  
8      26         4          4             4           1             1                0                  
9      24         4          4             4           2             2                0                  
10     34         7          7             7           0             0                0                  
11     33         5          5             5           1             1                1                  
12     35         13         13            13          3             3                0                  
13     23         5          5             5           0             0                0                  
14     24         2          2             2           0             0                0                  
15     28         6          6             6           3             3                3                  
16     35         8          8             8           4             4                3                  
17     27         5          5             5           2             2                2                  
18     22         2          2             2           0             0                0                  
19     27         5          5             5           0             0                0                  
20     31         4          4             4           0             0                0                  
21     20         3          3             3           2             2                2                  
22     25         7          7             7           1             1                1                  
23     26         7          7             7           4             4                4                  
24     29         5          5             5           2             2                1                  
25     30         4          4             4           2             2                2                  
26     28         4          4             4           0             0                0                  
27     28         6          6             6           2             2                1                  
28     32         5          5             5           1             1                1                  
29     35         8          8             8           3             3                2                  
30     26         5          5             5           3             3                1                  
31     34         9          9             9           3             3                2                  
32     29         6          6             6           3             3                2                  
33     32         11         11            11          5             5                2                  
34     27         4          4             4           2             2                1                  
35     32         8          8             8           1             1                1                  
36     29         7          7             7           2             2                2                  
37     30         10         10            10          2             2                2                  
38     26         4          4             4           2             2                2                  
39     24         4          4             4           1             1                0                  
40     29         7          7             7           2             2                0                  
41     29         10         10            10          5             5                4                  
42     30         6          6             5           2             2                1                  
43     18         3          3             3           0             0                0                  
44     20         6          6             6           2             2                1                  
45     25         2          2             2           0             0                0                  
46     26         5          5             5           1             1                0                  
47     29         6          6             6           0             0                0                  
48     34         5          5             5           0             0                0                  
49     26         3          3             3           0             0                0                  
50     30         7          7             7           2             2                2                  
51     33         9          9             9           3             3                3                  
52     27         9          9             9           0             0                0                  
53     38         10         10            10          1             1                1                  
54     24         2          2             2           1             1                0                  
55     22         4          4             4           2             2                1                  
56     14         2          2             2           0             0                0                  
57     25         3          3             3           1             1                1                  
58     27         7          7             7           2             2                2                  
59     28         7          7             7           2             2                2                  
60     27         4          4             4           0             0                0                  
61     27         7          7             7           2             2                2                  
62     21         3          3             3           0             0                0                  
63     30         7          7             7           0             0                0                  
64     30         4          4             4           0             0                0                  
65     27         5          5             5           2             2                2                  
66     28         5          5             5           2             2                2                  
67     27         3          3             3           0             0                0                  
68     34         11         11            11          3             3                1                  
69     32         10         10            10          2             2                1                  
70     38         7          7             7           2             2                2                  
71     29         3          3             3           2             2                2                  
72     28         7          7             7           4             4                3                  
73     27         6          6             6           3             3                2                  
74     21         5          5             5           1             1                0                  
75     19         2          2             2           1             1                1                  
76     37         9          9             9           5             4                3                  
77     26         6          6             6           2             2                2                  
78     26         4          4             4           1             1                1                  
79     24         5          5             5           1             1                1                  
80     25         8          8             8           2             2                2                  
----------------------------------------------------------------------------------
SUM    2259       465        465           464         133           132              96                 
----------------------------------------------------------------------------------

 Total Ripple Number: `

 Detection parameters:
     maximum_peak:    3
     maxRippleLength: 100
     detection_peaks: thrsh
     num_peaks:       3
