Trial  Det1_2SD   Det2_4SD   Det3_MaxLen   Det4_Join   Det5_Cycles   68               101                
t6_Artif_Rej Det7_Spctr_Peak 1      24         7          7             7           1             1                1                  
2      32         5          5             5           2             2                1                  
3      31         5          5             5           2             2                2                  
4      30         4          4             4           2             2                1                  
5      35         8          8             8           3             3                1                  
6      40         10         10            10          2             2                1                  
7      41         10         10            10          4             4                3                  
8      29         8          8             8           1             1                1                  
9      31         7          7             7           0             0                0                  
10     39         5          5             5           1             1                1                  
11     29         4          4             4           1             1                0                  
12     24         6          6             6           3             3                1                  
13     28         2          2             2           1             1                1                  
14     27         0          0             0           0             0                0                  
15     20         1          1             1           1             1                1                  
16     29         9          9             9           2             2                2                  
17     35         2          2             2           1             1                1                  
18     36         8          8             8           4             4                1                  
19     32         5          5             5           2             2                2                  
20     37         4          4             4           0             0                0                  
21     26         5          5             5           2             2                2                  
22     26         9          9             9           1             0                0                  
23     35         6          6             6           1             1                1                  
24     31         7          7             7           2             2                2                  
25     26         6          6             6           0             0                0                  
26     30         2          2             2           1             1                0                  
27     21         4          4             4           1             1                1                  
28     31         7          7             7           0             0                0                  
29     32         10         10            10          1             1                0                  
30     22         7          7             7           2             2                2                  
31     32         8          8             8           2             2                0                  
32     31         6          6             6           2             2                1                  
33     38         9          9             9           2             2                1                  
34     29         8          8             8           3             3                1                  
35     23         5          5             5           1             1                0                  
36     25         5          5             5           1             1                0                  
37     39         8          8             8           1             1                0                  
38     25         4          4             4           1             1                0                  
39     30         3          3             3           0             0                0                  
40     24         2          2             2           0             0                0                  
41     35         3          3             3           0             0                0                  
42     34         5          5             5           0             0                0                  
43     24         6          6             6           1             1                0                  
44     32         8          8             8           4             4                2                  
45     29         5          5             5           2             2                1                  
46     24         4          4             4           2             2                2                  
47     32         9          9             9           1             1                1                  
48     33         7          7             7           1             1                1                  
49     26         4          4             4           1             1                1                  
50     36         8          8             8           2             2                2                  
51     25         7          6             6           1             1                1                  
52     29         5          5             5           1             1                0                  
53     39         6          6             6           1             1                1                  
54     30         3          3             3           0             0                0                  
55     30         4          4             4           0             0                0                  
56     27         7          7             7           1             1                1                  
57     24         4          4             4           0             0                0                  
58     33         4          4             4           0             0                0                  
59     29         3          3             3           0             0                0                  
60     27         1          1             1           0             0                0                  
61     31         3          3             3           1             1                1                  
62     25         5          5             5           2             2                2                  
63     21         3          3             3           0             0                0                  
64     20         4          4             4           1             1                0                  
65     23         6          6             6           1             1                1                  
66     17         4          4             4           2             2                2                  
67     26         2          2             2           0             0                0                  
68     38         4          4             4           2             2                1                  
69     46         12         12            12          2             2                1                  
70     40         7          7             7           3             3                0                  
71     32         5          5             5           1             1                1                  
72     38         8          8             8           0             0                0                  
73     37         9          9             9           1             1                1                  
74     27         7          7             7           0             0                0                  
75     29         3          3             3           2             2                1                  
76     43         11         11            11          2             2                1                  
77     39         7          7             7           1             1                1                  
78     37         3          3             3           1             1                1                  
79     30         9          9             8           3             2                2                  
80     25         6          6             6           0             0                0                  
----------------------------------------------------------------------------------
SUM    2427       452        451           450         100           98               61                 
----------------------------------------------------------------------------------

 Total Ripple Number: =

 Detection parameters:
     maximum_peak:    3
     maxRippleLength: 100
     detection_peaks: thrsh
     num_peaks:       3
