Trial  Det1_2SD   Det2_4SD   Det3_MaxLen   Det4_Join   Det5_Cycles   68               101                
t6_Artif_Rej Det7_Spctr_Peak 1      21         4          4             4           0             0                0                  
2      18         5          5             5           2             2                2                  
3      38         14         14            14          5             5                3                  
4      45         16         16            16          7             7                5                  
5      31         10         10            10          6             6                5                  
6      43         15         15            15          7             7                5                  
7      24         5          5             5           2             2                2                  
8      26         7          7             7           3             3                1                  
9      20         4          4             4           2             2                1                  
10     22         5          5             5           2             2                1                  
11     16         2          2             2           1             1                1                  
12     33         10         10            10          5             5                3                  
13     15         6          6             6           3             3                3                  
14     30         8          8             8           0             0                0                  
15     32         15         15            15          6             6                4                  
16     30         4          4             4           2             2                0                  
17     24         9          9             9           3             3                2                  
18     25         3          3             3           3             3                0                  
19     37         7          7             6           4             4                1                  
20     14         0          0             0           0             0                0                  
21     24         8          8             8           2             2                1                  
22     50         18         18            18          7             7                5                  
23     48         16         16            15          9             9                5                  
24     15         7          7             7           5             5                4                  
25     24         4          4             4           1             1                1                  
26     20         7          7             7           4             4                1                  
27     29         6          6             6           3             3                1                  
28     36         10         10            10          4             4                2                  
29     47         17         17            17          2             2                2                  
30     17         1          1             1           0             0                0                  
31     23         4          4             4           1             1                1                  
32     27         10         10            10          1             1                1                  
33     27         8          8             8           3             3                2                  
34     27         5          5             5           1             1                0                  
35     34         12         12            12          1             1                1                  
36     27         4          4             4           2             2                1                  
37     32         6          6             6           3             3                2                  
38     19         5          5             5           3             3                1                  
39     25         4          4             4           2             2                1                  
40     19         4          4             4           1             1                0                  
41     24         6          6             6           2             2                2                  
42     45         16         16            16          5             5                2                  
43     45         16         16            16          8             8                6                  
44     22         3          3             3           2             2                1                  
45     30         9          9             8           6             5                4                  
46     31         8          8             8           2             2                2                  
47     24         8          8             8           4             4                2                  
48     39         11         11            11          6             6                3                  
49     40         9          9             9           4             4                3                  
50     25         3          3             3           0             0                0                  
51     28         10         10            10          6             6                6                  
52     37         15         15            15          2             2                1                  
53     41         14         14            14          5             5                5                  
54     17         1          1             1           1             1                1                  
55     41         16         16            15          12            11               8                  
56     30         4          4             4           3             3                2                  
57     19         4          4             4           2             2                1                  
58     15         4          4             4           1             1                1                  
59     17         9          9             9           4             4                2                  
60     33         14         14            13          4             4                3                  
61     21         3          3             3           0             0                0                  
62     31         7          7             7           6             6                6                  
63     20         4          4             4           2             2                1                  
64     25         3          3             3           0             0                0                  
65     40         13         13            13          7             7                5                  
66     15         3          3             3           1             1                0                  
67     13         4          4             4           3             3                1                  
68     14         4          4             4           2             2                2                  
69     25         5          5             5           1             1                1                  
70     25         5          5             5           0             0                0                  
71     20         3          3             3           0             0                0                  
72     21         1          1             1           0             0                0                  
73     31         8          8             8           3             3                2                  
74     22         4          4             4           3             3                2                  
75     29         13         13            12          8             8                4                  
76     32         13         13            12          7             7                2                  
77     19         3          3             3           2             2                2                  
78     19         5          5             5           2             2                1                  
79     23         4          4             4           2             1                1                  
80     29         8          8             8           5             5                4                  
----------------------------------------------------------------------------------
SUM    2191       598        598           591         251           248              160                
----------------------------------------------------------------------------------

 Total Ripple Number:  

 Detection parameters:
     maximum_peak:    3
     maxRippleLength: 100
     detection_peaks: thrsh
     num_peaks:       3
