Trial  Det1_2SD   Det2_4SD   Det3_MaxLen   Det4_Join   Det5_Cycles   68               101                
t6_Artif_Rej Det7_Spctr_Peak 1      21         2          2             2           2             2                2                  
2      31         4          4             4           2             2                1                  
3      28         5          5             5           1             1                0                  
4      39         15         15            15          2             2                2                  
5      34         13         13            13          3             3                3                  
6      35         15         15            15          9             9                7                  
7      28         7          7             7           1             1                1                  
8      30         5          5             5           3             3                2                  
9      25         3          3             3           1             1                1                  
10     17         3          3             3           1             1                1                  
11     16         3          3             3           1             1                0                  
12     36         9          9             9           5             5                3                  
13     14         4          4             4           2             2                1                  
14     24         7          7             7           1             1                0                  
15     29         8          8             8           5             5                4                  
16     19         3          3             3           1             1                0                  
17     26         4          4             4           1             1                0                  
18     26         8          8             8           2             2                1                  
19     43         12         12            12          6             5                3                  
20     22         4          4             4           3             3                3                  
21     28         6          6             6           4             4                3                  
22     42         10         10            10          6             6                4                  
23     44         11         11            10          2             2                1                  
24     15         4          4             4           0             0                0                  
25     28         7          7             7           1             1                1                  
26     27         5          5             5           3             3                1                  
27     29         8          8             8           3             3                0                  
28     34         11         11            11          5             5                0                  
29     47         12         12            11          3             3                3                  
30     15         3          3             3           2             2                0                  
31     26         5          5             5           1             1                1                  
32     25         6          6             6           2             2                2                  
33     29         9          9             9           5             5                4                  
34     27         9          9             9           4             4                4                  
35     36         12         12            12          7             7                5                  
36     20         2          2             2           1             1                0                  
37     32         10         10            10          6             6                4                  
38     18         5          5             5           2             2                1                  
39     37         10         10            9           2             2                1                  
40     28         5          5             5           1             1                0                  
41     27         9          9             9           6             6                3                  
42     38         13         13            13          7             7                3                  
43     40         8          8             8           3             3                3                  
44     16         3          3             3           2             2                1                  
45     26         7          7             7           6             5                4                  
46     38         11         11            11          3             3                2                  
47     31         6          6             6           2             2                1                  
48     37         10         10            9           2             2                1                  
49     25         7          7             7           2             2                2                  
50     43         12         12            12          5             5                5                  
51     35         13         13            13          6             6                6                  
52     36         11         11            11          4             4                4                  
53     30         12         12            12          4             4                2                  
54     17         3          3             3           2             2                0                  
55     28         15         15            15          9             8                5                  
56     24         7          7             6           2             2                1                  
57     18         5          5             5           2             2                2                  
58     22         1          1             1           0             0                0                  
59     22         6          6             6           1             1                1                  
60     28         7          7             7           3             3                2                  
61     21         6          6             6           2             2                0                  
62     23         4          4             4           3             3                3                  
63     21         7          7             7           1             1                1                  
64     21         3          3             3           1             1                0                  
65     26         6          6             6           4             4                3                  
66     18         3          3             3           3             3                3                  
67     17         2          2             2           2             2                0                  
68     20         0          0             0           0             0                0                  
69     25         7          7             6           4             4                3                  
70     19         2          2             2           2             2                1                  
71     19         2          2             2           1             1                0                  
72     10         2          2             2           1             1                1                  
73     33         9          9             9           1             1                0                  
74     22         4          4             4           3             3                2                  
75     28         5          5             5           3             3                2                  
76     31         10         10            10          6             6                3                  
77     27         5          5             5           0             0                0                  
78     14         7          7             7           3             3                2                  
79     23         5          5             5           1             1                1                  
80     33         13         13            13          6             6                6                  
----------------------------------------------------------------------------------
SUM    2162       552        552           546         230           227              149                
----------------------------------------------------------------------------------

 Total Ripple Number: 

 Detection parameters:
     maximum_peak:    3
     maxRippleLength: 100
     detection_peaks: thrsh
     num_peaks:       3
