Trial  Det1_2SD   Det2_4SD   Det3_MaxLen   Det4_Join   Det5_Cycles   68               101                
t6_Artif_Rej Det7_Spctr_Peak 1      29         6          6             6           1             1                1                  
2      33         11         11            11          1             1                1                  
3      26         8          8             8           5             5                5                  
4      26         6          6             6           3             3                3                  
5      21         0          0             0           0             0                0                  
6      41         8          8             8           3             3                3                  
7      36         8          8             8           2             2                2                  
8      33         7          7             7           1             1                1                  
9      34         8          8             7           2             2                1                  
10     33         5          5             5           1             1                1                  
11     29         6          6             6           3             3                3                  
12     35         8          8             8           0             0                0                  
13     20         6          6             6           1             1                1                  
14     32         11         11            11          3             3                2                  
15     32         8          8             8           1             1                0                  
16     29         8          8             8           3             3                2                  
17     33         7          7             7           2             2                1                  
18     31         1          1             1           0             0                0                  
19     34         10         10            10          4             4                3                  
20     34         8          8             8           0             0                0                  
21     37         6          6             6           0             0                0                  
22     36         3          3             3           1             1                0                  
23     32         7          7             7           3             3                3                  
24     25         2          2             2           0             0                0                  
25     29         10         10            10          3             3                2                  
26     26         6          6             6           2             2                1                  
27     28         4          4             4           1             1                1                  
28     28         4          4             4           1             1                0                  
29     35         4          4             4           0             0                0                  
30     26         3          3             3           0             0                0                  
31     33         12         12            11          3             3                1                  
32     23         8          8             8           6             6                5                  
33     33         4          4             4           0             0                0                  
34     30         7          7             7           0             0                0                  
35     32         10         10            10          4             4                4                  
36     24         9          9             9           2             2                1                  
37     31         9          9             9           1             1                1                  
38     26         6          6             6           1             1                1                  
39     29         8          8             8           0             0                0                  
40     30         5          5             5           1             1                1                  
41     27         7          7             7           1             1                1                  
42     41         9          9             9           3             3                2                  
43     23         9          9             9           4             4                1                  
44     23         4          4             4           1             1                1                  
45     40         13         13            12          6             5                2                  
46     29         6          6             6           1             1                1                  
47     26         6          6             6           3             3                2                  
48     33         6          6             6           2             2                2                  
49     22         3          3             3           0             0                0                  
50     31         9          9             9           6             6                2                  
51     35         11         11            11          5             5                1                  
52     31         7          7             7           2             2                0                  
53     31         5          5             5           1             1                0                  
54     24         2          2             2           1             1                1                  
55     23         4          4             4           3             2                2                  
56     22         1          1             1           1             1                0                  
57     22         3          3             3           2             2                2                  
58     33         7          7             7           3             3                2                  
59     19         4          4             4           2             2                1                  
60     29         7          7             7           2             2                0                  
61     33         7          7             7           1             1                0                  
62     18         4          4             4           0             0                0                  
63     26         6          6             6           1             1                0                  
64     24         3          3             3           0             0                0                  
65     32         7          7             7           2             2                1                  
66     21         5          5             5           1             1                0                  
67     27         9          9             9           6             5                2                  
68     26         6          6             6           4             4                2                  
69     23         4          4             4           2             2                2                  
70     23         5          5             5           1             1                1                  
71     26         4          4             4           1             1                1                  
72     21         5          5             5           0             0                0                  
73     21         7          7             7           1             1                1                  
74     19         0          0             0           0             0                0                  
75     22         7          7             7           2             2                1                  
76     31         14         14            14          6             5                2                  
77     24         3          3             3           0             0                0                  
78     28         3          3             3           0             0                0                  
79     30         8          8             8           2             2                2                  
80     38         11         11            11          3             3                2                  
----------------------------------------------------------------------------------
SUM    2291       508        508           505         147           143              91                 
----------------------------------------------------------------------------------

 Total Ripple Number: [

 Detection parameters:
     maximum_peak:    3
     maxRippleLength: 100
     detection_peaks: thrsh
     num_peaks:       3
