Trial  Det1_2SD   Det2_4SD   Det3_MaxLen   Det4_Join   Det5_Cycles   68               101                
t6_Artif_Rej Det7_Spctr_Peak 1      1          0          0             0           0             0                0                  
2      0          0          0             0           0             0                0                  
3      0          0          0             0           0             0                0                  
4      0          0          0             0           0             0                0                  
5      0          0          0             0           0             0                0                  
6      0          0          0             0           0             0                0                  
7      0          0          0             0           0             0                0                  
8      0          0          0             0           0             0                0                  
9      0          0          0             0           0             0                0                  
10     1          0          0             0           0             0                0                  
11     1          0          0             0           0             0                0                  
12     0          0          0             0           0             0                0                  
13     0          0          0             0           0             0                0                  
14     0          0          0             0           0             0                0                  
15     0          0          0             0           0             0                0                  
16     0          0          0             0           0             0                0                  
17     0          0          0             0           0             0                0                  
18     0          0          0             0           0             0                0                  
19     1          1          1             1           0             0                0                  
20     0          0          0             0           0             0                0                  
21     0          0          0             0           0             0                0                  
22     0          0          0             0           0             0                0                  
23     0          0          0             0           0             0                0                  
24     1          0          0             0           0             0                0                  
25     0          0          0             0           0             0                0                  
26     0          0          0             0           0             0                0                  
27     0          0          0             0           0             0                0                  
28     0          0          0             0           0             0                0                  
29     0          0          0             0           0             0                0                  
30     0          0          0             0           0             0                0                  
31     0          0          0             0           0             0                0                  
32     0          0          0             0           0             0                0                  
33     14         9          8             8           5             5                4                  
34     0          0          0             0           0             0                0                  
35     0          0          0             0           0             0                0                  
36     0          0          0             0           0             0                0                  
37     0          0          0             0           0             0                0                  
38     1          0          0             0           0             0                0                  
39     11         8          6             5           5             5                4                  
40     8          7          5             5           4             4                3                  
41     9          7          4             4           3             3                2                  
42     3          1          1             1           1             1                0                  
43     7          4          2             2           2             2                2                  
44     5          3          1             1           1             1                0                  
45     2          2          0             0           0             0                0                  
46     10         6          4             3           2             2                2                  
47     0          0          0             0           0             0                0                  
48     11         9          8             8           8             8                4                  
49     11         7          6             5           5             5                4                  
50     0          0          0             0           0             0                0                  
51     7          6          5             4           4             4                4                  
52     5          3          2             2           2             2                2                  
53     3          3          2             2           2             2                2                  
54     5          4          3             3           2             2                2                  
55     0          0          0             0           0             0                0                  
56     0          0          0             0           0             0                0                  
57     7          6          3             3           3             3                2                  
58     0          0          0             0           0             0                0                  
59     10         8          5             4           4             4                4                  
60     10         9          6             5           5             4                4                  
61     3          2          2             2           1             1                0                  
62     10         8          5             5           5             5                4                  
63     0          0          0             0           0             0                0                  
64     10         10         8             8           8             8                7                  
65     1          0          0             0           0             0                0                  
66     8          8          4             4           4             3                2                  
67     0          0          0             0           0             0                0                  
68     9          5          3             3           1             1                1                  
69     6          4          3             2           2             2                1                  
70     5          4          3             2           2             2                1                  
71     10         7          4             4           3             3                2                  
72     1          1          1             1           0             0                0                  
73     8          6          4             4           4             4                3                  
74     0          0          0             0           0             0                0                  
75     1          0          0             0           0             0                0                  
76     16         11         10            8           8             7                7                  
77     0          0          0             0           0             0                0                  
78     8          5          2             2           2             2                1                  
79     5          5          3             1           1             1                1                  
80     5          5          3             2           2             2                2                  
----------------------------------------------------------------------------------
SUM    250        184        127           114         101           98               77                 
----------------------------------------------------------------------------------

 Total Ripple Number: M

 Detection parameters:
     maximum_peak:    3
     maxRippleLength: 100
     detection_peaks: thrsh
     num_peaks:       3
