Trial  Det1_2SD   Det2_4SD   Det3_MaxLen   Det4_Join   Det5_Cycles   68               101                
t6_Artif_Rej Det7_Spctr_Peak 1      26         8          8             8           4             4                3                  
2      33         6          5             5           2             2                2                  
3      30         5          5             5           0             0                0                  
4      36         13         13            13          7             7                5                  
5      25         7          7             7           3             3                3                  
6      30         6          6             6           1             1                0                  
7      30         11         11            10          5             5                4                  
8      32         6          6             6           4             3                3                  
9      26         6          6             6           2             2                1                  
10     37         9          9             9           2             2                2                  
11     43         9          9             9           3             3                2                  
12     39         8          8             8           2             2                0                  
13     28         6          6             6           2             2                1                  
14     24         7          7             7           2             2                2                  
15     32         10         10            10          0             0                0                  
16     28         7          7             7           1             1                0                  
17     26         6          6             6           2             2                1                  
18     25         8          8             8           3             3                2                  
19     27         5          5             5           3             3                3                  
20     20         6          6             6           4             4                2                  
21     26         4          4             4           3             3                2                  
22     38         8          8             8           1             1                1                  
23     26         6          6             6           1             1                0                  
24     28         11         11            11          4             4                3                  
25     19         4          4             4           2             2                1                  
26     15         4          4             4           2             2                1                  
27     26         2          2             2           0             0                0                  
28     19         2          2             2           0             0                0                  
29     27         4          4             4           2             2                2                  
30     33         11         11            11          4             4                4                  
31     24         5          5             5           1             1                1                  
32     16         2          2             2           0             0                0                  
33     38         13         13            13          4             4                4                  
34     32         9          9             9           4             3                3                  
35     21         5          5             5           1             1                1                  
36     24         2          2             2           0             0                0                  
37     33         5          5             5           2             2                2                  
38     34         8          8             8           5             5                4                  
39     35         9          9             9           5             5                4                  
40     26         5          5             4           3             3                1                  
41     18         4          4             4           2             2                1                  
42     23         5          5             5           2             2                0                  
43     32         7          7             7           2             2                0                  
44     22         4          4             4           0             0                0                  
45     19         6          6             6           2             2                2                  
46     18         4          4             4           1             1                1                  
47     25         5          5             5           2             2                1                  
48     27         9          9             9           7             7                4                  
49     24         6          6             6           3             3                2                  
50     28         7          7             7           1             1                1                  
51     32         3          3             3           0             0                0                  
52     34         10         10            10          4             4                3                  
53     37         7          7             7           4             4                3                  
54     34         8          8             8           4             4                3                  
55     31         7          7             7           2             2                2                  
56     33         9          9             9           1             1                1                  
57     32         9          9             9           2             2                2                  
58     26         8          8             8           2             2                1                  
59     33         10         10            10          2             2                2                  
60     36         5          5             5           0             0                0                  
61     24         2          2             2           0             0                0                  
62     32         6          6             6           2             2                2                  
63     21         4          4             4           1             1                1                  
64     25         7          7             7           2             2                2                  
65     38         5          5             5           3             3                3                  
66     32         6          6             6           2             2                2                  
67     28         7          7             7           2             2                2                  
68     28         4          4             4           3             3                2                  
69     32         6          6             6           2             2                2                  
70     33         5          5             5           1             1                1                  
71     32         5          5             5           1             1                1                  
72     19         1          1             1           0             0                0                  
73     22         5          5             5           2             2                1                  
74     21         5          5             5           1             1                0                  
75     33         6          6             6           1             1                1                  
76     35         10         10            9           4             4                2                  
77     28         6          6             6           4             4                3                  
78     34         5          5             5           3             3                3                  
79     29         4          4             4           2             2                1                  
80     36         9          9             9           2             2                1                  
----------------------------------------------------------------------------------
SUM    2283       509        508           505         177           175              129                
----------------------------------------------------------------------------------

 Total Ripple Number: 

 Detection parameters:
     maximum_peak:    3
     maxRippleLength: 100
     detection_peaks: thrsh
     num_peaks:       3
