Trial  Det1_2SD   Det2_4SD   Det3_MaxLen   Det4_Join   Det5_Cycles   68               101                
t6_Artif_Rej Det7_Spctr_Peak 1      35         5          5             5           2             2                2                  
2      25         3          3             3           1             1                1                  
3      22         7          7             7           2             2                2                  
4      25         5          5             5           0             0                0                  
5      32         5          5             5           2             2                2                  
6      25         9          9             9           1             1                0                  
7      23         2          2             2           0             0                0                  
8      24         5          5             5           0             0                0                  
9      22         5          5             5           1             1                0                  
10     28         5          5             5           1             1                1                  
11     29         5          5             5           0             0                0                  
12     29         10         10            10          1             1                1                  
13     28         5          5             5           0             0                0                  
14     17         3          3             3           1             1                1                  
15     22         6          6             6           2             2                2                  
16     26         5          5             5           2             2                2                  
17     31         4          4             4           1             1                1                  
18     28         6          6             6           2             2                1                  
19     38         8          8             8           2             2                2                  
20     23         5          5             5           2             2                1                  
21     28         1          1             1           1             1                1                  
22     35         4          4             4           1             1                1                  
23     37         6          6             6           2             2                0                  
24     20         5          5             5           0             0                0                  
25     25         4          4             4           0             0                0                  
26     32         6          6             6           0             0                0                  
27     27         4          4             4           1             1                1                  
28     32         5          5             5           0             0                0                  
29     20         4          4             4           1             1                1                  
30     35         5          5             5           1             1                1                  
31     27         7          7             7           3             3                2                  
32     22         3          3             3           1             1                0                  
33     29         5          5             4           2             2                2                  
34     25         3          3             3           1             1                1                  
35     21         5          5             5           1             1                1                  
36     27         5          5             5           2             2                1                  
37     28         6          6             6           1             1                1                  
38     32         5          5             5           1             1                1                  
39     33         2          2             2           0             0                0                  
40     39         5          5             5           3             3                3                  
41     33         7          7             7           0             0                0                  
42     26         8          8             8           4             4                3                  
43     45         9          9             9           2             2                1                  
44     33         8          8             8           1             1                1                  
45     29         6          6             6           2             2                1                  
46     27         8          8             8           1             1                0                  
47     17         2          2             2           0             0                0                  
48     42         6          6             6           0             0                0                  
49     40         6          6             6           2             2                2                  
50     27         2          2             2           0             0                0                  
51     32         11         11            11          4             4                2                  
52     30         6          6             6           2             2                1                  
53     27         3          3             3           2             2                1                  
54     26         9          9             9           2             2                1                  
55     35         4          4             4           0             0                0                  
56     25         1          1             1           0             0                0                  
57     23         5          5             5           1             1                1                  
58     23         5          5             5           2             2                2                  
59     36         11         11            11          2             2                2                  
60     29         4          4             4           0             0                0                  
61     22         2          2             2           0             0                0                  
62     35         5          5             5           0             0                0                  
63     27         5          5             5           1             1                0                  
64     18         5          5             5           2             2                2                  
65     33         10         10            10          3             3                3                  
66     27         9          9             9           1             1                0                  
67     29         8          8             8           1             1                1                  
68     29         3          3             3           0             0                0                  
69     29         6          6             6           2             2                2                  
70     22         3          3             3           1             1                1                  
71     23         4          4             4           2             2                2                  
72     27         4          4             4           1             1                1                  
73     32         2          2             2           2             2                1                  
74     31         8          8             8           2             2                2                  
75     31         7          7             7           3             3                3                  
76     22         3          3             3           1             1                1                  
77     31         8          8             8           1             1                1                  
78     35         6          6             6           2             2                2                  
79     37         12         12            12          2             2                2                  
80     41         14         14            14          3             3                2                  
----------------------------------------------------------------------------------
SUM    2292       443        443           442         102           102              80                 
----------------------------------------------------------------------------------

 Total Ripple Number: P

 Detection parameters:
     maximum_peak:    3
     maxRippleLength: 100
     detection_peaks: thrsh
     num_peaks:       3
