Trial  Det1_2SD   Det2_4SD   Det3_MaxLen   Det4_Join   Det5_Cycles   68               101                
t6_Artif_Rej Det7_Spctr_Peak 1      36         3          3             3           1             1                1                  
2      33         6          6             6           0             0                0                  
3      34         5          5             5           1             1                1                  
4      45         6          6             6           0             0                0                  
5      35         6          6             6           3             3                3                  
6      24         5          5             5           1             1                0                  
7      22         8          8             8           2             2                2                  
8      28         8          8             8           3             3                1                  
9      28         4          4             4           2             2                0                  
10     37         3          3             3           1             1                1                  
11     29         5          5             5           0             0                0                  
12     24         4          4             4           0             0                0                  
13     37         10         10            10          4             4                2                  
14     32         6          6             6           1             1                1                  
15     28         5          5             5           0             0                0                  
16     32         7          7             7           0             0                0                  
17     33         7          7             7           0             0                0                  
18     37         8          8             8           1             1                0                  
19     30         5          5             5           1             1                1                  
20     27         6          6             6           2             2                2                  
21     23         6          6             6           3             3                3                  
22     28         3          3             3           1             1                0                  
23     24         1          1             1           0             0                0                  
24     28         4          4             4           0             0                0                  
25     23         3          3             3           0             0                0                  
26     24         4          4             4           0             0                0                  
27     26         5          5             5           1             1                1                  
28     28         6          6             6           1             1                0                  
29     25         2          2             2           1             1                1                  
30     25         8          8             8           1             1                1                  
31     24         7          7             7           3             3                2                  
32     16         4          4             4           1             1                0                  
33     36         6          6             6           1             1                1                  
34     26         4          4             4           0             0                0                  
35     24         5          5             5           0             0                0                  
36     34         5          5             5           1             1                0                  
37     33         7          7             7           1             1                1                  
38     31         8          8             8           1             1                1                  
39     26         4          4             4           1             1                1                  
40     30         7          7             7           2             2                2                  
41     32         4          4             4           0             0                0                  
42     25         4          4             4           1             1                0                  
43     25         9          9             9           3             3                1                  
44     18         4          4             4           0             0                0                  
45     24         5          5             5           1             1                1                  
46     24         3          3             3           2             2                1                  
47     27         6          6             6           3             3                3                  
48     40         8          8             8           3             3                3                  
49     29         6          6             6           2             2                2                  
50     23         7          7             7           2             2                2                  
51     23         6          6             6           4             4                3                  
52     21         5          5             4           2             2                1                  
53     31         5          5             5           2             2                2                  
54     20         4          4             4           1             1                1                  
55     28         7          7             7           0             0                0                  
56     26         5          5             5           1             1                1                  
57     28         5          5             5           1             1                1                  
58     24         5          5             5           2             2                1                  
59     34         7          7             7           1             1                1                  
60     34         7          7             7           2             2                1                  
61     29         4          4             4           3             3                3                  
62     30         4          4             4           2             2                1                  
63     26         5          5             5           1             1                1                  
64     24         7          7             7           1             1                1                  
65     30         6          6             6           1             1                0                  
66     30         6          6             6           3             3                2                  
67     27         5          5             5           1             1                1                  
68     20         6          6             6           1             1                1                  
69     39         14         14            13          3             3                2                  
70     31         8          8             8           2             2                2                  
71     17         1          1             1           0             0                0                  
72     20         5          5             5           1             1                1                  
73     24         4          4             4           0             0                0                  
74     30         8          8             8           1             1                1                  
75     22         3          3             3           1             1                1                  
76     22         3          3             3           0             0                0                  
77     30         4          4             4           0             0                0                  
78     28         7          7             7           4             4                3                  
79     38         10         10            10          2             2                2                  
80     42         11         11            11          3             3                3                  
----------------------------------------------------------------------------------
SUM    2260       449        449           447         105           105              79                 
----------------------------------------------------------------------------------

 Total Ripple Number: O

 Detection parameters:
     maximum_peak:    3
     maxRippleLength: 100
     detection_peaks: thrsh
     num_peaks:       3
