Trial  Det1_2SD   Det2_4SD   Det3_MaxLen   Det4_Join   Det5_Cycles   68               101                
t6_Artif_Rej Det7_Spctr_Peak 1      30         6          6             6           1             1                1                  
2      26         3          3             3           2             2                1                  
3      27         5          5             5           2             2                2                  
4      17         4          4             4           1             1                1                  
5      31         4          4             4           1             1                1                  
6      23         4          4             4           0             0                0                  
7      27         5          5             5           1             1                1                  
8      27         6          6             6           2             2                2                  
9      25         8          8             8           2             2                2                  
10     28         5          5             5           0             0                0                  
11     32         7          7             7           1             1                1                  
12     29         6          6             6           1             1                1                  
13     30         9          9             9           2             2                1                  
14     32         7          7             7           0             0                0                  
15     36         3          3             3           1             1                1                  
16     29         2          2             2           1             1                1                  
17     30         3          3             3           2             2                2                  
18     33         3          3             3           0             0                0                  
19     28         6          6             6           1             1                1                  
20     30         8          8             8           2             2                2                  
21     26         6          6             6           3             3                3                  
22     33         6          6             6           3             3                2                  
23     32         6          6             6           3             3                3                  
24     26         5          5             5           2             2                2                  
25     32         4          4             4           2             2                1                  
26     30         5          5             5           1             1                0                  
27     31         4          4             4           1             1                0                  
28     30         5          5             5           2             2                1                  
29     24         8          8             8           1             1                1                  
30     24         5          5             5           3             3                3                  
31     17         3          3             3           0             0                0                  
32     27         4          4             4           0             0                0                  
33     29         5          5             5           1             1                1                  
34     23         3          3             3           0             0                0                  
35     19         4          4             4           1             1                1                  
36     26         4          4             4           2             2                2                  
37     31         7          7             7           3             3                2                  
38     27         9          9             9           3             3                2                  
39     29         6          6             6           1             1                1                  
40     38         6          6             6           1             1                1                  
41     24         4          4             4           2             2                2                  
42     28         6          6             6           0             0                0                  
43     26         4          4             4           1             1                1                  
44     17         2          2             2           0             0                0                  
45     22         3          3             3           1             1                1                  
46     26         7          7             7           2             2                1                  
47     27         3          3             3           2             2                1                  
48     24         8          8             8           2             2                2                  
49     35         9          9             9           3             3                1                  
50     30         8          8             8           3             3                2                  
51     31         3          3             3           1             1                1                  
52     32         5          5             5           2             2                2                  
53     26         4          4             4           1             1                1                  
54     37         4          4             4           2             2                2                  
55     33         3          3             3           1             1                1                  
56     31         7          7             7           2             2                2                  
57     31         3          3             3           0             0                0                  
58     37         4          4             4           1             1                0                  
59     30         5          5             5           1             1                1                  
60     29         5          5             5           1             1                1                  
61     24         5          5             5           1             1                1                  
62     39         9          9             9           2             2                2                  
63     38         8          8             8           2             2                1                  
64     32         3          3             3           2             2                2                  
65     31         5          5             5           1             1                1                  
66     17         5          5             5           2             2                2                  
67     25         4          4             4           2             2                2                  
68     27         8          8             8           4             4                3                  
69     24         4          4             4           1             1                1                  
70     23         3          3             3           1             1                0                  
71     28         8          8             8           4             4                2                  
72     25         6          6             6           2             2                2                  
73     20         3          3             3           0             0                0                  
74     21         5          5             5           3             3                3                  
75     29         4          4             4           1             1                1                  
76     25         5          5             5           4             4                4                  
77     35         9          9             9           2             2                2                  
78     20         2          2             2           1             1                1                  
79     27         4          4             4           2             2                2                  
80     28         2          2             2           0             0                0                  
----------------------------------------------------------------------------------
SUM    2238       408        408           408         121           121              101                
----------------------------------------------------------------------------------

 Total Ripple Number: e

 Detection parameters:
     maximum_peak:    3
     maxRippleLength: 100
     detection_peaks: thrsh
     num_peaks:       3
