Trial  Det1_2SD   Det2_4SD   Det3_MaxLen   Det4_Join   Det5_Cycles   68               101                
t6_Artif_Rej Det7_Spctr_Peak 1      36         13         13            13          3             3                1                  
2      44         15         15            15          5             5                2                  
3      40         11         11            11          2             2                1                  
4      28         6          6             6           3             3                2                  
5      30         7          7             7           4             4                3                  
6      30         8          8             8           1             1                0                  
7      31         6          6             6           1             1                1                  
8      31         8          8             8           2             2                2                  
9      32         7          7             7           1             1                0                  
10     40         13         13            12          3             3                0                  
11     34         9          9             9           1             1                1                  
12     30         8          8             8           2             2                2                  
13     34         5          5             5           1             1                0                  
14     30         5          5             5           0             0                0                  
15     29         6          6             6           0             0                0                  
16     29         6          6             6           2             2                2                  
17     43         12         12            12          1             1                1                  
18     44         9          9             9           2             2                1                  
19     27         5          5             5           1             1                1                  
20     27         3          3             3           1             1                1                  
21     32         3          3             3           0             0                0                  
22     30         6          6             6           1             1                0                  
23     38         6          6             6           1             1                0                  
24     31         7          7             7           2             2                2                  
25     31         6          6             6           2             2                2                  
26     32         5          5             5           2             2                0                  
27     22         8          8             8           4             4                1                  
28     30         5          5             5           0             0                0                  
29     28         4          4             4           0             0                0                  
30     42         10         10            10          3             3                1                  
31     27         6          6             6           2             2                1                  
32     29         2          2             2           1             1                0                  
33     36         10         10            10          3             3                3                  
34     33         10         10            10          3             3                2                  
35     34         8          8             8           1             1                1                  
36     25         7          7             7           2             2                1                  
37     32         10         10            9           3             3                1                  
38     25         4          4             3           1             1                0                  
39     29         5          5             5           2             2                2                  
40     24         5          5             5           1             1                0                  
41     31         8          8             8           1             1                1                  
42     30         6          6             6           1             1                1                  
43     31         6          6             6           1             1                1                  
44     33         8          8             8           1             1                1                  
45     28         5          5             5           2             2                2                  
46     31         5          5             5           0             0                0                  
47     30         4          4             4           0             0                0                  
48     40         11         11            11          1             1                1                  
49     22         7          7             7           1             1                1                  
50     19         3          3             3           0             0                0                  
51     25         9          9             9           0             0                0                  
52     31         3          3             3           0             0                0                  
53     25         5          5             5           1             1                0                  
54     21         6          6             6           1             1                0                  
55     16         1          1             1           0             0                0                  
56     26         2          2             2           0             0                0                  
57     29         5          5             5           0             0                0                  
58     26         4          4             4           1             1                1                  
59     32         6          6             6           1             1                1                  
60     24         6          6             6           1             1                0                  
61     36         4          4             4           1             1                1                  
62     35         4          4             4           2             2                2                  
63     32         11         11            11          3             3                3                  
64     17         3          3             3           0             0                0                  
65     27         5          5             5           1             1                0                  
66     25         5          5             5           1             1                1                  
67     32         6          6             6           2             2                2                  
68     26         4          4             4           1             1                1                  
69     22         5          5             5           1             1                0                  
70     25         8          8             8           2             2                2                  
71     30         9          9             9           0             0                0                  
72     27         7          7             7           2             1                1                  
73     26         5          5             5           1             1                1                  
74     26         5          5             5           1             1                0                  
75     24         3          3             3           1             1                0                  
76     29         3          3             3           2             2                1                  
77     22         2          2             2           0             0                0                  
78     22         3          3             3           2             2                1                  
79     36         5          5             5           1             1                0                  
80     37         6          6             6           2             2                0                  
----------------------------------------------------------------------------------
SUM    2385       502        502           499         109           108              64                 
----------------------------------------------------------------------------------

 Total Ripple Number: @

 Detection parameters:
     maximum_peak:    3
     maxRippleLength: 100
     detection_peaks: thrsh
     num_peaks:       3
