Trial  Det1_2SD   Det2_4SD   Det3_MaxLen   Det4_Join   Det5_Cycles   68               101                

t6_Artif_Rej Det7_Spctr_Peak 1      33         7          7             7           2             2                0                  
2      33         6          6             6           2             2                1                  
3      35         7          7             7           1             1                0                  
4      30         4          4             4           1             1                1                  
5      33         4          4             4           0             0                0                  
6      26         4          4             4           3             3                1                  
7      46         13         13            12          7             7                3                  
8      48         16         16            15          8             8                4                  
9      40         7          7             7           2             2                1                  
10     51         11         11            11          4             4                2                  
11     46         12         12            12          4             4                4                  
12     42         10         10            10          5             5                4                  
13     53         14         14            14          6             6                3                  
14     44         10         10            10          5             5                4                  
15     32         8          8             8           3             3                2                  
16     35         6          6             6           2             2                1                  
17     34         6          6             6           2             2                2                  
18     29         6          6             6           2             2                2                  
19     42         11         11            11          2             2                2                  
20     41         12         12            12          4             4                4                  
21     38         11         11            11          5             5                5                  
22     37         8          8             8           4             4                4                  
23     45         13         13            12          3             3                2                  
24     42         9          9             9           3             3                2                  
25     35         11         11            10          4             4                4                  
26     36         10         10            9           2             2                2                  
27     35         13         13            13          3             3                2                  
28     33         6          6             6           3             3                2                  
29     41         11         11            11          3             3                2                  
30     45         13         13            13          6             6                5                  
31     47         10         10            10          4             4                3                  
32     33         5          5             5           2             2                1                  
33     30         6          6             6           2             2                1                  
34     36         7          7             7           2             2                1                  
35     32         6          6             6           3             3                3                  
36     39         6          6             6           1             1                0                  
37     46         9          9             9           3             3                1                  
38     40         6          6             6           2             2                1                  
39     39         7          7             7           0             0                0                  
40     36         11         11            11          1             1                0                  
41     26         2          2             2           1             1                0                  
42     35         6          6             6           4             4                4                  
43     38         7          7             7           3             3                3                  
44     41         14         14            14          6             6                4                  
45     39         13         13            13          8             8                3                  
46     39         11         11            11          4             4                2                  
47     33         9          9             9           2             2                0                  
48     43         5          5             5           1             1                0                  
49     46         5          5             5           0             0                0                  
50     45         4          4             4           0             0                0                  
51     41         9          9             9           1             1                1                  
52     29         8          8             8           3             3                3                  
53     39         9          9             9           3             3                3                  
54     37         7          7             7           3             3                3                  
55     52         15         15            15          5             5                5                  
56     43         14         14            14          5             5                3                  
57     40         10         10            10          3             3                2                  
58     33         7          7             7           1             1                0                  
59     30         3          3             3           0             0                0                  
60     44         4          4             4           3             3                2                  
61     48         12         12            12          4             4                2                  
62     45         12         12            12          7             7                5                  
63     38         8          8             8           1             1                1                  
64     24         4          4             4           0             0                0                  
65     35         8          8             8           0             0                0                  
66     37         9          9             9           1             1                0                  
67     36         6          6             6           3             3                0                  
68     28         3          3             3           1             1                0                  
69     22         5          5             5           2             2                2                  
70     32         4          4             4           2             2                2                  
71     42         12         12            12          5             5                4                  
72     42         9          9             9           3             3                2                  
73     30         5          5             5           1             1                1                  
74     37         9          9             9           2             2                1                  
75     48         14         14            14          4             4                3                  
76     39         8          8             8           2             2                2                  
77     33         8          8             8           2             2                2                  
78     28         6          5             5           2             2                2                  
79     31         8          8             8           4             4                2                  
80     40         8          8             8           6             6                2                  
----------------------------------------------------------------------------------
SUM    3026       672        671           666         229           229              153                

----------------------------------------------------------------------------------

 Total Ripple Number: 153

 Detection parameters:
     maximum_peak:    3
     maxRippleLength: 100
     detection_peaks: thrsh
     num_peaks:       3
