Trial  Det1_2SD   Det2_4SD   Det3_MaxLen   Det4_Join   Det5_Cycles   68               101                

t6_Artif_Rej Det7_Spctr_Peak 1      26         6          6             6           1             1                0                  
2      38         8          8             8           1             1                1                  
3      43         10         10            10          3             3                3                  
4      39         10         10            10          4             4                3                  
5      30         9          9             9           5             4                3                  
6      31         7          7             7           2             1                1                  
7      40         9          9             9           3             3                3                  
8      32         7          7             7           2             2                2                  
9      37         11         11            11          4             4                2                  
10     46         13         13            12          6             6                5                  
11     46         11         11            10          5             5                2                  
12     47         10         10            10          2             2                0                  
13     55         12         12            11          3             3                1                  
14     32         4          4             4           1             1                1                  
15     34         2          2             2           0             0                0                  
16     34         7          7             7           1             1                1                  
17     53         15         15            15          3             3                2                  
18     47         13         13            13          7             7                4                  
19     48         9          9             9           1             1                1                  
20     35         9          9             9           1             1                1                  
21     41         5          5             5           2             2                2                  
22     46         15         15            15          6             6                3                  
23     37         4          4             4           1             1                1                  
24     39         7          7             7           2             2                0                  
25     43         11         11            11          2             2                1                  
26     40         13         13            13          3             3                3                  
27     38         9          9             9           3             3                3                  
28     35         6          6             6           2             2                2                  
29     29         7          7             7           1             1                1                  
30     42         7          7             7           2             1                1                  
31     46         10         10            10          4             3                2                  
32     39         13         13            12          5             4                2                  
33     43         11         11            10          6             5                2                  
34     36         5          5             5           1             0                0                  
35     53         12         12            12          5             5                2                  
36     55         17         17            17          5             5                2                  
37     39         10         10            10          4             4                0                  
38     56         15         15            15          4             4                1                  
39     41         8          8             8           2             2                1                  
40     46         10         10            10          3             3                0                  
41     41         8          8             8           3             2                2                  
42     44         15         15            14          5             4                3                  
43     54         15         15            14          4             3                1                  
44     40         9          9             9           2             2                2                  
45     47         14         14            13          5             4                3                  
46     47         11         11            11          4             4                1                  
47     36         8          8             8           2             2                1                  
48     42         8          8             8           1             1                0                  
49     39         2          2             2           0             0                0                  
50     49         8          8             8           3             3                3                  
51     46         13         13            13          2             2                1                  
52     41         11         11            11          3             3                3                  
53     44         11         11            11          7             7                4                  
54     49         12         11            11          4             3                0                  
55     47         13         13            12          5             4                2                  
56     42         8          8             8           3             3                1                  
57     38         10         10            10          2             2                2                  
58     37         4          4             4           1             1                1                  
59     45         13         13            12          4             3                1                  
60     50         18         18            16          9             8                4                  
61     44         11         11            10          7             7                4                  
62     48         17         17            16          3             2                1                  
63     45         17         17            16          8             7                6                  
64     47         15         15            15          9             8                6                  
65     50         11         11            11          9             9                3                  
66     46         8          8             8           3             3                2                  
67     38         4          4             4           1             1                1                  
68     28         2          2             2           0             0                0                  
69     36         12         12            11          4             3                1                  
70     47         15         15            14          2             2                1                  
71     35         3          3             3           0             0                0                  
72     47         8          8             8           3             3                1                  
73     44         8          8             8           2             1                1                  
74     39         5          5             5           0             0                0                  
75     56         19         19            18          5             4                1                  
76     51         15         15            14          3             3                1                  
77     36         7          7             7           4             4                4                  
78     28         4          4             4           1             1                1                  
79     31         6          6             6           3             3                1                  
80     38         6          6             6           2             2                2                  
----------------------------------------------------------------------------------
SUM    3349       781        780           761         256           235              137                

----------------------------------------------------------------------------------

 Total Ripple Number: 137

 Detection parameters:
     maximum_peak:    3
     maxRippleLength: 100
     detection_peaks: thrsh
     num_peaks:       3
