Trial  Det1_2SD   Det2_4SD   Det3_MaxLen   Det4_Join   Det5_Cycles   68               101                

t6_Artif_Rej Det7_Spctr_Peak 1      29         3          3             3           0             0                0                  
2      43         7          7             7           4             4                4                  
3      35         6          6             6           2             2                1                  
4      37         4          4             4           1             1                1                  
5      29         7          7             7           2             1                1                  
6      35         11         11            11          5             5                3                  
7      48         9          9             9           5             5                3                  
8      40         12         12            12          5             5                5                  
9      35         7          7             7           4             3                3                  
10     33         6          6             6           1             1                1                  
11     39         5          5             5           1             1                1                  
12     43         11         11            11          4             4                4                  
13     54         14         14            14          6             6                5                  
14     33         6          6             6           2             2                1                  
15     35         3          3             3           0             0                0                  
16     34         9          9             9           3             3                2                  
17     51         17         17            17          4             4                3                  
18     50         12         12            12          4             4                4                  
19     48         14         14            13          6             6                5                  
20     29         4          4             4           3             3                2                  
21     23         2          2             2           1             1                0                  
22     32         12         12            12          5             5                4                  
23     40         13         13            13          5             5                5                  
24     38         9          9             9           0             0                0                  
25     42         8          8             8           1             1                1                  
26     43         8          8             8           0             0                0                  
27     49         11         11            11          3             3                2                  
28     45         7          7             7           4             4                4                  
29     39         10         10            10          5             5                3                  
30     42         10         10            10          1             1                0                  
31     41         8          8             8           2             2                2                  
32     37         8          8             7           3             3                3                  
33     44         13         13            13          5             4                2                  
34     44         13         13            13          1             0                0                  
35     44         8          8             8           3             3                1                  
36     40         9          9             9           6             6                5                  
37     43         8          8             8           1             1                1                  
38     48         9          9             9           2             2                2                  
39     36         10         10            10          2             2                2                  
40     38         12         12            12          3             3                3                  
41     28         9          9             9           5             4                3                  
42     46         10         10            9           1             1                1                  
43     51         12         12            11          1             1                1                  
44     37         9          9             8           1             0                0                  
45     29         3          3             3           1             1                1                  
46     44         7          7             7           3             3                2                  
47     37         4          4             4           2             2                2                  
48     38         7          7             7           3             3                3                  
49     49         14         14            14          5             5                4                  
50     50         14         14            14          3             3                3                  
51     44         7          7             7           1             1                1                  
52     39         4          4             4           1             1                1                  
53     40         8          8             8           1             1                0                  
54     40         12         12            12          4             3                1                  
55     42         10         10            10          3             3                2                  
56     33         8          8             8           3             3                2                  
57     40         7          7             7           1             1                1                  
58     47         10         10            10          2             2                2                  
59     35         10         10            10          2             1                1                  
60     32         10         10            10          2             1                1                  
61     41         10         10            10          4             4                4                  
62     31         8          8             8           2             1                1                  
63     31         11         11            11          3             3                3                  
64     42         11         11            11          6             6                5                  
65     46         10         10            10          4             3                2                  
66     43         5          5             5           4             3                1                  
67     45         6          6             6           3             3                1                  
68     40         4          4             4           1             1                0                  
69     29         7          7             7           2             2                1                  
70     43         10         10            10          2             2                2                  
71     40         6          6             6           1             1                0                  
72     36         6          6             6           1             1                0                  
73     30         3          3             3           1             1                1                  
74     33         4          4             4           2             2                2                  
75     35         1          1             1           1             1                0                  
76     40         8          8             8           2             2                1                  
77     53         10         10            10          3             3                3                  
78     41         4          4             4           3             3                3                  
79     26         4          4             4           2             2                2                  
80     36         3          3             3           1             1                0                  
----------------------------------------------------------------------------------
SUM    3150       661        661           656         208           196              153                

----------------------------------------------------------------------------------

 Total Ripple Number: 153

 Detection parameters:
     maximum_peak:    3
     maxRippleLength: 100
     detection_peaks: thrsh
     num_peaks:       3
