Trial  Det1_2SD   Det2_4SD   Det3_MaxLen   Det4_Join   Det5_Cycles   68               101                

t6_Artif_Rej Det7_Spctr_Peak 1      33         5          5             5           1             1                1                  
2      46         10         10            10          4             4                3                  
3      38         7          7             7           2             2                1                  
4      42         11         11            11          5             5                4                  
5      39         8          8             8           3             3                3                  
6      28         4          4             4           1             1                1                  
7      38         10         10            10          2             2                2                  
8      37         5          5             5           3             3                2                  
9      34         7          7             6           1             1                1                  
10     42         5          5             5           2             2                2                  
11     47         5          5             5           1             1                1                  
12     40         10         10            10          4             4                4                  
13     44         11         11            11          3             3                3                  
14     44         5          5             5           1             1                1                  
15     46         4          4             4           1             1                1                  
16     37         3          3             3           2             2                2                  
17     42         9          9             9           4             4                4                  
18     43         5          5             5           1             1                1                  
19     48         8          8             8           2             2                2                  
20     34         3          3             3           0             0                0                  
21     29         4          4             4           2             2                2                  
22     41         11         11            11          8             8                8                  
23     35         4          4             4           0             0                0                  
24     43         13         13            13          2             2                2                  
25     39         9          9             9           3             3                2                  
26     43         9          9             8           5             5                5                  
27     35         10         10            9           4             4                4                  
28     36         4          4             4           2             2                2                  
29     51         12         12            12          2             2                2                  
30     47         13         13            13          3             3                3                  
31     41         11         11            11          1             1                1                  
32     32         6          6             6           0             0                0                  
33     39         11         11            11          3             3                2                  
34     28         6          6             6           2             2                2                  
35     35         5          5             5           1             1                0                  
36     48         15         15            14          6             6                5                  
37     51         16         16            15          6             6                6                  
38     51         13         13            13          3             3                3                  
39     38         10         10            10          4             4                4                  
40     41         13         13            13          4             4                4                  
41     30         7          7             7           2             2                2                  
42     48         8          8             8           5             5                3                  
43     50         4          4             4           4             4                3                  
44     40         9          9             9           3             3                3                  
45     33         9          9             9           2             2                2                  
46     31         6          6             6           0             0                0                  
47     30         8          8             8           1             1                0                  
48     45         10         10            10          3             3                2                  
49     41         12         12            12          3             3                3                  
50     49         10         10            10          2             2                2                  
51     49         7          7             7           2             2                2                  
52     48         11         11            11          5             5                4                  
53     57         13         13            13          4             4                2                  
54     41         7          7             7           1             1                0                  
55     40         6          6             5           1             1                1                  
56     52         13         13            12          3             3                3                  
57     51         10         10            10          2             2                1                  
58     36         3          3             3           1             1                1                  
59     35         8          8             8           2             2                2                  
60     41         9          9             9           1             1                1                  
61     39         7          7             7           1             1                0                  
62     33         4          4             4           2             2                2                  
63     30         2          2             2           1             1                1                  
64     37         10         10            10          1             1                1                  
65     35         11         11            11          3             3                2                  
66     40         15         15            15          7             7                6                  
67     40         10         10            10          2             2                2                  
68     37         12         12            12          0             0                0                  
69     33         7          7             7           0             0                0                  
70     32         6          6             6           3             3                2                  
71     29         4          4             4           1             1                1                  
72     31         6          6             6           0             0                0                  
73     33         7          7             7           0             0                0                  
74     39         5          5             5           1             1                1                  
75     38         7          7             7           2             2                1                  
76     25         8          8             8           3             3                2                  
77     27         5          5             5           1             1                1                  
78     34         2          2             2           0             0                0                  
79     34         6          6             6           2             2                2                  
80     40         9          9             9           1             1                1                  
----------------------------------------------------------------------------------
SUM    3138       643        643           636         182           182              158                

----------------------------------------------------------------------------------

 Total Ripple Number: 158

 Detection parameters:
     maximum_peak:    3
     maxRippleLength: 100
     detection_peaks: thrsh
     num_peaks:       3
