Trial  Det1_2SD   Det2_4SD   Det3_MaxLen   Det4_Join   Det5_Cycles   68               101                

t6_Artif_Rej Det7_Spctr_Peak 1      29         4          4             4           2             2                0                  
2      35         2          2             2           0             0                0                  
3      33         10         10            10          2             2                1                  
4      46         12         12            12          2             2                1                  
5      37         6          6             6           1             1                1                  
6      26         4          4             4           1             1                1                  
7      35         7          7             6           2             2                1                  
8      37         4          4             4           2             2                1                  
9      40         6          6             6           4             4                3                  
10     53         9          9             9           2             2                2                  
11     42         6          6             6           1             1                0                  
12     33         8          8             8           3             3                3                  
13     47         10         10            10          4             4                3                  
14     41         7          7             7           3             3                1                  
15     33         6          6             6           2             2                1                  
16     37         7          7             7           2             2                2                  
17     38         9          9             9           4             4                4                  
18     39         9          9             9           2             2                2                  
19     36         6          6             6           3             3                0                  
20     30         8          8             8           5             5                1                  
21     38         8          8             8           2             2                1                  
22     37         7          7             7           3             3                3                  
23     48         10         10            10          3             3                1                  
24     40         9          9             9           4             4                2                  
25     37         5          5             5           2             2                2                  
26     38         5          5             5           1             1                1                  
27     42         7          7             7           1             1                0                  
28     42         8          8             8           2             2                1                  
29     39         12         12            12          4             4                4                  
30     35         8          8             8           3             3                2                  
31     37         4          4             4           1             1                0                  
32     33         7          7             7           4             4                2                  
33     27         5          5             5           3             3                2                  
34     33         7          7             7           2             2                0                  
35     47         10         10            10          5             5                3                  
36     40         9          9             9           3             3                2                  
37     37         8          8             8           1             1                0                  
38     36         6          6             6           1             1                0                  
39     39         3          3             3           0             0                0                  
40     44         10         10            10          5             5                3                  
41     36         8          8             8           1             1                1                  
42     34         6          6             6           1             1                1                  
43     32         4          4             4           0             0                0                  
44     41         8          8             8           3             3                3                  
45     48         12         12            12          5             4                4                  
46     36         7          7             7           3             3                3                  
47     33         10         10            10          2             2                2                  
48     40         10         10            10          2             2                2                  
49     30         3          3             3           0             0                0                  
50     32         4          4             4           2             2                1                  
51     43         11         11            11          5             5                3                  
52     40         12         12            12          3             3                2                  
53     35         9          9             9           2             2                2                  
54     30         8          8             8           3             3                2                  
55     32         8          8             8           1             1                1                  
56     28         4          4             4           1             1                1                  
57     30         8          8             8           3             3                3                  
58     26         4          4             4           2             2                0                  
59     34         5          5             5           2             2                1                  
60     42         10         10            10          5             5                4                  
61     44         11         11            11          6             6                4                  
62     28         8          8             8           2             2                2                  
63     31         10         10            10          5             5                4                  
64     30         5          5             5           3             3                2                  
65     36         9          9             9           3             3                3                  
66     36         9          9             9           3             3                2                  
67     29         5          5             4           2             1                0                  
68     29         5          5             5           1             1                1                  
69     35         7          7             7           4             4                3                  
70     39         7          7             7           1             1                1                  
71     36         7          7             7           0             0                0                  
72     29         8          8             8           2             2                2                  
73     37         8          8             8           3             3                3                  
74     51         9          9             9           4             4                4                  
75     48         9          9             9           3             3                3                  
76     41         5          5             5           1             1                1                  
77     41         10         10            10          1             1                1                  
78     41         6          6             6           0             0                0                  
79     37         3          3             3           1             1                1                  
80     45         7          7             7           2             2                2                  
----------------------------------------------------------------------------------
SUM    2961       587        587           585         190           188              132                

----------------------------------------------------------------------------------

 Total Ripple Number: 132

 Detection parameters:
     maximum_peak:    3
     maxRippleLength: 100
     detection_peaks: thrsh
     num_peaks:       3
