Trial  Det1_2SD   Det2_4SD   Det3_MaxLen   Det4_Join   Det5_Cycles   68               101                
t6_Artif_Rej Det7_Spctr_Peak 1      36         10         10            10          4             4                4                  
2      44         13         13            13          4             3                2                  
3      42         15         15            15          9             9                7                  
4      31         8          8             8           4             4                3                  
5      32         6          6             6           4             3                2                  
6      23         8          8             8           4             4                4                  
7      27         4          4             4           2             2                1                  
8      21         2          2             2           1             1                0                  
9      27         3          3             3           1             1                1                  
10     26         3          3             3           1             1                1                  
11     29         9          9             9           4             4                3                  
12     28         9          9             9           2             2                2                  
13     37         8          8             8           3             3                3                  
14     23         5          5             5           1             1                1                  
15     26         8          8             8           3             3                2                  
16     30         3          3             3           1             1                1                  
17     36         8          8             8           4             4                3                  
18     31         7          7             7           1             1                1                  
19     25         7          7             7           1             1                1                  
20     15         3          3             3           1             0                0                  
21     28         3          3             3           0             0                0                  
22     25         7          7             7           4             4                3                  
23     39         6          6             6           3             3                3                  
24     30         9          9             9           4             3                2                  
25     36         6          6             6           4             3                2                  
26     51         7          7             7           5             4                4                  
27     40         13         13            13          8             7                5                  
28     28         7          7             7           2             1                0                  
29     28         8          8             8           1             1                1                  
30     29         9          9             9           2             2                2                  
31     24         4          4             4           2             2                2                  
32     25         6          6             6           1             1                1                  
33     25         6          6             6           0             0                0                  
34     23         5          5             5           3             3                3                  
35     33         3          3             3           1             1                0                  
36     33         13         13            12          5             5                3                  
37     33         12         12            11          4             4                2                  
38     38         15         15            15          5             5                4                  
39     28         11         11            11          3             3                2                  
40     30         6          6             6           2             2                2                  
41     20         7          7             7           2             2                2                  
42     28         7          7             7           2             1                1                  
43     27         7          7             7           1             1                1                  
44     21         5          5             5           0             0                0                  
45     20         8          8             8           1             1                1                  
46     29         11         11            11          4             4                3                  
47     34         9          9             9           2             2                2                  
48     22         5          5             5           2             2                2                  
49     20         8          8             7           4             3                2                  
50     25         10         10            10          5             4                4                  
51     35         9          9             9           3             3                3                  
52     32         9          9             9           5             5                4                  
53     26         8          8             8           1             1                1                  
54     36         10         10            10          5             5                5                  
55     34         11         11            11          5             5                5                  
56     29         7          7             7           1             1                1                  
57     46         14         14            14          4             4                4                  
58     24         5          5             5           3             3                3                  
59     24         9          9             9           5             5                4                  
60     30         7          7             7           4             4                4                  
61     25         6          6             6           3             3                3                  
62     31         7          7             7           3             3                3                  
63     30         6          6             6           3             2                1                  
64     36         6          6             6           2             2                2                  
65     28         9          9             9           4             4                4                  
66     22         5          5             5           2             2                2                  
67     26         4          4             4           0             0                0                  
68     30         6          6             6           1             1                1                  
69     30         7          7             6           2             2                0                  
70     31         5          5             5           2             2                1                  
71     26         9          9             9           4             3                1                  
72     22         8          8             8           2             2                2                  
73     25         5          5             5           2             2                1                  
74     24         4          4             4           2             2                0                  
75     19         8          8             8           1             1                0                  
76     26         12         12            12          3             3                3                  
77     18         9          9             9           1             1                1                  
78     23         6          6             6           2             2                2                  
79     24         9          9             9           4             4                3                  
80     36         15         15            15          6             6                6                  
----------------------------------------------------------------------------------
SUM    2309       607        607           603         222           209              171                
----------------------------------------------------------------------------------

 Total Ripple Number: «

 Detection parameters:
     maximum_peak:    3
     maxRippleLength: 100
     detection_peaks: thrsh
     num_peaks:       3
