Trial  Det1_2SD   Det2_4SD   Det3_MaxLen   Det4_Join   Det5_Cycles   68               101                
t6_Artif_Rej Det7_Spctr_Peak 1      27         5          5             5           0             0                0                  
2      37         6          6             6           2             2                2                  
3      26         6          6             6           1             1                0                  
4      32         7          7             7           2             2                2                  
5      33         6          6             6           4             4                3                  
6      21         4          4             4           2             2                2                  
7      23         3          3             3           1             1                1                  
8      37         5          5             5           0             0                0                  
9      21         2          2             2           0             0                0                  
10     23         1          1             1           0             0                0                  
11     24         5          5             5           1             1                1                  
12     14         4          4             4           1             1                0                  
13     17         1          1             1           1             1                1                  
14     15         1          1             1           0             0                0                  
15     20         5          5             5           0             0                0                  
16     21         3          3             3           0             0                0                  
17     24         4          4             4           1             1                1                  
18     28         5          5             5           1             1                1                  
19     26         5          5             5           1             1                1                  
20     23         5          5             5           2             2                2                  
21     23         3          3             3           0             0                0                  
22     20         2          2             2           0             0                0                  
23     27         7          7             7           2             2                1                  
24     30         8          8             8           1             1                0                  
25     26         5          5             5           1             1                1                  
26     31         6          6             6           3             3                0                  
27     28         9          9             9           2             2                0                  
28     31         6          6             6           1             1                0                  
29     30         2          2             2           2             2                2                  
30     31         4          4             4           1             1                1                  
31     18         2          2             2           0             0                0                  
32     34         5          5             5           1             1                1                  
33     43         12         12            12          5             5                3                  
34     26         9          9             9           4             4                2                  
35     32         8          8             8           2             2                2                  
36     28         6          6             6           1             1                0                  
37     32         7          7             7           2             2                0                  
38     38         11         11            11          3             3                2                  
39     31         8          8             8           6             6                4                  
40     30         8          8             8           5             5                5                  
41     29         3          3             3           1             1                1                  
42     27         2          2             2           1             1                1                  
43     35         4          4             4           1             1                1                  
44     33         2          2             2           0             0                0                  
45     26         3          3             3           1             1                1                  
46     30         11         11            10          4             4                3                  
47     29         10         10            10          2             2                1                  
48     27         5          5             5           3             3                2                  
49     36         12         12            12          7             6                6                  
50     30         12         12            12          3             2                2                  
51     38         11         11            11          5             5                4                  
52     31         5          5             5           2             2                2                  
53     33         8          8             8           3             3                3                  
54     26         5          5             5           3             3                3                  
55     36         4          4             4           1             1                1                  
56     27         6          6             6           2             2                2                  
57     27         5          5             5           0             0                0                  
58     35         3          3             3           1             1                1                  
59     29         5          5             5           1             1                1                  
60     32         4          4             4           2             2                1                  
61     35         5          5             5           1             1                0                  
62     35         9          9             9           1             1                1                  
63     36         7          7             7           4             4                3                  
64     37         8          8             8           6             6                5                  
65     40         13         13            13          6             6                4                  
66     34         7          7             7           2             2                2                  
67     19         2          2             2           0             0                0                  
68     24         4          4             4           0             0                0                  
69     27         7          7             6           2             2                1                  
70     22         5          5             5           3             3                2                  
71     39         11         11            11          6             6                4                  
72     30         6          6             6           2             2                2                  
73     32         3          3             3           1             1                1                  
74     21         4          4             4           0             0                0                  
75     28         6          6             6           3             3                2                  
76     35         6          6             6           3             3                3                  
77     36         6          6             6           3             3                3                  
78     24         5          5             5           2             2                2                  
79     18         3          3             3           3             3                3                  
80     23         7          7             7           3             3                2                  
----------------------------------------------------------------------------------
SUM    2292       455        455           453         156           154              117                
----------------------------------------------------------------------------------

 Total Ripple Number: u

 Detection parameters:
     maximum_peak:    3
     maxRippleLength: 100
     detection_peaks: thrsh
     num_peaks:       3
