Trial  Det1_2SD   Det2_4SD   Det3_MaxLen   Det4_Join   Det5_Cycles   Det6_Artif_Rej  
1      25         6          6             6           2             2               
2      33         10         10            10          4             4               
3      36         8          8             8           3             3               
4      36         4          4             4           1             1               
5      34         9          9             9           4             4               
6      38         10         10            10          1             1               
7      32         4          4             4           1             1               
8      32         6          6             6           0             0               
9      38         10         10            10          5             5               
10     25         9          9             9           6             6               
11     30         5          5             4           2             2               
12     38         13         13            13          9             9               
13     33         9          9             9           3             3               
14     20         3          3             3           1             1               
15     26         8          8             8           1             1               
16     31         10         10            10          3             3               
17     24         4          4             4           1             1               
18     26         6          6             5           2             2               
19     32         7          7             7           3             3               
20     19         0          0             0           0             0               
21     29         4          4             4           1             1               
22     43         8          8             8           2             2               
23     37         8          8             8           4             4               
24     21         3          3             3           0             0               
25     28         5          5             5           0             0               
26     28         9          9             9           2             2               
27     19         4          4             4           3             3               
28     19         7          7             7           1             1               
29     45         10         10            10          2             2               
30     29         8          8             8           2             2               
31     32         7          7             7           0             0               
32     26         4          4             4           1             1               
33     33         8          8             8           2             2               
34     23         4          4             4           1             1               
35     27         2          2             2           1             1               
36     10         2          2             2           1             1               
37     25         6          6             6           1             1               
38     22         6          6             6           0             0               
39     33         7          7             7           1             1               
40     30         4          4             4           0             0               
41     38         12         12            12          8             8               
42     31         7          7             7           2             2               
43     43         9          9             9           4             4               
44     29         4          4             4           1             1               
45     27         5          5             5           0             0               
46     30         7          7             7           3             3               
47     28         6          6             6           1             1               
48     24         7          7             7           2             2               
49     24         4          4             4           0             0               
50     35         6          6             6           0             0               
51     48         12         12            12          1             1               
52     38         12         12            12          3             3               
53     35         5          5             5           1             1               
54     24         5          5             5           3             3               
55     34         4          4             4           1             1               
56     33         5          5             5           4             4               
57     18         2          2             2           1             1               
58     27         4          4             4           2             2               
59     31         5          5             5           2             2               
60     32         6          6             6           0             0               
61     37         6          6             6           1             1               
62     29         7          7             7           4             4               
63     41         9          9             9           2             2               
64     30         5          5             5           1             1               
65     23         6          6             6           2             2               
66     30         5          5             5           0             0               
67     32         6          6             6           0             0               
68     27         6          6             6           2             2               
69     33         6          6             6           2             2               
70     28         5          5             5           3             3               
71     18         7          7             7           0             0               
72     35         5          5             5           3             2               
73     24         5          5             5           1             1               
74     24         7          7             7           2             2               
75     35         10         10            10          5             5               
76     38         6          6             6           2             2               
77     30         5          5             5           0             0               
78     24         6          6             6           2             2               
79     26         3          3             3           3             2               
80     21         3          3             3           1             1               
----------------------------------------------------------------------------------
SUM    2381       502        502           500         152           150             
----------------------------------------------------------------------------------

 Total Ripple Number: 

 Detection parameters:
     maximum_peak:    3
     maxRippleLength: 100
     detection_peaks: thrsh
     num_peaks:       3
