Trial  Det1_2SD   Det2_4SD   Det3_MaxLen   Det4_Join   Det5_Cycles   Det6_Artif_Rej  
1      33         4          4             4           1             1               
2      39         11         11            11          1             1               
3      26         6          6             6           0             0               
4      27         7          7             7           1             1               
5      30         2          2             2           1             1               
6      32         6          6             6           1             1               
7      36         9          9             9           3             3               
8      33         5          5             5           1             1               
9      30         7          7             7           1             1               
10     26         4          4             4           0             0               
11     26         4          4             4           0             0               
12     41         7          7             7           2             2               
13     28         9          9             9           2             2               
14     27         5          5             5           2             2               
15     31         6          6             6           1             1               
16     27         4          4             4           1             1               
17     34         8          8             8           1             1               
18     21         7          7             7           1             1               
19     37         11         11            11          1             1               
20     37         4          4             4           1             1               
21     34         8          8             8           1             1               
22     26         5          5             5           3             3               
23     28         6          6             6           2             2               
24     29         6          6             6           1             1               
25     33         6          6             6           2             2               
26     34         4          4             4           0             0               
27     25         0          0             0           0             0               
28     20         4          4             4           2             2               
29     36         9          9             9           2             2               
30     19         3          3             3           0             0               
31     27         4          4             4           2             2               
32     30         5          5             5           0             0               
33     36         7          7             7           1             1               
34     28         3          3             3           2             2               
35     35         8          8             8           3             3               
36     23         7          7             7           0             0               
37     34         2          2             2           0             0               
38     23         3          3             3           1             1               
39     38         8          8             8           1             1               
40     24         2          2             2           2             2               
41     28         9          9             9           1             1               
42     22         5          5             5           0             0               
43     26         6          6             6           2             2               
44     25         3          3             3           3             3               
45     18         4          4             4           2             2               
46     29         6          6             6           1             1               
47     23         2          2             2           1             1               
48     29         8          8             8           3             3               
49     27         4          4             4           0             0               
50     30         7          7             7           1             1               
51     31         3          3             3           0             0               
52     34         3          3             3           1             1               
53     34         5          5             5           3             3               
54     30         6          6             6           2             2               
55     27         4          4             4           0             0               
56     23         4          4             4           1             1               
57     26         8          8             8           2             2               
58     35         7          7             7           2             2               
59     32         9          9             9           1             1               
60     35         10         10            10          3             3               
61     31         5          5             5           1             1               
62     31         7          7             7           2             2               
63     30         7          7             7           1             1               
64     27         6          6             6           3             3               
65     31         5          5             5           1             1               
66     25         7          7             7           1             1               
67     22         4          4             4           0             0               
68     30         2          2             2           0             0               
69     34         9          9             9           3             3               
70     28         9          9             9           1             1               
71     24         4          4             4           2             2               
72     25         8          8             8           3             3               
73     26         2          2             2           0             0               
74     29         5          5             5           1             1               
75     32         10         10            10          1             1               
76     25         9          9             9           3             2               
77     33         6          6             6           2             2               
78     21         4          4             4           1             1               
79     35         10         10            10          4             3               
80     28         7          7             7           4             4               
----------------------------------------------------------------------------------
SUM    2334       465        465           465         110           108             
----------------------------------------------------------------------------------

 Total Ripple Number: l

 Detection parameters:
     maximum_peak:    3
     maxRippleLength: 100
     detection_peaks: thrsh
     num_peaks:       3
