Trial  Det1_2SD   Det2_4SD   Det3_MaxLen   Det4_Join   Det5_Cycles   Det6_Artif_Rej  
1      24         6          6             6           0             0               
2      27         7          7             7           0             0               
3      38         10         10            9           4             4               
4      34         6          6             6           0             0               
5      31         7          7             7           4             4               
6      35         2          2             2           1             1               
7      37         9          9             9           2             2               
8      28         7          7             7           2             2               
9      30         5          5             5           0             0               
10     31         3          3             3           1             1               
11     27         2          2             2           1             1               
12     44         9          9             9           2             2               
13     27         8          8             8           0             0               
14     17         6          6             6           0             0               
15     28         7          7             7           0             0               
16     23         6          6             6           0             0               
17     18         7          7             7           3             3               
18     27         5          5             5           0             0               
19     29         13         13            13          6             6               
20     34         6          6             5           1             1               
21     25         5          5             5           3             3               
22     29         3          3             3           1             1               
23     27         4          4             4           2             2               
24     20         6          6             6           1             1               
25     25         6          6             6           1             1               
26     29         8          8             8           1             1               
27     27         5          5             5           3             3               
28     25         6          6             6           2             1               
29     31         8          8             8           2             2               
30     25         3          3             3           0             0               
31     27         5          5             5           0             0               
32     30         9          9             9           2             2               
33     36         6          6             6           3             3               
34     37         5          5             5           1             1               
35     36         13         13            12          5             5               
36     29         6          6             6           1             1               
37     26         4          4             4           1             1               
38     22         1          1             1           1             1               
39     29         5          5             4           3             3               
40     32         12         12            12          3             3               
41     24         5          5             5           2             2               
42     31         8          8             8           2             2               
43     32         11         11            11          2             2               
44     16         4          4             4           3             3               
45     22         4          4             4           1             1               
46     26         4          4             4           0             0               
47     29         3          3             3           1             1               
48     31         5          5             5           2             2               
49     28         6          6             6           2             2               
50     29         7          7             7           2             2               
51     32         6          6             6           0             0               
52     33         4          4             4           2             2               
53     29         5          5             5           2             2               
54     26         3          3             3           0             0               
55     23         3          3             3           0             0               
56     21         1          1             1           0             0               
57     30         3          3             3           1             1               
58     31         4          4             4           1             1               
59     38         5          5             5           1             1               
60     23         2          2             2           0             0               
61     22         5          5             5           2             2               
62     28         4          4             4           3             3               
63     32         8          8             8           2             2               
64     25         13         13            13          6             6               
65     30         3          3             3           1             1               
66     28         2          2             2           0             0               
67     25         8          8             8           3             3               
68     29         6          6             6           0             0               
69     29         8          8             8           5             5               
70     36         5          5             5           4             4               
71     26         6          6             6           0             0               
72     26         4          4             4           1             1               
73     33         8          8             8           3             3               
74     33         7          7             7           1             1               
75     31         8          8             8           3             3               
76     30         7          7             7           3             2               
77     35         5          5             5           2             2               
78     28         3          3             3           1             1               
79     26         5          5             5           3             2               
80     27         8          8             8           2             2               
----------------------------------------------------------------------------------
SUM    2289       467        467           463         132           129             
----------------------------------------------------------------------------------

 Total Ripple Number: 

 Detection parameters:
     maximum_peak:    3
     maxRippleLength: 100
     detection_peaks: thrsh
     num_peaks:       3
