Trial  Det1_2SD   Det2_4SD   Det3_MaxLen   Det4_Join   Det5_Cycles   Det6_Artif_Rej  
1      26         1          1             1           1             1               
2      32         5          5             5           2             2               
3      26         7          7             7           2             2               
4      30         4          4             4           2             2               
5      31         7          7             7           0             0               
6      31         5          5             5           2             2               
7      33         7          7             7           1             1               
8      26         9          9             9           1             1               
9      31         6          6             6           3             3               
10     28         6          6             6           0             0               
11     18         4          4             4           1             1               
12     48         14         14            14          4             4               
13     30         6          6             6           1             1               
14     28         2          2             2           0             0               
15     31         7          7             7           2             2               
16     27         2          2             2           0             0               
17     40         5          5             5           3             3               
18     25         4          4             4           2             2               
19     39         13         13            12          4             4               
20     32         5          5             5           2             2               
21     37         8          8             8           2             2               
22     36         8          8             8           4             4               
23     35         6          6             6           3             3               
24     30         5          5             5           1             1               
25     27         8          8             8           4             4               
26     36         10         10            10          5             5               
27     38         7          7             7           2             2               
28     27         6          6             6           1             1               
29     30         4          4             4           0             0               
30     26         4          4             4           3             3               
31     22         5          5             5           4             4               
32     28         5          5             5           2             2               
33     30         8          8             8           6             6               
34     24         6          6             6           1             1               
35     27         4          4             4           0             0               
36     22         3          3             3           1             1               
37     32         5          5             5           1             1               
38     23         4          4             4           1             1               
39     35         12         12            12          3             3               
40     42         15         15            15          4             4               
41     27         5          5             5           1             1               
42     37         4          4             4           1             1               
43     40         13         13            13          4             4               
44     30         4          4             3           2             2               
45     33         7          7             5           4             3               
46     17         6          6             6           2             2               
47     25         7          7             7           1             1               
48     26         9          9             9           0             0               
49     28         7          7             7           1             1               
50     47         13         13            13          6             6               
51     32         10         10            10          3             3               
52     40         7          7             7           2             2               
53     26         10         10            10          1             1               
54     30         4          4             4           1             1               
55     29         7          7             7           3             2               
56     19         1          1             1           0             0               
57     26         5          5             5           2             2               
58     34         8          8             8           4             4               
59     19         6          6             6           2             2               
60     32         8          8             7           1             1               
61     28         7          7             6           2             2               
62     30         2          2             2           0             0               
63     26         7          7             7           3             3               
64     24         4          4             4           0             0               
65     16         3          3             3           1             1               
66     25         4          4             4           1             1               
67     36         7          7             7           5             4               
68     28         5          5             5           1             1               
69     26         5          5             5           1             1               
70     25         4          4             4           1             1               
71     20         4          4             4           1             1               
72     19         0          0             0           0             0               
73     29         6          6             6           1             1               
74     18         0          0             0           0             0               
75     22         3          3             3           0             0               
76     35         12         12            12          5             5               
77     21         4          4             4           2             2               
78     19         3          3             3           1             1               
79     24         5          5             4           1             1               
80     37         9          9             9           3             3               
----------------------------------------------------------------------------------
SUM    2324       487        487           480         151           148             
----------------------------------------------------------------------------------

 Total Ripple Number: 

 Detection parameters:
     maximum_peak:    3
     maxRippleLength: 100
     detection_peaks: thrsh
     num_peaks:       3
