Trial  Det1_2SD   Det2_4SD   Det3_MaxLen   Det4_Join   Det5_Cycles   Det6_Artif_Rej  
1      24         4          4             4           1             1               
2      29         5          5             5           1             1               
3      26         3          3             3           0             0               
4      29         3          3             3           1             1               
5      35         3          3             3           1             1               
6      37         8          8             8           1             1               
7      34         4          4             4           3             3               
8      33         5          5             5           2             2               
9      35         11         11            10          1             1               
10     33         5          5             5           1             1               
11     20         2          2             2           1             1               
12     30         5          5             5           2             2               
13     23         3          3             3           0             0               
14     20         4          4             4           2             2               
15     30         7          7             7           3             3               
16     24         10         10            10          4             4               
17     30         7          7             7           3             3               
18     18         5          5             5           1             1               
19     27         6          6             6           1             1               
20     24         4          4             4           1             1               
21     33         6          6             5           3             3               
22     26         5          5             5           0             0               
23     26         8          8             7           2             2               
24     30         10         10            9           2             2               
25     22         7          7             7           0             0               
26     23         5          5             5           1             1               
27     19         4          4             4           1             1               
28     19         6          6             6           2             2               
29     34         6          6             6           1             1               
30     32         6          6             6           3             3               
31     31         5          5             5           2             2               
32     28         2          2             2           1             1               
33     24         5          5             5           2             2               
34     29         5          5             5           1             1               
35     37         2          2             2           1             1               
36     36         7          7             7           3             3               
37     29         4          4             4           1             1               
38     35         9          9             9           0             0               
39     29         7          7             7           1             1               
40     38         4          4             4           1             1               
41     36         10         10            10          5             5               
42     32         11         11            11          4             4               
43     27         6          6             5           2             2               
44     23         5          5             5           1             1               
45     27         10         10            9           7             6               
46     34         6          6             6           2             2               
47     26         2          2             2           0             0               
48     24         1          1             1           0             0               
49     29         9          9             9           1             1               
50     39         11         11            11          7             7               
51     32         10         10            10          7             6               
52     39         5          5             5           0             0               
53     42         12         12            12          5             5               
54     21         3          3             3           1             1               
55     23         6          6             6           2             1               
56     21         2          2             2           0             0               
57     34         6          6             6           0             0               
58     27         5          5             5           0             0               
59     27         5          5             5           0             0               
60     35         11         11            11          6             6               
61     29         7          7             7           5             5               
62     26         5          5             5           2             2               
63     23         3          3             3           1             1               
64     24         4          4             4           0             0               
65     28         7          7             7           1             1               
66     21         2          2             2           1             1               
67     28         6          6             6           3             3               
68     35         5          5             5           0             0               
69     35         6          6             6           2             2               
70     29         7          7             7           3             3               
71     33         10         10            10          4             4               
72     22         5          5             5           1             1               
73     25         6          6             6           2             2               
74     29         3          3             3           1             1               
75     29         8          8             8           2             2               
76     46         17         17            15          8             7               
77     28         5          5             5           0             0               
78     22         2          2             2           1             1               
79     32         3          3             3           1             1               
80     24         1          1             1           0             0               
----------------------------------------------------------------------------------
SUM    2307       465        465           457         146           142             
----------------------------------------------------------------------------------

 Total Ripple Number: 

 Detection parameters:
     maximum_peak:    3
     maxRippleLength: 100
     detection_peaks: thrsh
     num_peaks:       3
