Trial  Det1_2SD   Det2_4SD   Det3_MaxLen   Det4_Join   Det5_Cycles   68               101                
t6_Artif_Rej Det7_Spctr_Peak 1      33         1          1             1           0             0                0                  
2      39         2          2             2           0             0                0                  
3      26         0          0             0           0             0                0                  
4      27         2          2             2           0             0                0                  
5      30         0          0             0           0             0                0                  
6      32         1          1             1           0             0                0                  
7      36         1          1             1           1             1                1                  
8      33         0          0             0           0             0                0                  
9      30         0          0             0           0             0                0                  
10     26         1          1             1           0             0                0                  
11     26         0          0             0           0             0                0                  
12     41         2          2             2           1             1                1                  
13     28         1          1             1           0             0                0                  
14     27         1          1             1           0             0                0                  
15     31         3          3             3           1             1                1                  
16     27         0          0             0           0             0                0                  
17     34         1          1             1           1             1                1                  
18     21         0          0             0           0             0                0                  
19     37         0          0             0           0             0                0                  
20     37         0          0             0           0             0                0                  
21     34         1          1             1           0             0                0                  
22     26         3          3             3           0             0                0                  
23     28         1          1             1           0             0                0                  
24     29         1          1             1           0             0                0                  
25     33         1          1             1           0             0                0                  
26     34         1          1             1           0             0                0                  
27     25         0          0             0           0             0                0                  
28     20         1          1             1           0             0                0                  
29     36         2          2             2           1             1                1                  
30     19         0          0             0           0             0                0                  
31     27         0          0             0           0             0                0                  
32     30         0          0             0           0             0                0                  
33     36         1          1             1           1             1                1                  
34     28         0          0             0           0             0                0                  
35     35         0          0             0           0             0                0                  
36     23         1          1             1           0             0                0                  
37     34         0          0             0           0             0                0                  
38     23         0          0             0           0             0                0                  
39     38         0          0             0           0             0                0                  
40     24         0          0             0           0             0                0                  
41     28         1          1             1           1             1                0                  
42     22         0          0             0           0             0                0                  
43     26         2          2             2           1             1                0                  
44     25         0          0             0           0             0                0                  
45     18         1          1             1           0             0                0                  
46     29         1          1             1           0             0                0                  
47     23         1          1             1           0             0                0                  
48     29         1          1             1           0             0                0                  
49     27         0          0             0           0             0                0                  
50     30         2          2             2           1             1                1                  
51     31         0          0             0           0             0                0                  
52     34         1          1             1           0             0                0                  
53     34         1          1             1           0             0                0                  
54     30         1          1             1           0             0                0                  
55     27         0          0             0           0             0                0                  
56     23         0          0             0           0             0                0                  
57     26         1          1             1           0             0                0                  
58     35         1          1             1           0             0                0                  
59     32         1          1             1           0             0                0                  
60     35         2          2             2           2             2                1                  
61     31         1          1             1           0             0                0                  
62     31         2          2             2           0             0                0                  
63     30         0          0             0           0             0                0                  
64     27         1          1             1           0             0                0                  
65     31         1          1             1           0             0                0                  
66     25         3          3             3           0             0                0                  
67     22         0          0             0           0             0                0                  
68     30         0          0             0           0             0                0                  
69     34         2          2             2           1             1                0                  
70     28         2          2             2           0             0                0                  
71     24         1          1             1           0             0                0                  
72     25         0          0             0           0             0                0                  
73     26         0          0             0           0             0                0                  
74     29         3          3             3           0             0                0                  
75     32         2          2             2           0             0                0                  
76     25         2          2             2           1             1                1                  
77     33         0          0             0           0             0                0                  
78     21         2          2             2           0             0                0                  
79     35         2          2             2           0             0                0                  
80     28         2          2             2           1             1                1                  
----------------------------------------------------------------------------------
SUM    2334       72         72            72          14            14               10                 
----------------------------------------------------------------------------------

 Total Ripple Number: 


 Detection parameters:
     maximum_peak:    4
     maxRippleLength: 100
     detection_peaks: peaks
     num_peaks:       3
