Trial  Det1_2SD   Det2_4SD   Det3_MaxLen   Det4_Join   Det5_Cycles   68               101                
t6_Artif_Rej Det7_Spctr_Peak 1      24         0          0             0           0             0                0                  
2      27         1          1             1           0             0                0                  
3      38         1          1             1           0             0                0                  
4      34         0          0             0           0             0                0                  
5      31         1          1             1           0             0                0                  
6      35         1          1             1           1             1                1                  
7      37         3          3             3           0             0                0                  
8      28         1          1             1           1             1                0                  
9      30         0          0             0           0             0                0                  
10     31         1          1             1           0             0                0                  
11     27         1          1             1           0             0                0                  
12     44         2          2             2           0             0                0                  
13     27         3          3             3           0             0                0                  
14     17         0          0             0           0             0                0                  
15     28         3          3             3           0             0                0                  
16     23         1          1             1           0             0                0                  
17     18         1          1             1           0             0                0                  
18     27         0          0             0           0             0                0                  
19     29         4          4             4           2             2                2                  
20     34         1          1             1           0             0                0                  
21     25         1          1             1           0             0                0                  
22     29         1          1             1           0             0                0                  
23     27         2          2             2           0             0                0                  
24     20         0          0             0           0             0                0                  
25     25         1          1             1           0             0                0                  
26     29         0          0             0           0             0                0                  
27     27         1          1             1           0             0                0                  
28     25         2          2             2           0             0                0                  
29     31         1          1             1           0             0                0                  
30     25         0          0             0           0             0                0                  
31     27         0          0             0           0             0                0                  
32     30         5          5             5           1             1                1                  
33     36         3          3             3           1             1                1                  
34     37         0          0             0           0             0                0                  
35     36         5          5             4           2             2                1                  
36     29         1          1             1           0             0                0                  
37     26         0          0             0           0             0                0                  
38     22         0          0             0           0             0                0                  
39     29         2          2             2           1             1                1                  
40     32         2          2             2           0             0                0                  
41     24         0          0             0           0             0                0                  
42     31         2          2             2           2             2                2                  
43     32         1          1             1           0             0                0                  
44     16         0          0             0           0             0                0                  
45     22         0          0             0           0             0                0                  
46     26         0          0             0           0             0                0                  
47     29         1          1             1           0             0                0                  
48     31         1          1             1           0             0                0                  
49     28         0          0             0           0             0                0                  
50     29         2          2             2           0             0                0                  
51     32         0          0             0           0             0                0                  
52     33         0          0             0           0             0                0                  
53     29         0          0             0           0             0                0                  
54     26         0          0             0           0             0                0                  
55     23         0          0             0           0             0                0                  
56     21         0          0             0           0             0                0                  
57     30         2          2             2           0             0                0                  
58     31         1          1             1           0             0                0                  
59     38         0          0             0           0             0                0                  
60     23         0          0             0           0             0                0                  
61     22         1          1             1           0             0                0                  
62     28         1          1             1           1             1                0                  
63     32         2          2             2           2             2                1                  
64     25         7          7             7           2             2                2                  
65     30         2          2             2           0             0                0                  
66     28         0          0             0           0             0                0                  
67     25         1          1             1           0             0                0                  
68     29         0          0             0           0             0                0                  
69     29         2          2             2           1             1                1                  
70     36         1          1             1           0             0                0                  
71     26         0          0             0           0             0                0                  
72     26         0          0             0           0             0                0                  
73     33         1          1             1           1             1                1                  
74     33         0          0             0           0             0                0                  
75     31         0          0             0           0             0                0                  
76     30         2          2             2           0             0                0                  
77     35         2          2             2           0             0                0                  
78     28         1          1             1           1             1                1                  
79     26         1          1             1           1             1                1                  
80     27         0          0             0           0             0                0                  
----------------------------------------------------------------------------------
SUM    2289       86         86            85          20            20               16                 
----------------------------------------------------------------------------------

 Total Ripple Number: 

 Detection parameters:
     maximum_peak:    4
     maxRippleLength: 100
     detection_peaks: peaks
     num_peaks:       3
