Trial  Det1_2SD   Det2_4SD   Det3_MaxLen   Det4_Join   Det5_Cycles   68               101                
t6_Artif_Rej Det7_Spctr_Peak 1      28         0          0             0           0             0                0                  
2      38         0          0             0           0             0                0                  
3      26         2          2             2           2             2                2                  
4      26         1          1             1           1             1                1                  
5      35         3          3             3           2             2                1                  
6      45         1          1             1           0             0                0                  
7      33         0          0             0           0             0                0                  
8      26         0          0             0           0             0                0                  
9      24         0          0             0           0             0                0                  
10     34         1          1             1           0             0                0                  
11     33         2          2             2           0             0                0                  
12     35         3          3             3           0             0                0                  
13     23         0          0             0           0             0                0                  
14     24         0          0             0           0             0                0                  
15     28         2          2             2           0             0                0                  
16     35         3          3             3           3             3                2                  
17     27         3          3             3           1             1                1                  
18     22         0          0             0           0             0                0                  
19     27         0          0             0           0             0                0                  
20     31         0          0             0           0             0                0                  
21     20         1          1             1           1             1                1                  
22     25         1          1             1           0             0                0                  
23     26         1          1             1           0             0                0                  
24     29         0          0             0           0             0                0                  
25     30         0          0             0           0             0                0                  
26     28         0          0             0           0             0                0                  
27     28         1          1             1           0             0                0                  
28     32         1          1             1           0             0                0                  
29     35         1          1             1           0             0                0                  
30     26         0          0             0           0             0                0                  
31     34         0          0             0           0             0                0                  
32     29         1          1             1           1             1                1                  
33     32         2          2             2           0             0                0                  
34     27         1          1             1           0             0                0                  
35     32         2          2             2           0             0                0                  
36     29         0          0             0           0             0                0                  
37     30         0          0             0           0             0                0                  
38     26         0          0             0           0             0                0                  
39     24         0          0             0           0             0                0                  
40     29         3          3             3           0             0                0                  
41     29         1          1             1           0             0                0                  
42     30         0          0             0           0             0                0                  
43     18         0          0             0           0             0                0                  
44     20         1          1             1           1             1                0                  
45     25         0          0             0           0             0                0                  
46     26         1          1             1           0             0                0                  
47     29         1          1             1           0             0                0                  
48     34         0          0             0           0             0                0                  
49     26         0          0             0           0             0                0                  
50     30         3          3             3           2             2                2                  
51     33         3          3             3           1             1                1                  
52     27         0          0             0           0             0                0                  
53     38         0          0             0           0             0                0                  
54     24         0          0             0           0             0                0                  
55     22         0          0             0           0             0                0                  
56     14         0          0             0           0             0                0                  
57     25         0          0             0           0             0                0                  
58     27         1          1             1           1             1                1                  
59     28         0          0             0           0             0                0                  
60     27         1          1             1           0             0                0                  
61     27         1          1             1           0             0                0                  
62     21         0          0             0           0             0                0                  
63     30         0          0             0           0             0                0                  
64     30         0          0             0           0             0                0                  
65     27         3          3             3           2             2                2                  
66     28         1          1             1           1             1                1                  
67     27         1          1             1           0             0                0                  
68     34         2          2             2           0             0                0                  
69     32         1          1             1           0             0                0                  
70     38         2          2             2           1             1                1                  
71     29         3          3             3           0             0                0                  
72     28         3          3             3           0             0                0                  
73     27         3          3             3           1             1                1                  
74     21         1          1             1           0             0                0                  
75     19         1          1             1           0             0                0                  
76     37         4          4             4           0             0                0                  
77     26         3          3             3           2             2                2                  
78     26         2          2             2           1             1                1                  
79     24         0          0             0           0             0                0                  
80     25         0          0             0           0             0                0                  
----------------------------------------------------------------------------------
SUM    2259       79         79            79          24            24               21                 
----------------------------------------------------------------------------------

 Total Ripple Number: 

 Detection parameters:
     maximum_peak:    4
     maxRippleLength: 100
     detection_peaks: peaks
     num_peaks:       3
