Trial  Det1_2SD   Det2_4SD   Det3_MaxLen   Det4_Join   Det5_Cycles   68               101                
t6_Artif_Rej Det7_Spctr_Peak 1      24         2          2             2           0             0                0                  
2      32         0          0             0           0             0                0                  
3      31         1          1             1           0             0                0                  
4      30         2          2             2           1             1                1                  
5      35         2          2             2           0             0                0                  
6      40         0          0             0           0             0                0                  
7      41         1          1             1           1             1                0                  
8      29         0          0             0           0             0                0                  
9      31         0          0             0           0             0                0                  
10     39         0          0             0           0             0                0                  
11     29         0          0             0           0             0                0                  
12     24         0          0             0           0             0                0                  
13     28         0          0             0           0             0                0                  
14     27         0          0             0           0             0                0                  
15     20         0          0             0           0             0                0                  
16     29         1          1             1           1             1                1                  
17     35         0          0             0           0             0                0                  
18     36         1          1             1           0             0                0                  
19     32         2          2             2           1             1                1                  
20     37         0          0             0           0             0                0                  
21     26         0          0             0           0             0                0                  
22     26         1          1             1           0             0                0                  
23     35         1          1             1           0             0                0                  
24     31         1          1             1           1             1                1                  
25     26         0          0             0           0             0                0                  
26     30         0          0             0           0             0                0                  
27     21         0          0             0           0             0                0                  
28     31         3          3             3           0             0                0                  
29     32         0          0             0           0             0                0                  
30     22         0          0             0           0             0                0                  
31     32         2          2             2           0             0                0                  
32     31         1          1             1           0             0                0                  
33     38         2          2             2           1             1                1                  
34     29         3          3             3           0             0                0                  
35     23         1          1             1           0             0                0                  
36     25         1          1             1           0             0                0                  
37     39         0          0             0           0             0                0                  
38     25         0          0             0           0             0                0                  
39     30         0          0             0           0             0                0                  
40     24         0          0             0           0             0                0                  
41     35         0          0             0           0             0                0                  
42     34         0          0             0           0             0                0                  
43     24         0          0             0           0             0                0                  
44     32         1          1             1           0             0                0                  
45     29         0          0             0           0             0                0                  
46     24         0          0             0           0             0                0                  
47     32         0          0             0           0             0                0                  
48     33         1          1             1           1             1                1                  
49     26         0          0             0           0             0                0                  
50     36         0          0             0           0             0                0                  
51     25         0          0             0           0             0                0                  
52     29         0          0             0           0             0                0                  
53     39         2          2             2           1             1                1                  
54     30         0          0             0           0             0                0                  
55     30         1          1             1           0             0                0                  
56     27         1          1             1           0             0                0                  
57     24         0          0             0           0             0                0                  
58     33         1          1             1           0             0                0                  
59     29         1          1             1           0             0                0                  
60     27         0          0             0           0             0                0                  
61     31         0          0             0           0             0                0                  
62     25         0          0             0           0             0                0                  
63     21         1          1             1           0             0                0                  
64     20         1          1             1           1             1                0                  
65     23         1          1             1           0             0                0                  
66     17         1          1             1           0             0                0                  
67     26         0          0             0           0             0                0                  
68     38         1          1             1           1             1                0                  
69     46         2          2             2           0             0                0                  
70     40         1          1             1           1             1                0                  
71     32         0          0             0           0             0                0                  
72     38         0          0             0           0             0                0                  
73     37         0          0             0           0             0                0                  
74     27         1          1             1           0             0                0                  
75     29         1          1             1           0             0                0                  
76     43         2          2             2           0             0                0                  
77     39         0          0             0           0             0                0                  
78     37         0          0             0           0             0                0                  
79     30         1          1             1           0             0                0                  
80     25         0          0             0           0             0                0                  
----------------------------------------------------------------------------------
SUM    2427       49         49            49          11            11               7                  
----------------------------------------------------------------------------------

 Total Ripple Number: 

 Detection parameters:
     maximum_peak:    4
     maxRippleLength: 100
     detection_peaks: peaks
     num_peaks:       3
