Trial  Det1_2SD   Det2_4SD   Det3_MaxLen   Det4_Join   Det5_Cycles   68               101                
t6_Artif_Rej Det7_Spctr_Peak 1      21         0          0             0           0             0                0                  
2      18         0          0             0           0             0                0                  
3      38         2          2             2           0             0                0                  
4      45         3          3             3           2             2                2                  
5      31         4          4             4           1             1                1                  
6      43         6          6             6           3             3                2                  
7      24         1          1             1           1             1                1                  
8      26         1          1             1           1             1                0                  
9      20         0          0             0           0             0                0                  
10     22         1          1             1           0             0                0                  
11     16         0          0             0           0             0                0                  
12     33         3          3             3           1             1                1                  
13     15         0          0             0           0             0                0                  
14     30         2          2             2           0             0                0                  
15     32         5          5             5           3             3                2                  
16     30         1          1             1           1             1                0                  
17     24         1          1             1           0             0                0                  
18     25         2          2             2           1             1                0                  
19     37         4          4             3           1             1                0                  
20     14         0          0             0           0             0                0                  
21     24         0          0             0           0             0                0                  
22     50         4          4             4           2             2                2                  
23     48         2          2             2           2             2                1                  
24     15         5          5             5           1             1                1                  
25     24         0          0             0           0             0                0                  
26     20         4          4             4           3             3                1                  
27     29         4          4             4           2             2                0                  
28     36         3          3             3           2             2                1                  
29     47         1          1             1           0             0                0                  
30     17         0          0             0           0             0                0                  
31     23         0          0             0           0             0                0                  
32     27         0          0             0           0             0                0                  
33     27         1          1             1           1             1                1                  
34     27         1          1             1           1             1                0                  
35     34         3          3             3           0             0                0                  
36     27         1          1             1           1             1                0                  
37     32         2          2             2           2             2                1                  
38     19         3          3             3           1             1                0                  
39     25         0          0             0           0             0                0                  
40     19         0          0             0           0             0                0                  
41     24         2          2             2           1             1                1                  
42     45         1          1             1           0             0                0                  
43     45         4          4             4           2             2                2                  
44     22         1          1             1           1             1                0                  
45     30         4          4             4           2             2                2                  
46     31         1          1             1           1             1                1                  
47     24         1          1             1           1             1                1                  
48     39         2          2             2           1             1                1                  
49     40         1          1             1           0             0                0                  
50     25         0          0             0           0             0                0                  
51     28         4          4             4           3             3                3                  
52     37         2          2             2           1             1                1                  
53     41         4          4             4           2             2                2                  
54     17         1          1             1           0             0                0                  
55     41         4          4             3           2             2                2                  
56     30         2          2             2           1             1                1                  
57     19         0          0             0           0             0                0                  
58     15         0          0             0           0             0                0                  
59     17         1          1             1           0             0                0                  
60     33         2          2             2           0             0                0                  
61     21         0          0             0           0             0                0                  
62     31         1          1             1           1             1                1                  
63     20         2          2             2           1             1                1                  
64     25         0          0             0           0             0                0                  
65     40         4          4             4           1             1                1                  
66     15         0          0             0           0             0                0                  
67     13         3          3             3           1             1                0                  
68     14         1          1             1           1             1                1                  
69     25         1          1             1           1             1                1                  
70     25         0          0             0           0             0                0                  
71     20         0          0             0           0             0                0                  
72     21         0          0             0           0             0                0                  
73     31         2          2             2           0             0                0                  
74     22         0          0             0           0             0                0                  
75     29         3          3             3           2             2                1                  
76     32         6          6             5           3             3                0                  
77     19         1          1             1           1             1                1                  
78     19         0          0             0           0             0                0                  
79     23         0          0             0           0             0                0                  
80     29         2          2             2           2             2                2                  
----------------------------------------------------------------------------------
SUM    2191       133        133           130         65            65               43                 
----------------------------------------------------------------------------------

 Total Ripple Number: +

 Detection parameters:
     maximum_peak:    4
     maxRippleLength: 100
     detection_peaks: peaks
     num_peaks:       3
