Trial  Det1_2SD   Det2_4SD   Det3_MaxLen   Det4_Join   Det5_Cycles   68               101                
t6_Artif_Rej Det7_Spctr_Peak 1      21         1          1             1           1             1                1                  
2      31         1          1             1           1             1                1                  
3      28         0          0             0           0             0                0                  
4      39         2          2             2           0             0                0                  
5      34         4          4             4           2             2                2                  
6      35         1          1             1           1             1                0                  
7      28         0          0             0           0             0                0                  
8      30         0          0             0           0             0                0                  
9      25         1          1             1           0             0                0                  
10     17         0          0             0           0             0                0                  
11     16         0          0             0           0             0                0                  
12     36         1          1             1           1             1                1                  
13     14         3          3             3           2             2                1                  
14     24         0          0             0           0             0                0                  
15     29         4          4             4           2             2                1                  
16     19         0          0             0           0             0                0                  
17     26         1          1             1           0             0                0                  
18     26         2          2             2           0             0                0                  
19     43         4          4             4           1             1                1                  
20     22         0          0             0           0             0                0                  
21     28         1          1             1           0             0                0                  
22     42         2          2             2           1             1                0                  
23     44         4          4             4           1             1                0                  
24     15         0          0             0           0             0                0                  
25     28         1          1             1           0             0                0                  
26     27         3          3             3           2             2                1                  
27     29         2          2             2           2             2                0                  
28     34         7          7             7           2             2                0                  
29     47         2          2             1           1             1                1                  
30     15         2          2             2           0             0                0                  
31     26         1          1             1           1             1                1                  
32     25         1          1             1           0             0                0                  
33     29         3          3             3           0             0                0                  
34     27         3          3             3           0             0                0                  
35     36         6          6             6           2             2                1                  
36     20         2          2             2           0             0                0                  
37     32         5          5             5           2             2                1                  
38     18         1          1             1           0             0                0                  
39     37         2          2             2           1             1                1                  
40     28         2          2             2           1             1                0                  
41     27         1          1             1           1             1                0                  
42     38         2          2             2           1             1                1                  
43     40         3          3             3           1             1                1                  
44     16         2          2             2           2             2                1                  
45     26         4          4             4           2             2                1                  
46     38         2          2             2           2             2                1                  
47     31         1          1             1           0             0                0                  
48     37         3          3             3           0             0                0                  
49     25         3          3             3           0             0                0                  
50     43         1          1             1           0             0                0                  
51     35         3          3             3           1             1                1                  
52     36         4          4             4           1             1                1                  
53     30         5          5             5           1             1                1                  
54     17         1          1             1           0             0                0                  
55     28         5          5             5           0             0                0                  
56     24         1          1             1           0             0                0                  
57     18         0          0             0           0             0                0                  
58     22         0          0             0           0             0                0                  
59     22         1          1             1           1             1                1                  
60     28         2          2             2           2             2                1                  
61     21         1          1             1           1             1                0                  
62     23         2          2             2           2             2                2                  
63     21         0          0             0           0             0                0                  
64     21         1          1             1           0             0                0                  
65     26         2          2             2           1             1                1                  
66     18         1          1             1           1             1                1                  
67     17         1          1             1           1             1                0                  
68     20         0          0             0           0             0                0                  
69     25         2          2             2           1             1                0                  
70     19         2          2             2           1             1                1                  
71     19         1          1             1           0             0                0                  
72     10         0          0             0           0             0                0                  
73     33         4          4             4           1             1                0                  
74     22         1          1             1           1             1                0                  
75     28         0          0             0           0             0                0                  
76     31         4          4             4           3             3                1                  
77     27         0          0             0           0             0                0                  
78     14         0          0             0           0             0                0                  
79     23         0          0             0           0             0                0                  
80     33         3          3             3           2             2                2                  
----------------------------------------------------------------------------------
SUM    2162       144        144           143         57            57               32                 
----------------------------------------------------------------------------------

 Total Ripple Number:  

 Detection parameters:
     maximum_peak:    4
     maxRippleLength: 100
     detection_peaks: peaks
     num_peaks:       3
