Trial  Det1_2SD   Det2_4SD   Det3_MaxLen   Det4_Join   Det5_Cycles   68               101                
t6_Artif_Rej Det7_Spctr_Peak 1      26         1          1             1           0             0                0                  
2      32         1          1             1           1             1                1                  
3      26         0          0             0           0             0                0                  
4      30         2          2             2           1             1                1                  
5      31         2          2             2           0             0                0                  
6      31         1          1             1           1             1                0                  
7      33         1          1             1           0             0                0                  
8      26         0          0             0           0             0                0                  
9      31         2          2             2           2             2                2                  
10     28         0          0             0           0             0                0                  
11     18         0          0             0           0             0                0                  
12     48         2          2             2           1             1                1                  
13     30         1          1             1           1             1                1                  
14     28         0          0             0           0             0                0                  
15     31         0          0             0           0             0                0                  
16     27         0          0             0           0             0                0                  
17     40         2          2             2           1             1                1                  
18     25         1          1             1           0             0                0                  
19     39         2          2             2           1             1                0                  
20     32         2          2             2           0             0                0                  
21     37         1          1             1           0             0                0                  
22     36         1          1             1           1             1                1                  
23     35         2          2             2           1             1                1                  
24     30         1          1             1           1             1                1                  
25     27         0          0             0           0             0                0                  
26     36         2          2             2           2             2                1                  
27     38         1          1             1           1             1                0                  
28     27         1          1             1           0             0                0                  
29     30         0          0             0           0             0                0                  
30     26         2          2             2           2             2                0                  
31     22         2          2             2           0             0                0                  
32     28         2          2             2           1             1                1                  
33     30         1          1             1           0             0                0                  
34     24         1          1             1           0             0                0                  
35     27         0          0             0           0             0                0                  
36     22         0          0             0           0             0                0                  
37     32         0          0             0           0             0                0                  
38     23         1          1             1           1             1                1                  
39     35         1          1             1           1             1                0                  
40     42         2          2             2           1             1                1                  
41     27         1          1             1           1             1                1                  
42     37         1          1             1           0             0                0                  
43     40         0          0             0           0             0                0                  
44     30         2          2             1           1             1                0                  
45     33         5          5             5           3             3                1                  
46     17         0          0             0           0             0                0                  
47     25         0          0             0           0             0                0                  
48     26         1          1             1           0             0                0                  
49     28         1          1             1           1             1                0                  
50     47         3          3             3           0             0                0                  
51     32         0          0             0           0             0                0                  
52     40         1          1             1           0             0                0                  
53     26         1          1             1           1             1                0                  
54     30         2          2             2           0             0                0                  
55     29         1          1             1           1             1                1                  
56     19         0          0             0           0             0                0                  
57     26         1          1             1           0             0                0                  
58     34         2          2             2           1             1                1                  
59     19         1          1             1           1             1                1                  
60     32         1          1             1           0             0                0                  
61     28         1          1             1           0             0                0                  
62     30         0          0             0           0             0                0                  
63     26         2          2             2           1             1                1                  
64     24         0          0             0           0             0                0                  
65     16         1          1             1           0             0                0                  
66     25         0          0             0           0             0                0                  
67     36         2          2             2           2             2                1                  
68     28         0          0             0           0             0                0                  
69     26         0          0             0           0             0                0                  
70     25         0          0             0           0             0                0                  
71     20         1          1             1           0             0                0                  
72     19         0          0             0           0             0                0                  
73     29         1          1             1           0             0                0                  
74     18         0          0             0           0             0                0                  
75     22         0          0             0           0             0                0                  
76     35         6          6             6           2             2                0                  
77     21         2          2             2           1             1                1                  
78     19         0          0             0           0             0                0                  
79     24         0          0             0           0             0                0                  
80     37         3          3             3           2             2                2                  
----------------------------------------------------------------------------------
SUM    2324       84         84            83          39            39               24                 
----------------------------------------------------------------------------------

 Total Ripple Number: 

 Detection parameters:
     maximum_peak:    4
     maxRippleLength: 100
     detection_peaks: peaks
     num_peaks:       3
