Trial  Det1_2SD   Det2_4SD   Det3_MaxLen   Det4_Join   Det5_Cycles   68               101                
t6_Artif_Rej Det7_Spctr_Peak 1      29         0          0             0           0             0                0                  
2      33         0          0             0           0             0                0                  
3      26         2          2             2           1             1                1                  
4      26         2          2             2           0             0                0                  
5      21         0          0             0           0             0                0                  
6      41         2          2             2           1             1                1                  
7      36         1          1             1           0             0                0                  
8      33         2          2             2           1             1                1                  
9      34         3          3             2           2             2                1                  
10     33         1          1             1           0             0                0                  
11     29         1          1             1           0             0                0                  
12     35         0          0             0           0             0                0                  
13     20         1          1             1           0             0                0                  
14     32         2          2             2           0             0                0                  
15     32         3          3             3           0             0                0                  
16     29         2          2             2           0             0                0                  
17     33         1          1             1           1             1                0                  
18     31         0          0             0           0             0                0                  
19     34         1          1             1           0             0                0                  
20     34         0          0             0           0             0                0                  
21     37         2          2             2           0             0                0                  
22     36         0          0             0           0             0                0                  
23     32         2          2             2           1             1                1                  
24     25         0          0             0           0             0                0                  
25     29         2          2             2           0             0                0                  
26     26         0          0             0           0             0                0                  
27     28         0          0             0           0             0                0                  
28     28         1          1             1           0             0                0                  
29     35         0          0             0           0             0                0                  
30     26         0          0             0           0             0                0                  
31     33         2          2             2           1             1                0                  
32     23         2          2             2           0             0                0                  
33     33         0          0             0           0             0                0                  
34     30         1          1             1           0             0                0                  
35     32         1          1             1           1             1                1                  
36     24         2          2             2           1             1                0                  
37     31         0          0             0           0             0                0                  
38     26         0          0             0           0             0                0                  
39     29         0          0             0           0             0                0                  
40     30         1          1             1           1             1                1                  
41     27         0          0             0           0             0                0                  
42     41         1          1             1           0             0                0                  
43     23         3          3             3           0             0                0                  
44     23         0          0             0           0             0                0                  
45     40         6          6             5           4             3                0                  
46     29         0          0             0           0             0                0                  
47     26         0          0             0           0             0                0                  
48     33         2          2             2           1             1                1                  
49     22         1          1             1           0             0                0                  
50     31         6          6             6           3             3                1                  
51     35         5          5             5           3             3                1                  
52     31         2          2             2           0             0                0                  
53     31         1          1             1           1             1                0                  
54     24         0          0             0           0             0                0                  
55     23         1          1             1           0             0                0                  
56     22         0          0             0           0             0                0                  
57     22         1          1             1           0             0                0                  
58     33         2          2             2           0             0                0                  
59     19         3          3             3           0             0                0                  
60     29         2          2             2           1             1                0                  
61     33         1          1             1           1             1                0                  
62     18         1          1             1           0             0                0                  
63     26         0          0             0           0             0                0                  
64     24         0          0             0           0             0                0                  
65     32         1          1             1           0             0                0                  
66     21         1          1             1           0             0                0                  
67     27         3          3             3           1             1                1                  
68     26         0          0             0           0             0                0                  
69     23         0          0             0           0             0                0                  
70     23         1          1             1           0             0                0                  
71     26         2          2             2           0             0                0                  
72     21         0          0             0           0             0                0                  
73     21         1          1             1           0             0                0                  
74     19         0          0             0           0             0                0                  
75     22         1          1             1           1             1                1                  
76     31         7          7             7           4             3                2                  
77     24         0          0             0           0             0                0                  
78     28         1          1             1           0             0                0                  
79     30         0          0             0           0             0                0                  
80     38         2          2             2           1             1                1                  
----------------------------------------------------------------------------------
SUM    2291       98         98            96          32            30               15                 
----------------------------------------------------------------------------------

 Total Ripple Number: 

 Detection parameters:
     maximum_peak:    4
     maxRippleLength: 100
     detection_peaks: peaks
     num_peaks:       3
