Trial  Det1_2SD   Det2_4SD   Det3_MaxLen   Det4_Join   Det5_Cycles   68               101                
t6_Artif_Rej Det7_Spctr_Peak 1      24         0          0             0           0             0                0                  
2      29         1          1             1           0             0                0                  
3      26         0          0             0           0             0                0                  
4      29         0          0             0           0             0                0                  
5      35         0          0             0           0             0                0                  
6      37         1          1             1           0             0                0                  
7      34         0          0             0           0             0                0                  
8      33         0          0             0           0             0                0                  
9      35         1          1             1           1             1                0                  
10     33         0          0             0           0             0                0                  
11     20         0          0             0           0             0                0                  
12     30         0          0             0           0             0                0                  
13     23         0          0             0           0             0                0                  
14     20         2          2             2           0             0                0                  
15     30         1          1             1           0             0                0                  
16     24         4          4             4           1             1                1                  
17     30         1          1             1           0             0                0                  
18     18         2          2             2           1             1                1                  
19     27         0          0             0           0             0                0                  
20     24         1          1             1           0             0                0                  
21     33         3          3             2           1             1                0                  
22     26         0          0             0           0             0                0                  
23     26         0          0             0           0             0                0                  
24     30         1          1             1           0             0                0                  
25     22         0          0             0           0             0                0                  
26     23         1          1             1           0             0                0                  
27     19         1          1             1           0             0                0                  
28     19         2          2             2           1             1                0                  
29     34         1          1             1           0             0                0                  
30     32         0          0             0           0             0                0                  
31     31         2          2             2           1             1                1                  
32     28         0          0             0           0             0                0                  
33     24         1          1             1           0             0                0                  
34     29         1          1             1           0             0                0                  
35     37         0          0             0           0             0                0                  
36     36         3          3             3           2             2                0                  
37     29         3          3             3           1             1                1                  
38     35         1          1             1           0             0                0                  
39     29         0          0             0           0             0                0                  
40     38         0          0             0           0             0                0                  
41     36         2          2             2           1             1                1                  
42     32         1          1             1           1             1                1                  
43     27         1          1             1           1             1                0                  
44     23         1          1             1           0             0                0                  
45     27         5          5             5           4             3                1                  
46     34         1          1             1           0             0                0                  
47     26         0          0             0           0             0                0                  
48     24         0          0             0           0             0                0                  
49     29         2          2             2           0             0                0                  
50     39         6          6             6           4             4                1                  
51     32         5          5             5           2             2                0                  
52     39         0          0             0           0             0                0                  
53     42         1          1             1           0             0                0                  
54     21         1          1             1           1             1                1                  
55     23         2          2             2           2             1                0                  
56     21         0          0             0           0             0                0                  
57     34         0          0             0           0             0                0                  
58     27         0          0             0           0             0                0                  
59     27         1          1             1           0             0                0                  
60     35         6          6             6           2             2                0                  
61     29         2          2             2           2             2                0                  
62     26         0          0             0           0             0                0                  
63     23         1          1             1           0             0                0                  
64     24         0          0             0           0             0                0                  
65     28         0          0             0           0             0                0                  
66     21         1          1             1           0             0                0                  
67     28         2          2             2           1             1                1                  
68     35         0          0             0           0             0                0                  
69     35         0          0             0           0             0                0                  
70     29         2          2             2           0             0                0                  
71     33         3          3             3           0             0                0                  
72     22         1          1             1           0             0                0                  
73     25         1          1             1           0             0                0                  
74     29         0          0             0           0             0                0                  
75     29         0          0             0           0             0                0                  
76     46         11         11            10          5             4                0                  
77     28         1          1             1           0             0                0                  
78     22         1          1             1           0             0                0                  
79     32         0          0             0           0             0                0                  
80     24         0          0             0           0             0                0                  
----------------------------------------------------------------------------------
SUM    2307       95         95            93          35            32               10                 
----------------------------------------------------------------------------------

 Total Ripple Number: 


 Detection parameters:
     maximum_peak:    4
     maxRippleLength: 100
     detection_peaks: peaks
     num_peaks:       3
