Trial  Det1_2SD   Det2_4SD   Det3_MaxLen   Det4_Join   Det5_Cycles   68               101                

t6_Artif_Rej Det7_Spctr_Peak 1      36         10         10            10          4             4                3                  
2      42         12         12            12          4             4                4                  
3      42         11         11            11          6             5                4                  
4      43         12         12            12          3             3                1                  
5      36         11         11            11          4             4                4                  
6      27         9          9             9           1             1                1                  
7      41         11         11            11          4             4                3                  
8      40         8          8             8           4             4                3                  
9      39         12         12            11          4             3                2                  
10     32         14         14            11          5             4                2                  
11     38         11         11            11          5             4                3                  
12     34         5          5             5           1             0                0                  
13     34         9          9             9           3             3                3                  
14     35         11         11            11          8             7                4                  
15     50         14         14            14          3             2                1                  
16     42         13         13            13          6             5                2                  
17     35         6          6             6           3             3                3                  
18     30         10         10            10          6             5                3                  
19     36         7          7             7           4             4                2                  
20     39         10         10            9           5             4                3                  
21     44         6          6             6           2             1                1                  
22     47         9          9             9           1             1                1                  
23     37         3          3             3           1             1                1                  
24     51         11         11            11          2             1                1                  
25     40         10         10            10          2             2                2                  
26     35         5          5             5           1             1                1                  
27     29         4          4             4           2             2                2                  
28     40         6          6             6           1             0                0                  
29     30         10         10            10          1             1                1                  
30     45         8          8             8           1             1                1                  
31     43         8          8             7           2             1                0                  
32     43         7          7             7           2             1                0                  
33     45         8          8             7           3             2                1                  
34     45         7          7             7           1             1                1                  
35     42         11         11            11          4             4                3                  
36     45         9          9             9           4             3                2                  
37     32         7          7             7           4             3                1                  
38     39         11         11            10          9             8                5                  
39     45         14         14            13          7             6                3                  
40     25         6          6             6           2             2                2                  
41     35         5          5             5           3             3                3                  
42     40         6          6             6           0             0                0                  
43     37         10         10            10          0             0                0                  
44     35         8          8             8           4             3                3                  
45     37         9          9             9           6             5                3                  
46     26         6          6             5           3             3                2                  
47     34         7          7             7           4             3                2                  
48     46         15         15            15          10            9                5                  
49     49         18         18            18          9             8                4                  
50     26         5          5             5           0             0                0                  
51     40         5          5             5           2             2                2                  
52     41         11         11            10          4             3                3                  
53     45         16         16            15          4             3                1                  
54     45         8          8             8           3             2                1                  
55     46         11         11            10          5             4                0                  
56     41         10         10            10          3             3                2                  
57     52         10         10            10          5             4                2                  
58     59         15         15            14          5             4                2                  
59     44         12         12            11          3             2                2                  
60     27         5          5             5           2             1                1                  
61     44         6          6             6           2             1                0                  
62     41         9          9             9           4             3                2                  
63     42         16         16            14          9             8                4                  
64     45         12         12            12          5             4                3                  
65     45         10         10            10          2             2                2                  
66     27         9          9             9           4             3                3                  
67     42         10         10            10          3             3                1                  
68     40         13         13            13          1             1                0                  
69     38         10         10            10          5             4                3                  
70     41         9          9             9           4             3                2                  
71     32         4          4             4           2             1                1                  
72     40         17         17            17          7             6                3                  
73     37         10         10            10          3             2                1                  
74     38         13         13            13          4             3                2                  
75     45         15         15            15          6             5                0                  
76     32         7          7             7           3             2                0                  
77     44         11         11            10          6             5                5                  
78     45         6          6             6           4             3                1                  
79     52         13         13            13          5             4                3                  
80     41         13         13            13          6             5                1                  
----------------------------------------------------------------------------------
SUM    3169       771        771           753         295           245              155                

----------------------------------------------------------------------------------

 Total Ripple Number: 155

 Detection parameters:
     maximum_peak:    3
     maxRippleLength: 100
     detection_peaks: thrsh
     num_peaks:       3
