Trial  Det1_2SD   Det2_4SD   Det3_MaxLen   Det4_Join   Det5_Cycles   68               101                

t6_Artif_Rej Det7_Spctr_Peak 1      32         7          7             7           2             2                2                  
2      41         8          8             8           1             1                1                  
3      49         15         15            15          6             5                3                  
4      43         11         11            11          2             1                1                  
5      33         7          7             7           3             3                3                  
6      38         4          4             4           1             1                1                  
7      43         14         14            14          2             2                2                  
8      45         9          9             9           2             2                2                  
9      31         10         10            9           5             4                3                  
10     25         9          9             9           6             5                2                  
11     29         6          6             6           3             2                2                  
12     32         3          3             3           1             0                0                  
13     30         6          6             6           1             1                1                  
14     37         9          9             8           4             3                1                  
15     47         19         19            16          8             7                4                  
16     52         18         18            15          8             7                3                  
17     33         5          5             5           2             2                1                  
18     47         10         10            10          5             4                0                  
19     41         7          7             7           3             3                2                  
20     39         13         13            13          8             7                4                  
21     39         9          9             9           3             2                2                  
22     38         7          7             7           2             2                2                  
23     34         6          6             6           0             0                0                  
24     46         8          8             8           3             2                2                  
25     31         7          7             7           3             2                2                  
26     30         4          4             4           1             1                1                  
27     32         8          8             8           1             0                0                  
28     34         4          4             4           1             0                0                  
29     34         7          7             7           0             0                0                  
30     30         7          7             7           2             2                2                  
31     39         10         10            10          5             4                3                  
32     42         8          8             8           3             2                1                  
33     36         6          6             6           5             4                2                  
34     53         13         13            13          6             6                5                  
35     40         8          8             7           2             1                1                  
36     36         8          8             7           4             3                1                  
37     47         16         16            16          7             6                4                  
38     52         19         19            19          9             8                2                  
39     53         17         17            17          11            10               3                  
40     43         11         11            11          5             5                4                  
41     27         4          4             3           1             1                1                  
42     40         10         10            10          2             2                2                  
43     42         7          7             7           3             3                3                  
44     34         8          8             8           4             3                3                  
45     41         7          7             7           3             2                2                  
46     36         8          8             8           3             3                2                  
47     36         10         10            10          6             5                3                  
48     42         14         14            14          8             7                3                  
49     39         12         12            12          6             5                1                  
50     39         9          9             9           4             4                4                  
51     34         6          6             6           1             1                1                  
52     27         9          9             8           3             2                1                  
53     40         13         13            12          6             5                2                  
54     43         18         18            18          4             3                2                  
55     51         20         20            19          6             5                1                  
56     30         7          7             7           1             1                1                  
57     34         6          6             6           2             1                1                  
58     43         9          9             9           3             2                0                  
59     43         13         13            13          5             4                3                  
60     39         11         11            11          3             2                2                  
61     31         8          8             8           4             3                2                  
62     36         8          8             8           2             1                1                  
63     50         20         20            18          7             6                2                  
64     49         13         13            13          4             3                0                  
65     43         6          6             6           1             1                1                  
66     43         10         10            10          9             8                4                  
67     43         11         11            11          3             3                3                  
68     39         11         11            11          4             3                2                  
69     33         6          6             6           3             2                2                  
70     39         7          7             7           4             3                3                  
71     28         5          5             5           3             2                1                  
72     47         13         13            13          7             6                1                  
73     40         8          8             8           5             4                3                  
74     39         11         11            11          4             3                1                  
75     43         18         18            16          8             7                2                  
76     39         11         11            11          6             5                2                  
77     46         16         16            16          7             6                5                  
78     43         14         14            14          4             3                2                  
79     39         15         15            15          6             5                3                  
80     44         14         14            13          5             4                1                  
----------------------------------------------------------------------------------
SUM    3130       799        799           780         316           261              154                

----------------------------------------------------------------------------------

 Total Ripple Number: 154

 Detection parameters:
     maximum_peak:    3
     maxRippleLength: 100
     detection_peaks: thrsh
     num_peaks:       3
