Trial  Det1_2SD   Det2_4SD   Det3_MaxLen   Det4_Join   Det5_Cycles   68               101                
t6_Artif_Rej Det7_Spctr_Peak 1      20         4          4             3           1             1                0                  
2      14         0          0             0           0             0                0                  
3      18         4          4             3           1             1                0                  
4      25         6          6             4           3             3                0                  
5      20         3          3             3           3             2                0                  
6      21         9          9             7           6             6                1                  
7      17         2          2             2           0             0                0                  
8      28         9          9             7           6             6                0                  
9      27         3          3             3           1             1                0                  
10     28         6          6             6           3             3                0                  
11     30         6          6             6           3             3                0                  
12     18         2          2             2           1             1                0                  
13     30         8          8             8           4             4                0                  
14     23         9          9             9           6             6                0                  
15     18         9          9             8           5             5                0                  
16     11         1          1             1           1             1                0                  
17     25         8          8             7           2             2                1                  
18     25         6          6             6           3             3                2                  
19     34         6          6             5           5             5                0                  
20     32         11         11            11          7             7                1                  
21     10         0          0             0           0             0                0                  
22     10         1          1             1           0             0                0                  
23     16         1          1             1           0             0                0                  
24     30         4          4             3           2             2                0                  
25     21         7          7             6           4             4                0                  
26     21         8          8             7           5             5                0                  
27     22         4          4             3           3             3                0                  
28     21         4          4             4           3             3                0                  
29     18         0          0             0           0             0                0                  
30     28         8          8             6           4             3                0                  
31     14         1          1             1           1             1                0                  
32     14         4          4             4           2             2                0                  
33     26         5          5             5           4             4                0                  
34     21         1          1             1           1             1                0                  
35     17         5          5             5           3             3                1                  
36     35         7          7             7           4             4                1                  
37     20         4          4             4           0             0                0                  
38     32         8          8             8           3             3                0                  
39     32         8          8             8           5             5                0                  
40     16         1          1             1           1             1                0                  
41     15         1          1             1           1             1                0                  
42     18         2          2             2           1             1                1                  
43     31         5          5             5           2             2                0                  
44     22         3          3             3           1             1                0                  
45     14         5          5             4           1             1                0                  
46     19         2          2             2           1             1                0                  
47     16         4          4             4           2             2                0                  
48     24         4          4             4           4             4                1                  
49     37         5          5             5           2             2                0                  
50     38         16         16            14          8             8                2                  
51     29         6          6             5           4             4                1                  
52     24         2          2             2           0             0                0                  
53     26         5          5             4           3             3                0                  
54     23         8          8             7           4             4                0                  
55     22         4          4             4           2             2                0                  
56     28         4          4             4           0             0                0                  
57     9          2          2             2           1             1                0                  
58     16         3          3             3           2             2                0                  
59     20         6          6             6           4             4                0                  
60     24         6          6             6           5             4                1                  
61     41         5          5             4           3             3                0                  
62     18         1          1             1           1             1                0                  
63     21         5          5             4           3             3                0                  
64     20         4          4             3           3             3                0                  
65     27         6          6             6           3             2                0                  
66     16         1          1             1           1             1                0                  
67     19         4          4             4           3             3                1                  
68     29         6          6             6           5             5                1                  
69     8          1          1             1           0             0                0                  
70     21         4          4             3           2             2                1                  
71     44         14         14            13          9             8                0                  
72     24         5          5             5           5             5                0                  
73     13         1          1             1           1             1                0                  
74     24         3          3             3           0             0                0                  
75     33         9          9             7           3             3                0                  
76     22         2          2             2           1             1                0                  
77     26         9          9             9           2             2                1                  
78     36         10         10            9           6             6                1                  
79     25         4          4             4           4             4                0                  
80     23         1          1             1           1             1                0                  
----------------------------------------------------------------------------------
SUM    1833       381        381           350         210           205              18                 
----------------------------------------------------------------------------------

 Total Ripple Number: 

 Detection parameters:
     maximum_peak:    4
     maxRippleLength: 100
     detection_peaks: peaks
     num_peaks:       3
