Trial  Det1_2SD   Det2_4SD   Det3_MaxLen   Det4_Join   Det5_Cycles   68               101                
t6_Artif_Rej Det7_Spctr_Peak 1      31         7          7             5           3             3                0                  
2      26         0          0             0           0             0                0                  
3      25         1          1             1           1             1                0                  
4      26         6          6             6           2             2                1                  
5      16         3          3             3           2             1                0                  
6      17         4          4             4           2             2                1                  
7      29         1          1             1           1             1                0                  
8      29         3          3             3           3             3                0                  
9      26         3          3             3           0             0                0                  
10     35         3          3             3           0             0                0                  
11     27         0          0             0           0             0                0                  
12     20         1          1             1           0             0                0                  
13     42         5          5             5           3             3                0                  
14     32         5          5             5           3             3                0                  
15     22         5          5             5           5             5                0                  
16     18         0          0             0           0             0                0                  
17     35         2          2             2           1             1                1                  
18     27         0          0             0           0             0                0                  
19     27         5          5             5           3             3                0                  
20     32         8          8             8           5             5                0                  
21     15         0          0             0           0             0                0                  
22     20         0          0             0           0             0                0                  
23     25         1          1             1           1             1                1                  
24     30         2          2             2           2             2                0                  
25     28         6          6             5           3             3                0                  
26     34         8          8             7           2             2                0                  
27     34         1          1             1           0             0                0                  
28     19         1          1             1           0             0                0                  
29     16         0          0             0           0             0                0                  
30     38         11         11            10          5             4                1                  
31     17         2          2             2           2             2                0                  
32     21         1          1             1           0             0                0                  
33     32         4          4             3           2             2                1                  
34     18         0          0             0           0             0                0                  
35     17         0          0             0           0             0                0                  
36     24         7          7             7           4             4                1                  
37     28         2          2             2           0             0                0                  
38     33         7          7             6           5             5                0                  
39     31         9          9             7           5             5                0                  
40     27         3          3             3           1             1                0                  
41     14         0          0             0           0             0                0                  
42     25         0          0             0           0             0                0                  
43     35         3          3             3           0             0                0                  
44     29         2          2             2           1             1                0                  
45     29         1          1             1           1             1                0                  
46     30         2          2             2           1             1                0                  
47     17         1          1             1           1             1                0                  
48     21         3          3             3           1             1                0                  
49     41         8          8             8           5             5                0                  
50     36         9          9             9           5             5                0                  
51     28         4          4             3           3             3                0                  
52     21         1          1             1           1             1                0                  
53     24         4          4             4           0             0                0                  
54     24         5          5             5           4             4                0                  
55     23         3          3             3           2             2                0                  
56     31         2          2             2           0             0                0                  
57     13         1          1             1           1             1                0                  
58     19         0          0             0           0             0                0                  
59     30         2          2             2           1             1                0                  
60     24         1          1             1           1             1                0                  
61     36         1          1             1           1             1                1                  
62     23         1          1             1           0             0                0                  
63     22         5          5             3           3             3                0                  
64     19         5          5             4           3             3                0                  
65     35         2          2             2           2             2                0                  
66     16         0          0             0           0             0                0                  
67     27         4          4             3           2             2                0                  
68     39         7          7             4           2             2                0                  
69     23         0          0             0           0             0                0                  
70     36         3          3             3           1             1                0                  
71     36         6          6             6           4             4                0                  
72     21         1          1             1           0             0                0                  
73     22         1          1             1           0             0                0                  
74     22         1          1             1           0             0                0                  
75     27         2          2             2           1             1                0                  
76     26         3          3             3           0             0                0                  
77     28         4          4             4           2             2                0                  
78     33         3          3             2           1             1                0                  
79     31         3          3             3           1             1                0                  
80     23         2          2             1           1             1                0                  
----------------------------------------------------------------------------------
SUM    2108       233        233           214         118           116              8                  
----------------------------------------------------------------------------------

 Total Ripple Number: 

 Detection parameters:
     maximum_peak:    4
     maxRippleLength: 100
     detection_peaks: peaks
     num_peaks:       3
