Trial  Det1_2SD   Det2_4SD   Det3_MaxLen   Det4_Join   Det5_Cycles   68               101                
t6_Artif_Rej Det7_Spctr_Peak 1      27         3          3             3           0             0                0                  
2      17         0          0             0           0             0                0                  
3      20         1          1             1           1             1                0                  
4      26         4          4             3           1             1                1                  
5      18         2          2             2           2             2                0                  
6      24         2          2             2           1             1                0                  
7      17         1          1             1           1             1                0                  
8      41         4          4             4           0             0                0                  
9      24         2          2             2           1             1                0                  
10     29         2          2             2           2             2                0                  
11     31         1          1             1           1             1                0                  
12     23         0          0             0           0             0                0                  
13     34         4          4             4           4             4                0                  
14     26         8          8             8           6             6                0                  
15     29         8          8             8           6             6                2                  
16     23         0          0             0           0             0                0                  
17     30         2          2             2           0             0                0                  
18     26         3          3             3           0             0                0                  
19     35         4          4             4           3             3                0                  
20     22         7          7             6           4             4                0                  
21     11         0          0             0           0             0                0                  
22     20         0          0             0           0             0                0                  
23     25         0          0             0           0             0                0                  
24     21         4          4             4           1             1                0                  
25     31         5          5             4           1             1                0                  
26     24         7          7             6           2             2                0                  
27     18         0          0             0           0             0                0                  
28     21         1          1             1           0             0                0                  
29     11         0          0             0           0             0                0                  
30     31         9          9             9           6             5                1                  
31     21         1          1             1           0             0                0                  
32     25         2          2             2           1             1                0                  
33     34         8          8             8           8             8                1                  
34     19         3          3             3           1             1                1                  
35     19         0          0             0           0             0                0                  
36     27         6          6             5           3             3                1                  
37     19         3          3             3           1             1                0                  
38     31         6          6             6           3             3                0                  
39     25         10         10            9           6             6                1                  
40     25         1          1             1           0             0                0                  
41     14         2          2             2           1             1                0                  
42     18         0          0             0           0             0                0                  
43     27         0          0             0           0             0                0                  
44     18         2          2             2           0             0                0                  
45     16         1          1             1           1             1                0                  
46     28         4          4             4           1             1                0                  
47     21         2          2             2           1             1                0                  
48     25         2          2             2           1             1                0                  
49     29         2          2             2           1             1                0                  
50     37         7          7             6           5             5                0                  
51     26         4          4             3           2             2                0                  
52     33         2          2             2           2             2                1                  
53     37         3          3             3           1             1                0                  
54     26         7          7             6           4             4                0                  
55     32         3          3             3           3             3                0                  
56     24         2          2             2           1             1                0                  
57     21         1          1             1           0             0                0                  
58     21         1          1             1           0             0                0                  
59     28         2          2             2           1             1                0                  
60     27         2          2             2           2             1                0                  
61     37         1          1             1           0             0                0                  
62     26         1          1             1           1             1                0                  
63     21         4          4             3           3             3                0                  
64     28         6          6             6           3             2                0                  
65     20         2          2             2           1             1                0                  
66     14         1          1             1           1             1                0                  
67     31         3          3             2           1             1                0                  
68     31         5          5             4           3             3                0                  
69     22         0          0             0           0             0                0                  
70     23         1          1             1           0             0                0                  
71     41         10         10            10          5             5                0                  
72     38         2          2             2           0             0                0                  
73     25         1          1             1           1             1                0                  
74     25         3          3             3           0             0                0                  
75     21         2          2             2           2             2                1                  
76     22         2          2             2           1             1                0                  
77     36         7          7             7           4             4                2                  
78     40         8          8             7           6             6                0                  
79     26         4          4             3           1             1                0                  
80     30         1          1             1           0             0                0                  
----------------------------------------------------------------------------------
SUM    2045       237        237           223         126           123              12                 
----------------------------------------------------------------------------------

 Total Ripple Number: 

 Detection parameters:
     maximum_peak:    4
     maxRippleLength: 100
     detection_peaks: peaks
     num_peaks:       3
