Trial  Det1_2SD   Det2_4SD   Det3_MaxLen   Det4_Join   Det5_Cycles   68               101                
t6_Artif_Rej Det7_Spctr_Peak 1      18         5          5             5           3             3                0                  
2      13         3          3             3           3             3                0                  
3      12         0          0             0           0             0                0                  
4      5          0          0             0           0             0                0                  
5      9          3          3             3           3             3                0                  
6      13         4          4             4           3             3                0                  
7      10         0          0             0           0             0                0                  
8      13         1          1             1           1             1                0                  
9      19         5          5             5           3             3                0                  
10     12         0          0             0           0             0                0                  
11     17         4          4             3           1             1                0                  
12     10         5          5             5           5             5                2                  
13     20         10         10            7           7             7                1                  
14     20         5          5             5           4             4                0                  
15     31         16         16            11          8             7                1                  
16     15         2          2             2           1             1                0                  
17     24         10         10            9           7             7                0                  
18     14         9          9             8           3             3                0                  
19     10         3          3             2           2             2                0                  
20     27         11         11            8           6             6                0                  
21     23         8          8             7           5             4                0                  
22     27         11         11            10          7             6                1                  
23     21         3          3             3           1             1                0                  
24     25         12         12            7           7             7                2                  
25     32         14         14            12          6             6                1                  
26     18         4          4             4           1             1                0                  
27     16         1          1             1           1             1                0                  
28     9          0          0             0           0             0                0                  
29     8          0          0             0           0             0                0                  
30     22         1          1             1           0             0                0                  
31     18         5          5             5           1             1                0                  
32     16         5          5             4           4             4                1                  
33     26         8          8             7           7             6                1                  
34     21         6          6             4           4             3                0                  
35     30         9          9             7           5             5                1                  
36     26         12         12            12          8             7                1                  
37     16         8          8             8           3             2                0                  
38     28         12         12            12          9             9                2                  
39     25         10         10            8           6             5                2                  
40     20         5          5             4           1             1                0                  
41     18         5          5             4           1             1                0                  
42     13         2          2             2           1             1                0                  
43     17         1          1             1           0             0                0                  
44     15         4          4             4           4             4                0                  
45     13         2          2             2           0             0                0                  
46     14         1          1             1           1             1                0                  
47     26         4          4             4           2             2                0                  
48     22         3          3             3           1             1                0                  
49     24         7          7             6           4             3                0                  
50     24         9          9             8           4             4                0                  
51     19         5          5             4           2             2                1                  
52     17         4          4             4           4             3                0                  
53     16         5          5             4           4             3                0                  
54     34         13         13            11          8             7                1                  
55     24         5          5             4           3             3                0                  
56     17         2          2             2           1             1                1                  
57     11         4          4             3           1             1                0                  
58     9          0          0             0           0             0                0                  
59     22         6          6             4           2             2                0                  
60     22         10         10            8           7             6                0                  
61     30         7          7             7           5             4                0                  
62     5          0          0             0           0             0                0                  
63     22         9          9             8           7             6                1                  
64     10         5          5             5           5             4                0                  
65     29         6          6             5           4             3                0                  
66     18         6          6             4           3             3                2                  
67     13         4          4             4           2             2                1                  
68     35         26         26            18          13            12               2                  
69     22         12         12            9           6             5                0                  
70     18         5          5             5           3             3                0                  
71     22         8          8             8           5             5                1                  
72     20         6          6             6           6             6                0                  
73     23         5          5             4           4             4                2                  
74     15         4          4             4           2             1                0                  
75     12         1          1             1           1             1                0                  
76     22         5          5             5           3             3                1                  
77     22         5          5             4           2             2                0                  
78     20         0          0             0           0             0                0                  
79     20         5          5             4           3             3                2                  
80     24         3          3             3           2             2                1                  
----------------------------------------------------------------------------------
SUM    1518       444        444           380         262           242              32                 
----------------------------------------------------------------------------------

 Total Ripple Number:  

 Detection parameters:
     maximum_peak:    4
     maxRippleLength: 100
     detection_peaks: peaks
     num_peaks:       3
