Trial  Det1_2SD   Det2_4SD   Det3_MaxLen   Det4_Join   Det5_Cycles   68               101                
t6_Artif_Rej Det7_Spctr_Peak 1      18         3          3             3           1             1                0                  
2      16         4          4             4           2             2                0                  
3      20         2          2             2           1             1                0                  
4      19         1          1             1           1             1                0                  
5      16         4          4             4           2             2                0                  
6      12         2          2             2           1             1                0                  
7      23         3          3             3           3             3                0                  
8      21         3          3             3           2             2                0                  
9      18         1          1             1           1             1                0                  
10     31         0          0             0           0             0                0                  
11     20         3          3             3           1             1                0                  
12     21         2          2             2           2             2                1                  
13     38         11         11            11          8             7                1                  
14     17         3          3             3           2             2                1                  
15     36         13         13            10          10            9                3                  
16     14         1          1             1           0             0                0                  
17     18         5          5             5           4             4                0                  
18     10         0          0             0           0             0                0                  
19     13         3          3             3           2             2                0                  
20     22         7          7             7           5             4                1                  
21     16         6          6             5           4             4                0                  
22     21         6          6             5           4             4                0                  
23     23         4          4             4           2             2                0                  
24     46         6          6             6           3             3                0                  
25     29         3          3             3           2             2                0                  
26     24         3          3             3           2             2                0                  
27     29         6          6             5           3             3                0                  
28     26         0          0             0           0             0                0                  
29     21         1          1             1           1             1                1                  
30     26         7          7             6           3             3                0                  
31     14         3          3             3           2             1                0                  
32     21         6          6             3           3             3                0                  
33     32         9          9             6           5             5                1                  
34     23         6          6             4           3             3                0                  
35     25         4          4             3           3             3                1                  
36     33         11         11            8           4             3                0                  
37     21         1          1             1           1             1                0                  
38     26         9          9             7           6             5                3                  
39     24         7          7             6           5             4                0                  
40     26         3          3             3           2             2                0                  
41     16         3          3             2           1             1                0                  
42     23         1          1             1           0             0                0                  
43     28         4          4             4           3             3                0                  
44     19         3          3             3           2             2                0                  
45     9          1          1             1           1             1                1                  
46     26         2          2             2           0             0                0                  
47     29         2          2             2           1             1                0                  
48     29         4          4             4           2             2                0                  
49     17         2          2             2           2             2                0                  
50     31         1          1             1           1             1                0                  
51     32         10         10            8           7             7                1                  
52     27         5          5             4           4             3                1                  
53     25         5          5             4           4             3                1                  
54     28         8          8             7           4             4                1                  
55     19         4          4             2           2             2                0                  
56     30         1          1             1           0             0                0                  
57     5          0          0             0           0             0                0                  
58     18         1          1             1           1             1                0                  
59     18         1          1             1           0             0                0                  
60     32         7          7             7           5             5                0                  
61     35         4          4             4           2             2                0                  
62     22         0          0             0           0             0                0                  
63     20         7          7             7           4             4                1                  
64     20         8          8             7           6             6                2                  
65     21         7          7             7           6             5                0                  
66     14         4          4             3           3             2                2                  
67     18         5          5             4           4             4                0                  
68     42         17         17            14          13            12               2                  
69     18         6          6             4           3             2                0                  
70     26         3          3             3           1             1                0                  
71     27         5          5             5           2             2                0                  
72     23         8          8             6           4             4                0                  
73     18         4          4             3           2             2                0                  
74     12         6          6             6           4             4                1                  
75     30         5          5             5           3             3                1                  
76     28         4          4             4           2             2                1                  
77     19         3          3             3           1             1                0                  
78     30         4          4             4           1             1                1                  
79     23         1          1             1           0             0                0                  
80     34         2          2             2           1             1                0                  
----------------------------------------------------------------------------------
SUM    1850       340        340           299         208           195              29                 
----------------------------------------------------------------------------------

 Total Ripple Number: 

 Detection parameters:
     maximum_peak:    4
     maxRippleLength: 100
     detection_peaks: peaks
     num_peaks:       3
