Trial  Det1_2SD   Det2_4SD   Det3_MaxLen   Det4_Join   Det5_Cycles   68               101                
t6_Artif_Rej Det7_Spctr_Peak 1      10         4          4             3           3             3                0                  
2      3          1          1             1           1             1                0                  
3      1          0          0             0           0             0                0                  
4      3          1          1             1           1             1                0                  
5      3          1          1             1           1             1                0                  
6      2          0          0             0           0             0                0                  
7      3          1          1             1           1             1                0                  
8      2          1          1             1           0             0                0                  
9      9          3          3             3           2             2                0                  
10     5          2          2             2           1             1                0                  
11     12         6          6             5           5             5                0                  
12     15         7          7             5           4             4                1                  
13     35         15         15            12          8             8                1                  
14     7          4          4             4           4             4                0                  
15     16         9          9             9           7             6                2                  
16     3          1          1             1           0             0                0                  
17     18         7          7             7           6             6                1                  
18     9          4          4             4           3             3                0                  
19     13         6          6             6           5             5                1                  
20     20         7          7             6           6             5                1                  
21     6          3          3             3           2             2                0                  
22     17         7          7             6           5             4                0                  
23     5          2          2             2           2             2                0                  
24     17         8          8             7           5             5                2                  
25     12         4          4             4           4             4                0                  
26     2          0          0             0           0             0                0                  
27     2          1          1             1           0             0                0                  
28     11         2          2             2           0             0                0                  
29     1          0          0             0           0             0                0                  
30     8          2          2             2           1             1                0                  
31     10         7          7             7           3             3                1                  
32     21         10         10            8           5             5                0                  
33     12         4          4             4           4             4                0                  
34     17         6          6             6           6             5                1                  
35     7          3          3             3           3             2                1                  
36     36         13         13            11          8             7                0                  
37     14         5          5             5           2             2                0                  
38     24         12         12            9           9             9                1                  
39     18         7          7             7           5             4                2                  
40     7          1          1             1           1             1                0                  
41     4          1          1             1           1             1                0                  
42     5          1          1             1           0             0                0                  
43     7          1          1             1           1             1                0                  
44     13         5          5             5           5             5                0                  
45     11         4          4             4           3             3                0                  
46     9          4          4             3           3             3                0                  
47     10         6          6             5           5             5                1                  
48     11         3          3             3           2             2                0                  
49     4          3          3             2           2             2                0                  
50     7          3          3             3           3             3                1                  
51     14         5          5             4           4             4                0                  
52     6          4          4             3           3             3                1                  
53     5          3          3             2           2             2                1                  
54     13         6          6             6           4             4                1                  
55     10         2          2             2           0             0                0                  
56     3          1          1             1           0             0                0                  
57     1          1          1             1           0             0                0                  
58     5          1          1             1           1             1                0                  
59     14         5          5             4           2             2                0                  
60     26         12         12            9           6             6                0                  
61     14         8          8             7           6             5                0                  
62     8          1          1             1           1             1                0                  
63     21         9          9             8           7             6                2                  
64     10         6          6             6           4             3                1                  
65     24         11         11            10          6             5                0                  
66     6          4          4             3           1             0                0                  
67     9          4          4             4           3             3                1                  
68     28         19         18            14          13            12               3                  
69     17         9          8             7           4             3                0                  
70     19         3          3             3           2             2                0                  
71     14         7          7             7           6             5                1                  
72     7          4          4             4           4             4                1                  
73     8          4          4             4           2             2                1                  
74     5          3          3             3           2             2                1                  
75     15         8          8             6           6             5                0                  
76     8          5          5             5           5             5                1                  
77     8          3          3             3           2             2                0                  
78     5          1          1             1           0             0                0                  
79     25         7          7             7           4             4                0                  
80     24         8          8             8           4             4                0                  
----------------------------------------------------------------------------------
SUM    889        372        370           332         252           236              32                 
----------------------------------------------------------------------------------

 Total Ripple Number:  

 Detection parameters:
     maximum_peak:    4
     maxRippleLength: 100
     detection_peaks: peaks
     num_peaks:       3
