Trial  Det1_2SD   Det2_4SD   Det3_MaxLen   Det4_Join   Det5_Cycles   68               101                
t6_Artif_Rej Det7_Spctr_Peak 1      13         1          1             1           1             1                0                  
2      13         1          1             1           1             1                0                  
3      9          0          0             0           0             0                0                  
4      15         1          1             1           1             1                0                  
5      13         0          0             0           0             0                0                  
6      18         2          2             1           1             1                0                  
7      11         0          0             0           0             0                0                  
8      22         2          2             2           0             0                0                  
9      19         1          1             1           0             0                0                  
10     11         2          2             2           0             0                0                  
11     23         1          1             1           0             0                0                  
12     21         3          3             3           2             2                1                  
13     48         10         10            9           6             6                2                  
14     14         1          1             1           0             0                0                  
15     29         8          8             8           7             7                1                  
16     16         0          0             0           0             0                0                  
17     26         4          4             4           3             3                0                  
18     19         1          1             1           1             1                0                  
19     23         4          4             4           4             4                1                  
20     24         7          7             7           6             5                0                  
21     13         3          3             3           2             2                0                  
22     23         7          7             7           5             4                0                  
23     11         1          1             1           1             1                0                  
24     25         7          7             5           3             3                0                  
25     19         5          5             4           3             3                0                  
26     27         0          0             0           0             0                0                  
27     19         2          2             2           1             1                0                  
28     14         0          0             0           0             0                0                  
29     10         0          0             0           0             0                0                  
30     11         0          0             0           0             0                0                  
31     19         4          4             4           2             2                1                  
32     25         6          6             5           4             4                1                  
33     23         5          5             4           4             4                1                  
34     27         5          5             5           5             5                0                  
35     19         0          0             0           0             0                0                  
36     38         11         11            9           7             6                2                  
37     16         3          3             3           0             0                0                  
38     25         15         15            11          9             9                1                  
39     33         12         12            9           7             7                2                  
40     19         0          0             0           0             0                0                  
41     15         2          2             2           1             1                0                  
42     16         1          1             1           0             0                0                  
43     23         0          0             0           0             0                0                  
44     19         3          3             2           2             2                0                  
45     17         4          4             4           4             4                0                  
46     15         2          2             1           1             1                0                  
47     18         5          5             5           4             4                1                  
48     20         3          3             3           1             1                0                  
49     19         3          3             3           1             1                0                  
50     21         2          2             2           2             2                0                  
51     25         5          5             5           4             4                1                  
52     29         4          4             4           2             2                1                  
53     20         4          4             4           3             3                1                  
54     25         4          4             4           4             4                1                  
55     18         2          2             2           2             2                0                  
56     16         0          0             0           0             0                0                  
57     9          0          0             0           0             0                0                  
58     12         0          0             0           0             0                0                  
59     24         3          3             3           1             1                0                  
60     31         8          8             7           4             4                0                  
61     28         3          3             3           2             1                0                  
62     19         0          0             0           0             0                0                  
63     32         11         11            9           6             6                1                  
64     21         4          4             4           2             2                1                  
65     29         8          8             8           5             4                1                  
66     12         3          3             3           3             2                0                  
67     17         3          3             3           1             1                1                  
68     36         16         16            15          12            11               1                  
69     23         7          7             6           5             4                0                  
70     21         4          4             4           2             2                0                  
71     24         3          3             3           1             1                1                  
72     18         5          5             4           4             4                0                  
73     21         4          4             4           2             2                1                  
74     14         3          3             3           2             2                0                  
75     20         6          6             6           3             3                0                  
76     25         4          4             4           4             4                0                  
77     26         2          2             2           0             0                0                  
78     17         0          0             0           0             0                0                  
79     32         3          3             3           1             1                0                  
80     30         2          2             2           1             1                0                  
----------------------------------------------------------------------------------
SUM    1660       281        281           257         178           170              25                 
----------------------------------------------------------------------------------

 Total Ripple Number: 

 Detection parameters:
     maximum_peak:    4
     maxRippleLength: 100
     detection_peaks: peaks
     num_peaks:       3
