Trial  Det1_2SD   Det2_4SD   Det3_MaxLen   Det4_Join   Det5_Cycles   68               101                
t6_Artif_Rej Det7_Spctr_Peak 1      31         2          2             2           1             1                0                  
2      23         1          1             1           1             1                0                  
3      9          0          0             0           0             0                0                  
4      38         0          0             0           0             0                0                  
5      22         1          1             1           1             1                0                  
6      27         1          1             1           1             1                0                  
7      25         2          2             2           1             1                0                  
8      31         1          1             1           1             1                0                  
9      23         0          0             0           0             0                0                  
10     22         1          1             1           0             0                0                  
11     25         0          0             0           0             0                0                  
12     18         1          1             1           1             1                1                  
13     33         8          8             6           6             6                1                  
14     22         1          1             1           0             0                0                  
15     32         6          6             5           3             3                0                  
16     30         0          0             0           0             0                0                  
17     27         5          5             4           4             4                0                  
18     22         0          0             0           0             0                0                  
19     25         4          4             4           3             3                0                  
20     39         8          8             7           5             4                1                  
21     25         4          4             4           1             1                1                  
22     36         5          5             5           4             3                0                  
23     26         1          1             1           1             1                0                  
24     29         5          5             4           4             4                2                  
25     19         2          2             2           2             2                0                  
26     30         0          0             0           0             0                0                  
27     26         1          1             1           0             0                0                  
28     23         0          0             0           0             0                0                  
29     19         0          0             0           0             0                0                  
30     24         1          1             1           0             0                0                  
31     35         2          2             2           2             2                1                  
32     23         4          4             4           3             3                1                  
33     27         6          6             6           4             4                1                  
34     36         4          4             3           3             3                0                  
35     32         1          1             1           0             0                0                  
36     30         8          8             7           6             5                0                  
37     11         1          1             1           0             0                0                  
38     30         7          7             7           6             6                2                  
39     34         7          7             7           7             6                1                  
40     35         0          0             0           0             0                0                  
41     17         0          0             0           0             0                0                  
42     21         1          1             1           1             1                0                  
43     20         1          1             1           0             0                0                  
44     25         3          3             3           3             3                0                  
45     20         2          2             2           2             2                0                  
46     22         0          0             0           0             0                0                  
47     19         4          4             4           3             3                1                  
48     20         3          3             2           2             1                0                  
49     23         2          2             1           1             1                0                  
50     30         1          1             1           1             1                0                  
51     34         5          5             5           3             3                1                  
52     37         5          5             5           2             2                1                  
53     40         4          4             4           2             2                1                  
54     27         5          5             4           4             4                1                  
55     28         1          1             1           1             1                0                  
56     26         1          1             1           0             0                0                  
57     18         0          0             0           0             0                0                  
58     17         1          1             1           0             0                0                  
59     24         1          1             1           1             1                0                  
60     25         4          4             4           4             4                0                  
61     31         0          0             0           0             0                0                  
62     27         1          1             1           1             1                1                  
63     27         7          7             7           5             5                1                  
64     21         4          4             4           2             1                1                  
65     33         7          7             5           3             2                0                  
66     23         5          5             5           3             2                1                  
67     22         5          5             4           2             2                0                  
68     40         15         15            11          8             7                1                  
69     24         6          6             5           3             2                1                  
70     28         3          3             3           2             2                0                  
71     27         4          4             4           2             2                1                  
72     20         5          5             4           4             4                1                  
73     21         2          2             2           2             2                0                  
74     18         0          0             0           0             0                0                  
75     32         7          7             7           5             4                2                  
76     25         7          7             6           3             3                1                  
77     24         1          1             1           1             1                0                  
78     25         0          0             0           0             0                0                  
79     30         1          1             1           1             1                1                  
80     28         0          0             0           0             0                0                  
----------------------------------------------------------------------------------
SUM    2093       225        225           204         148           137              29                 
----------------------------------------------------------------------------------

 Total Ripple Number: 

 Detection parameters:
     maximum_peak:    4
     maxRippleLength: 100
     detection_peaks: peaks
     num_peaks:       3
