Trial  Det1_2SD   Det2_4SD   Det3_MaxLen   Det4_Join   Det5_Cycles   Det6_Artif_Rej  
1      24         9          9             9           2             2               
2      37         3          3             3           0             0               
3      40         9          9             9           3             2               
4      33         4          4             4           2             2               
5      29         4          4             4           1             1               
6      31         6          6             6           5             5               
7      23         5          5             5           3             3               
8      18         2          2             2           2             2               
9      20         3          3             3           1             1               
10     23         2          2             2           2             2               
11     37         15         14            13          8             7               
12     41         15         14            12          8             7               
13     44         25         25            17          10            9               
14     30         5          5             5           3             3               
15     28         1          1             1           0             0               
16     31         6          6             6           2             2               
17     20         6          6             6           2             2               
18     31         9          9             7           2             2               
19     25         3          3             3           1             1               
20     29         5          5             5           1             1               
21     24         5          5             5           1             1               
22     24         4          4             4           2             2               
23     30         6          6             6           3             3               
24     16         2          2             2           1             1               
25     41         14         14            9           6             5               
26     29         14         14            12          6             6               
27     34         12         12            10          6             5               
28     31         6          6             6           1             1               
29     26         11         11            9           3             3               
30     42         25         25            18          14            13              
31     27         5          5             5           1             1               
32     35         17         17            11          6             6               
33     22         8          8             8           6             5               
34     22         2          2             2           1             0               
35     21         3          3             3           1             1               
36     55         39         39            24          21            20              
37     36         14         14            12          8             7               
38     35         14         13            11          7             6               
39     26         8          8             7           4             3               
40     26         4          4             4           1             0               
41     35         5          5             5           2             2               
42     21         3          3             3           3             3               
43     20         4          4             4           2             2               
44     19         4          4             4           0             0               
45     16         4          4             4           0             0               
46     24         3          3             3           2             2               
47     26         4          4             4           2             2               
48     42         20         20            16          12            11              
49     44         20         20            15          12            11              
50     17         6          6             6           2             2               
51     21         3          3             3           0             0               
52     26         8          8             8           2             2               
53     26         9          9             9           2             2               
54     27         5          5             5           1             1               
55     27         6          6             6           4             4               
56     28         8          8             7           5             5               
57     26         6          6             6           2             2               
58     45         21         21            15          12            12              
59     53         29         29            22          16            15              
60     42         9          9             8           3             2               
61     35         4          4             4           0             0               
62     22         6          6             6           1             1               
63     25         3          3             3           1             1               
64     35         15         15            14          6             6               
65     38         15         15            14          10            9               
66     31         6          6             6           6             6               
67     46         27         27            22          13            12              
68     27         12         12            10          6             5               
69     22         7          7             6           4             4               
70     38         13         13            11          7             7               
71     21         3          3             3           1             1               
72     26         6          6             5           1             1               
73     22         5          5             4           2             2               
74     33         15         15            9           6             5               
75     44         26         26            21          16            15              
76     46         29         29            25          17            16              
77     50         29         29            23          14            13              
78     44         21         21            18          10            9               
79     39         12         12            12          2             1               
80     50         24         23            19          11            10              
----------------------------------------------------------------------------------
SUM    2475       805        801           678         375           347             
----------------------------------------------------------------------------------

 Total Ripple Number: ś

 Detection parameters:
     maximum_peak:    3
     maxRippleLength: 100
     detection_peaks: thrsh
     num_peaks:       3
