Trial  Det1_2SD   Det2_4SD   Det3_MaxLen   Det4_Join   Det5_Cycles   Det6_Artif_Rej  
1      25         4          4             4           1             1               
2      21         4          4             4           0             0               
3      26         9          9             8           2             1               
4      33         4          4             4           3             2               
5      24         4          4             4           3             3               
6      37         5          5             5           2             2               
7      29         7          7             6           2             2               
8      23         7          7             7           3             3               
9      23         3          3             3           1             1               
10     32         5          5             5           2             2               
11     42         15         15            14          9             8               
12     32         12         12            10          9             8               
13     51         30         30            19          12            11              
14     26         7          7             7           4             4               
15     23         2          2             2           1             1               
16     26         4          4             4           2             2               
17     24         6          6             6           2             2               
18     29         8          8             8           2             1               
19     21         7          7             7           2             1               
20     12         0          0             0           0             0               
21     22         1          1             1           1             1               
22     25         2          2             2           2             2               
23     33         3          3             3           0             0               
24     17         4          4             4           1             1               
25     39         12         12            9           4             4               
26     33         12         12            11          4             4               
27     33         14         14            13          8             7               
28     23         3          3             3           2             2               
29     25         11         11            10          6             6               
30     49         28         28            20          16            15              
31     21         5          5             5           3             3               
32     50         20         20            12          9             8               
33     27         6          6             5           3             2               
34     24         2          2             2           1             1               
35     27         6          6             6           2             2               
36     55         35         35            25          21            20              
37     25         7          7             7           4             3               
38     34         15         15            12          7             7               
39     27         5          5             5           4             3               
40     25         5          5             5           2             1               
41     31         6          6             5           3             3               
42     14         3          3             3           0             0               
43     13         3          3             3           0             0               
44     23         4          4             4           1             1               
45     19         2          2             2           1             1               
46     22         6          6             6           1             1               
47     21         8          8             8           3             3               
48     44         19         19            17          8             7               
49     50         19         19            17          9             8               
50     27         7          7             7           2             2               
51     23         9          9             9           5             5               
52     26         6          6             6           4             4               
53     29         6          6             6           1             1               
54     31         13         13            13          5             4               
55     29         8          8             8           3             3               
56     37         9          9             8           3             3               
57     30         9          9             9           3             2               
58     40         26         26            21          13            13              
59     44         28         28            22          18            17              
60     24         8          8             8           5             4               
61     23         2          2             2           1             1               
62     21         3          3             3           1             1               
63     24         5          5             5           1             1               
64     31         10         10            10          7             7               
65     38         15         15            14          7             7               
66     26         8          8             8           2             2               
67     51         24         24            20          16            15              
68     31         14         14            11          7             7               
69     30         7          7             7           3             3               
70     43         16         16            15          8             7               
71     27         8          8             8           5             4               
72     22         3          3             3           2             2               
73     24         5          5             5           3             3               
74     31         16         16            15          7             6               
75     55         25         25            21          16            15              
76     43         25         25            21          12            11              
77     55         35         35            26          17            16              
78     39         16         16            13          10            9               
79     31         11         11            11          5             4               
80     43         24         24            22          13            12              
----------------------------------------------------------------------------------
SUM    2438       810        810           709         393           362             
----------------------------------------------------------------------------------

 Total Ripple Number: Ū

 Detection parameters:
     maximum_peak:    3
     maxRippleLength: 100
     detection_peaks: thrsh
     num_peaks:       3
