Trial  Det1_2SD   Det2_4SD   Det3_MaxLen   Det4_Join   Det5_Cycles   Det6_Artif_Rej  
1      21         5          5             5           1             1               
2      19         4          4             4           2             2               
3      35         12         12            11          6             5               
4      18         1          1             1           0             0               
5      22         4          4             4           2             1               
6      31         13         13            13          3             3               
7      21         5          5             5           3             3               
8      18         4          4             4           3             2               
9      23         8          8             8           2             2               
10     29         10         10            9           4             4               
11     37         20         20            17          12            11              
12     38         18         18            16          11            10              
13     35         21         21            19          9             9               
14     29         12         12            11          2             2               
15     24         2          2             2           0             0               
16     29         6          6             6           3             3               
17     25         6          6             6           1             1               
18     29         9          9             8           4             3               
19     30         9          9             9           3             3               
20     36         10         10            10          5             5               
21     25         8          8             8           2             2               
22     28         6          6             6           3             3               
23     36         9          9             9           4             4               
24     45         13         13            13          5             4               
25     43         15         15            13          7             6               
26     29         10         10            10          8             8               
27     44         20         20            20          11            10              
28     24         9          9             9           2             2               
29     30         15         15            13          7             6               
30     54         30         30            25          14            13              
31     31         6          6             6           3             2               
32     37         17         17            17          12            11              
33     35         8          8             7           3             3               
34     26         12         12            11          2             1               
35     24         11         11            11          5             5               
36     49         36         36            32          19            18              
37     39         15         15            13          5             4               
38     42         13         13            12          8             7               
39     39         7          7             7           4             3               
40     19         6          6             6           3             2               
41     28         13         13            13          4             4               
42     22         5          5             5           2             2               
43     19         5          5             5           2             2               
44     22         4          4             4           1             1               
45     25         8          8             8           3             3               
46     32         7          7             7           4             4               
47     21         3          3             3           2             2               
48     39         18         18            14          9             8               
49     42         21         21            17          10            9               
50     27         5          5             5           2             2               
51     28         7          7             7           5             5               
52     24         7          7             6           2             2               
53     32         13         13            11          3             3               
54     32         13         13            10          7             6               
55     25         6          6             6           5             4               
56     29         8          8             8           5             5               
57     29         9          9             9           4             3               
58     38         18         18            17          11            11              
59     36         18         18            17          14            13              
60     24         4          4             4           1             0               
61     27         3          3             3           0             0               
62     20         4          4             4           1             1               
63     25         7          7             7           1             1               
64     37         13         13            13          6             6               
65     37         13         13            13          9             9               
66     27         9          9             9           4             4               
67     39         20         20            19          11            10              
68     31         15         15            13          11            10              
69     27         10         10            10          1             0               
70     40         14         14            14          6             6               
71     24         10         10            10          7             6               
72     27         9          9             8           6             5               
73     32         15         15            13          6             5               
74     38         13         13            12          7             6               
75     48         25         25            20          15            14              
76     53         22         22            20          13            12              
77     39         25         25            24          17            16              
78     42         16         16            16          10            9               
79     43         18         18            16          11            10              
80     47         27         27            25          16            15              
----------------------------------------------------------------------------------
SUM    2525       925        925           861         457           418             
----------------------------------------------------------------------------------

 Total Ripple Number: Ƣ

 Detection parameters:
     maximum_peak:    3
     maxRippleLength: 100
     detection_peaks: thrsh
     num_peaks:       3
