Trial  Det1_2SD   Det2_4SD   Det3_MaxLen   Det4_Join   Det5_Cycles   68               101                
t6_Artif_Rej Det7_Spctr_Peak 1      44         12         12            12          0             0                0                  
2      50         9          9             8           3             3                1                  
3      39         7          7             7           2             2                2                  
4      42         4          4             4           1             1                1                  
5      40         9          9             9           1             1                0                  
6      36         5          5             5           2             2                2                  
7      31         7          7             7           2             2                1                  
8      52         13         13            13          4             4                1                  
9      40         10         10            10          2             2                1                  
10     32         5          5             5           2             2                2                  
11     34         5          5             5           4             4                4                  
12     38         6          6             6           0             0                0                  
13     34         7          7             7           1             1                0                  
14     38         6          6             6           1             1                1                  
15     39         7          7             7           2             2                1                  
16     33         12         12            12          3             3                1                  
17     43         11         11            11          3             3                1                  
18     45         11         11            11          5             5                2                  
19     45         10         10            10          3             3                1                  
20     46         5          5             5           1             1                0                  
21     47         8          8             8           2             2                1                  
22     31         5          5             5           2             2                1                  
23     34         8          8             7           2             2                1                  
24     36         7          7             7           1             1                0                  
25     39         10         10            10          2             2                0                  
26     33         7          7             7           2             2                0                  
27     44         16         16            15          5             5                2                  
28     45         9          9             7           2             2                0                  
29     38         6          6             6           2             2                1                  
30     36         10         10            8           3             3                1                  
31     40         4          4             4           2             2                0                  
32     30         2          2             2           1             1                0                  
33     48         6          6             6           2             2                0                  
34     43         6          6             6           2             2                2                  
35     32         5          5             5           1             1                1                  
36     49         14         14            14          1             1                0                  
37     51         17         17            17          8             8                4                  
38     56         9          9             9           2             2                2                  
39     42         9          9             9           1             1                1                  
40     41         10         10            10          1             1                1                  
41     31         6          6             6           1             1                1                  
42     32         9          9             9           3             3                0                  
43     48         4          4             4           1             1                1                  
44     41         6          6             6           0             0                0                  
45     43         8          8             8           2             2                0                  
46     41         9          9             9           3             3                1                  
47     37         4          4             4           2             2                1                  
48     37         9          9             9           2             2                1                  
49     45         10         10            10          1             1                1                  
50     36         6          6             6           2             2                2                  
51     41         13         13            13          3             3                3                  
52     26         7          7             7           2             2                1                  
53     42         6          6             6           2             2                0                  
54     36         5          5             5           1             1                0                  
55     48         7          7             7           3             3                0                  
56     45         8          8             8           4             4                0                  
57     46         12         12            12          3             3                2                  
58     41         10         10            10          2             2                1                  
59     47         14         14            14          4             4                2                  
60     38         4          4             4           0             0                0                  
61     35         3          3             3           0             0                0                  
62     34         6          6             6           0             0                0                  
63     24         7          7             7           0             0                0                  
64     32         6          6             6           1             1                0                  
65     39         10         10            10          2             2                0                  
66     59         19         19            19          7             7                1                  
67     39         12         12            12          4             3                2                  
68     44         11         11            11          2             2                1                  
69     39         7          7             7           1             1                0                  
70     57         6          6             5           2             2                1                  
71     64         13         13            12          2             2                0                  
72     43         14         14            14          2             2                1                  
73     47         14         14            14          3             3                2                  
74     54         17         17            16          4             4                1                  
75     58         18         18            16          4             4                1                  
76     49         14         14            14          1             1                0                  
77     46         15         15            15          2             2                0                  
78     34         9          9             9           2             2                0                  
79     48         13         13            13          4             4                2                  
80     48         11         11            11          3             3                3                  
----------------------------------------------------------------------------------
SUM    3310       711        711           699         173           172              72                 
----------------------------------------------------------------------------------

 Total Ripple Number: H

 Detection parameters:
     maximum_peak:    3
     maxRippleLength: 100
     detection_peaks: thrsh
     num_peaks:       3
