Trial  Det1_2SD   Det2_4SD   Det3_MaxLen   Det4_Join   Det5_Cycles   68               101                
t6_Artif_Rej Det7_Spctr_Peak 1      45         8          8             8           2             2                2                  
2      44         9          9             8           3             3                1                  
3      57         14         14            14          8             8                5                  
4      45         11         11            11          4             4                3                  
5      24         3          3             3           1             1                0                  
6      22         4          4             4           2             2                1                  
7      28         8          8             8           2             2                1                  
8      40         10         10            10          3             3                2                  
9      36         9          9             6           1             0                0                  
10     45         8          8             5           2             1                1                  
11     31         7          7             7           2             2                2                  
12     36         5          5             5           2             2                1                  
13     38         6          6             6           4             4                2                  
14     30         6          6             6           3             3                3                  
15     27         2          2             2           1             1                1                  
16     34         4          4             4           1             1                0                  
17     36         9          9             9           4             4                2                  
18     24         3          3             3           1             1                1                  
19     31         10         10            10          2             2                1                  
20     29         7          7             7           1             1                0                  
21     33         6          6             6           5             5                4                  
22     32         9          9             9           5             5                3                  
23     32         3          3             3           1             1                0                  
24     37         4          4             4           1             1                0                  
25     35         8          8             8           4             4                2                  
26     28         5          5             5           2             2                1                  
27     41         8          8             8           2             2                2                  
28     25         5          5             5           0             0                0                  
29     39         8          8             8           3             3                1                  
30     28         2          2             2           0             0                0                  
31     44         3          3             3           1             1                0                  
32     29         2          2             2           1             1                0                  
33     30         3          3             3           1             0                0                  
34     41         3          3             3           0             0                0                  
35     29         8          8             8           3             2                1                  
36     33         5          5             5           2             2                0                  
37     43         5          5             5           2             2                1                  
38     32         10         10            10          3             3                1                  
39     36         8          8             8           3             3                1                  
40     37         10         10            10          4             4                2                  
41     30         11         11            11          3             3                3                  
42     35         10         10            10          5             5                2                  
43     33         10         10            10          3             3                2                  
44     33         9          9             9           4             4                3                  
45     29         4          4             4           2             2                2                  
46     37         10         10            9           2             2                1                  
47     27         2          2             2           2             2                2                  
48     31         5          5             5           3             3                1                  
49     50         12         12            12          7             6                4                  
50     43         8          8             8           4             3                3                  
51     47         7          7             7           2             2                1                  
52     45         6          6             6           3             3                1                  
53     37         8          8             8           3             3                1                  
54     21         2          2             2           0             0                0                  
55     42         5          5             5           2             2                2                  
56     40         3          3             3           0             0                0                  
57     47         7          7             7           2             1                0                  
58     48         8          8             8           2             1                0                  
59     44         9          9             8           5             5                1                  
60     40         11         11            10          5             4                3                  
61     42         10         10            10          3             3                3                  
62     50         7          7             7           1             1                0                  
63     44         9          9             9           0             0                0                  
64     31         8          8             8           3             3                0                  
65     34         9          9             9           3             3                0                  
66     48         19         19            17          3             2                0                  
67     70         21         21            21          7             6                2                  
68     48         12         12            12          6             5                1                  
69     45         13         13            12          4             4                3                  
70     46         14         14            13          5             5                3                  
71     51         18         18            17          4             4                2                  
72     39         10         10            9           2             1                1                  
73     34         5          5             5           4             4                1                  
74     37         6          6             6           3             3                1                  
75     35         10         10            9           3             3                1                  
76     41         14         14            13          8             8                6                  
77     55         13         13            13          9             9                5                  
78     52         16         16            14          4             4                2                  
79     51         13         13            12          5             5                1                  
80     48         15         15            14          6             6                3                  
----------------------------------------------------------------------------------
SUM    3046       647        647           625         234           221              115                
----------------------------------------------------------------------------------

 Total Ripple Number: s

 Detection parameters:
     maximum_peak:    3
     maxRippleLength: 100
     detection_peaks: thrsh
     num_peaks:       3
