Trial  Det1_2SD   Det2_4SD   Det3_MaxLen   Det4_Join   Det5_Cycles   Det6_Artif_Rej  
1      28         4          4             4           1             1               
2      29         1          1             1           0             0               
3      31         3          3             3           2             2               
4      32         6          6             6           2             2               
5      26         6          6             6           2             2               
6      32         7          7             7           2             2               
7      32         3          3             3           2             2               
8      35         7          7             7           3             3               
9      37         10         10            10          3             3               
10     29         7          7             7           3             3               
11     27         7          7             7           2             2               
12     21         3          3             3           2             2               
13     34         9          9             9           2             2               
14     28         5          5             5           1             1               
15     25         4          4             4           1             1               
16     22         4          4             4           1             1               
17     34         6          6             6           1             1               
18     34         3          3             3           0             0               
19     25         5          5             5           3             3               
20     34         3          3             3           1             1               
21     30         6          6             6           1             1               
22     29         5          5             5           3             3               
23     31         5          5             5           1             1               
24     34         5          5             5           1             1               
25     32         4          4             4           1             1               
26     30         4          4             4           1             1               
27     32         5          5             5           0             0               
28     29         7          7             7           1             1               
29     27         6          6             6           2             2               
30     29         4          4             4           1             1               
31     41         9          9             9           1             1               
32     32         6          6             6           1             1               
33     31         8          8             8           3             3               
34     27         2          2             2           1             1               
35     30         6          6             6           3             3               
36     27         5          5             5           1             1               
37     27         4          4             4           1             1               
38     32         9          9             9           1             1               
39     27         6          6             6           1             1               
40     30         6          6             6           1             1               
41     34         6          6             6           4             4               
42     28         4          4             4           3             3               
43     28         6          6             6           1             1               
44     34         8          8             8           2             2               
45     39         7          7             7           2             2               
46     28         5          5             5           0             0               
47     25         3          3             3           0             0               
48     21         6          6             6           2             2               
49     21         1          1             1           0             0               
50     28         5          5             5           3             3               
51     23         3          3             3           2             2               
52     23         2          2             2           0             0               
53     31         4          4             4           0             0               
54     31         7          7             7           2             2               
55     29         6          6             6           3             3               
56     25         4          4             4           0             0               
57     29         2          2             2           0             0               
58     30         2          2             2           1             1               
59     23         4          4             4           1             1               
60     24         3          3             3           0             0               
61     24         2          2             2           0             0               
62     31         6          6             6           1             1               
63     27         2          2             2           1             1               
64     30         5          5             5           2             2               
65     30         4          4             4           2             2               
66     25         5          5             5           2             2               
67     27         3          3             3           1             1               
68     33         7          7             7           2             2               
69     18         2          2             2           0             0               
70     24         3          3             3           1             1               
71     28         6          6             6           0             0               
72     25         4          4             4           1             1               
73     33         6          6             6           1             1               
74     34         4          4             4           2             2               
75     33         5          5             5           0             0               
76     32         6          6             6           1             1               
77     32         4          4             4           0             0               
78     39         7          7             7           0             0               
79     35         6          6             6           1             1               
80     24         5          5             5           1             1               
----------------------------------------------------------------------------------
SUM    2340       395        395           395         105           105             
----------------------------------------------------------------------------------

 Total Ripple Number: i

 Detection parameters:
     maximum_peak:    3
     maxRippleLength: 100
     detection_peaks: thrsh
     num_peaks:       3
