Trial  Det1_2SD   Det2_4SD   Det3_MaxLen   Det4_Join   Det5_Cycles   Det6_Artif_Rej  
1      29         8          8             8           2             2               
2      20         8          8             8           4             4               
3      31         12         12            12          3             3               
4      39         12         12            12          2             2               
5      32         5          5             5           3             3               
6      29         10         10            10          2             2               
7      30         11         11            11          1             1               
8      29         12         12            12          2             2               
9      20         9          9             9           4             4               
10     29         3          3             3           1             1               
11     35         11         11            11          1             1               
12     26         4          4             4           0             0               
13     32         7          7             7           3             3               
14     32         5          5             5           0             0               
15     24         2          2             2           1             1               
16     32         6          6             6           2             2               
17     36         9          9             9           4             4               
18     36         8          8             8           2             1               
19     26         7          7             7           0             0               
20     29         7          7             7           0             0               
21     29         8          8             8           2             2               
22     29         5          5             5           2             2               
23     28         3          3             3           1             1               
24     27         7          7             7           2             2               
25     29         10         10            10          2             2               
26     29         7          7             7           2             2               
27     22         3          3             3           1             1               
28     27         6          6             6           2             2               
29     33         8          8             8           2             2               
30     34         4          4             4           2             2               
31     40         6          6             6           1             1               
32     26         4          4             4           1             1               
33     18         9          9             9           3             3               
34     14         3          3             3           1             1               
35     38         11         11            11          4             4               
36     35         8          8             8           0             0               
37     38         8          8             8           1             1               
38     20         4          4             4           0             0               
39     25         4          4             4           1             1               
40     39         8          8             8           2             2               
41     37         7          7             7           2             2               
42     21         6          6             6           0             0               
43     25         5          5             5           1             1               
44     26         2          2             2           0             0               
45     25         3          3             3           0             0               
46     34         5          5             5           0             0               
47     31         10         10            10          0             0               
48     24         5          5             5           2             2               
49     21         3          3             3           1             1               
50     28         4          4             4           1             1               
51     24         5          5             5           1             1               
52     36         9          9             9           4             4               
53     23         6          6             6           2             2               
54     36         6          6             6           3             3               
55     25         6          6             6           0             0               
56     28         7          7             7           2             2               
57     31         4          4             4           3             3               
58     32         7          7             7           4             4               
59     34         10         10            10          4             4               
60     23         2          2             2           0             0               
61     27         2          2             2           1             1               
62     15         3          3             3           3             3               
63     22         6          6             6           0             0               
64     33         3          3             3           1             1               
65     39         11         11            11          6             6               
66     26         4          4             4           2             2               
67     22         2          2             2           0             0               
68     29         5          5             5           1             1               
69     28         7          7             7           3             3               
70     17         4          4             4           0             0               
71     44         7          7             7           1             1               
72     23         6          6             6           1             1               
73     21         6          6             6           2             2               
74     25         5          5             5           1             1               
75     23         2          2             2           0             0               
76     30         9          9             9           1             1               
77     24         5          5             5           0             0               
78     17         5          5             5           0             0               
79     28         5          5             5           2             2               
80     34         5          5             5           2             2               
----------------------------------------------------------------------------------
SUM    2267       496        496           496         126           125             
----------------------------------------------------------------------------------

 Total Ripple Number: }

 Detection parameters:
     maximum_peak:    3
     maxRippleLength: 100
     detection_peaks: thrsh
     num_peaks:       3
