Trial  Det1_2SD   Det2_4SD   Det3_MaxLen   Det4_Join   Det5_Cycles   Det6_Artif_Rej  
1      28         11         11            11          3             2               
2      16         1          1             1           0             0               
3      24         7          7             7           4             4               
4      31         7          7             7           3             3               
5      30         5          5             5           1             1               
6      39         14         14            14          2             2               
7      24         7          7             7           2             2               
8      32         10         10            10          3             3               
9      24         3          3             3           1             1               
10     28         11         11            10          3             3               
11     32         10         10            10          1             1               
12     26         9          9             9           2             2               
13     23         6          6             6           3             3               
14     33         9          9             9           4             4               
15     29         9          9             9           2             2               
16     34         9          9             8           2             2               
17     31         11         11            11          2             2               
18     27         7          7             6           2             2               
19     29         5          5             5           2             2               
20     28         7          7             7           3             3               
21     24         7          7             7           3             3               
22     26         5          5             5           2             2               
23     31         9          9             9           1             1               
24     22         5          5             5           2             2               
25     29         10         10            10          2             2               
26     33         6          6             6           2             2               
27     32         3          3             3           0             0               
28     28         4          4             4           0             0               
29     34         11         11            11          1             1               
30     28         14         14            14          2             2               
31     24         8          8             8           0             0               
32     29         6          6             6           1             1               
33     27         7          7             7           2             2               
34     34         9          9             9           4             4               
35     28         9          9             9           1             1               
36     25         8          8             8           3             3               
37     19         8          8             8           4             4               
38     21         6          6             6           0             0               
39     20         4          4             4           1             1               
40     28         3          3             3           2             2               
41     28         5          5             5           0             0               
42     31         9          9             9           1             1               
43     33         10         10            10          4             4               
44     26         5          5             5           2             2               
45     24         5          5             5           0             0               
46     23         4          4             4           0             0               
47     27         7          7             7           4             4               
48     29         7          7             7           4             4               
49     26         3          3             3           1             1               
50     17         5          5             5           3             3               
51     24         8          8             8           4             4               
52     29         8          8             8           3             3               
53     25         7          7             7           2             2               
54     26         7          7             7           1             1               
55     25         6          6             6           1             1               
56     23         7          7             7           1             1               
57     24         5          5             5           1             1               
58     35         12         12            12          4             4               
59     26         4          4             4           1             1               
60     27         5          5             5           3             3               
61     29         7          7             7           2             2               
62     23         6          6             6           1             1               
63     26         5          5             5           0             0               
64     28         3          3             3           0             0               
65     29         11         11            11          3             3               
66     27         7          7             7           0             0               
67     29         5          5             5           1             1               
68     34         6          6             6           2             2               
69     29         8          8             8           1             1               
70     19         4          4             4           1             1               
71     23         6          6             6           2             2               
72     34         10         10            10          2             2               
73     27         4          4             4           0             0               
74     26         5          5             5           0             0               
75     28         7          7             7           0             0               
76     27         9          9             9           2             2               
77     29         3          3             3           1             1               
78     25         2          2             2           0             0               
79     29         7          7             7           3             3               
80     32         8          8             8           2             2               
----------------------------------------------------------------------------------
SUM    2191       552        552           549         141           140             
----------------------------------------------------------------------------------

 Total Ripple Number: 

 Detection parameters:
     maximum_peak:    3
     maxRippleLength: 100
     detection_peaks: thrsh
     num_peaks:       3
