Trial  Det1_2SD   Det2_4SD   Det3_MaxLen   Det4_Join   Det5_Cycles   68               101                
t6_Artif_Rej Det7_Spctr_Peak 1      27         11         11            10          4             3                2                  
2      25         4          4             4           3             2                1                  
3      26         6          6             5           4             3                2                  
4      24         7          7             7           5             4                3                  
5      27         6          6             4           2             1                0                  
6      33         9          9             6           4             3                0                  
7      25         6          6             6           3             2                1                  
8      26         5          5             5           2             1                1                  
9      21         5          5             5           1             0                0                  
10     28         11         11            8           5             4                2                  
11     28         11         11            10          6             5                3                  
12     27         3          3             3           0             0                0                  
13     18         3          3             3           1             0                0                  
14     28         8          8             8           5             4                3                  
15     23         5          5             4           2             1                1                  
16     21         4          4             4           2             1                0                  
17     23         6          6             5           4             3                2                  
18     16         4          4             4           0             0                0                  
19     25         8          8             7           2             1                1                  
20     26         10         10            7           4             3                1                  
21     17         4          4             4           3             2                0                  
22     22         3          3             2           2             1                0                  
23     23         5          5             5           3             2                2                  
24     24         8          8             7           5             4                2                  
25     21         3          3             3           1             0                0                  
26     22         5          5             4           2             1                0                  
27     32         9          9             8           3             2                1                  
28     29         5          5             5           2             1                1                  
29     30         10         10            10          5             4                2                  
30     31         9          9             9           7             6                5                  
31     24         7          7             7           4             3                3                  
32     20         6          6             6           2             1                0                  
33     19         8          8             7           2             1                0                  
34     23         9          9             8           2             1                0                  
35     24         7          7             6           3             2                0                  
36     20         7          7             5           5             4                2                  
37     22         7          7             7           3             2                2                  
38     36         9          9             8           4             3                2                  
39     34         8          8             6           3             2                1                  
40     24         5          5             5           1             1                1                  
41     15         5          5             3           2             1                0                  
42     20         7          7             6           4             3                1                  
43     24         5          5             5           3             2                1                  
44     22         7          7             5           3             2                1                  
45     16         6          6             5           2             1                0                  
46     23         7          7             6           1             0                0                  
47     24         8          8             8           3             2                1                  
48     30         10         10            9           6             5                1                  
49     33         5          5             4           2             1                0                  
50     29         4          4             4           1             0                0                  
51     23         3          3             3           2             1                1                  
52     25         6          6             5           1             0                0                  
53     28         10         10            8           4             3                1                  
54     17         8          8             8           1             0                0                  
55     22         8          8             7           2             1                0                  
56     20         4          4             4           1             0                0                  
57     24         6          6             4           2             1                0                  
58     24         7          7             5           3             2                0                  
59     28         8          8             6           3             2                0                  
60     26         8          8             7           3             2                2                  
61     36         11         11            11          3             2                2                  
62     17         4          4             4           1             1                1                  
63     29         7          7             7           1             0                0                  
64     21         4          4             4           2             1                1                  
65     17         3          3             3           2             1                1                  
66     22         6          6             6           1             0                0                  
67     20         6          6             5           2             1                1                  
68     25         7          7             6           2             1                0                  
69     30         13         13            9           6             5                3                  
70     29         9          9             7           3             2                2                  
71     16         4          4             4           1             0                0                  
72     23         8          8             5           3             2                0                  
73     17         3          3             3           1             0                0                  
74     20         3          3             3           1             0                0                  
75     18         6          6             6           2             1                1                  
76     22         12         12            10          5             4                2                  
77     23         7          7             6           4             3                2                  
78     26         6          6             5           2             1                0                  
79     18         5          5             5           2             1                1                  
80     21         6          6             5           3             2                2                  
----------------------------------------------------------------------------------
SUM    1917       528        528           463         217           141              75                 
----------------------------------------------------------------------------------

 Total Ripple Number: K

 Detection parameters:
     maximum_peak:    3
     maxRippleLength: 100
     detection_peaks: thrsh
     num_peaks:       3
