Trial  Det1_2SD   Det2_4SD   Det3_MaxLen   Det4_Join   Det5_Cycles   68               101                
t6_Artif_Rej Det7_Spctr_Peak 1      24         10         10            8           4             3                0                  
2      18         4          4             4           3             2                1                  
3      14         5          5             4           3             2                1                  
4      10         4          4             4           2             1                1                  
5      12         6          6             3           3             2                0                  
6      17         6          6             4           3             2                0                  
7      12         4          4             3           3             2                0                  
8      13         4          4             4           3             2                0                  
9      12         5          5             5           2             1                0                  
10     20         11         11            9           6             5                1                  
11     18         9          9             8           4             3                1                  
12     11         3          3             3           0             0                0                  
13     11         4          4             3           2             1                1                  
14     16         7          7             7           3             2                0                  
15     14         5          5             3           3             2                0                  
16     17         8          8             3           3             2                1                  
17     13         6          6             3           3             2                0                  
18     11         5          5             4           2             1                1                  
19     16         7          7             6           3             2                1                  
20     18         11         11            7           5             4                2                  
21     16         5          5             3           3             2                0                  
22     13         5          5             3           2             1                1                  
23     16         6          6             5           4             3                0                  
24     20         11         11            7           6             5                2                  
25     12         4          4             3           2             1                0                  
26     17         6          6             5           2             1                0                  
27     23         8          8             6           2             1                0                  
28     14         6          6             4           3             2                0                  
29     13         7          7             6           4             3                0                  
30     19         7          7             7           3             2                1                  
31     15         7          7             5           3             2                1                  
32     7          4          4             4           2             1                0                  
33     10         5          5             4           2             1                0                  
34     12         5          5             5           2             1                0                  
35     17         6          6             4           2             1                0                  
36     16         6          6             4           4             3                1                  
37     10         5          5             5           1             0                0                  
38     18         4          4             4           3             2                0                  
39     18         6          6             5           2             1                0                  
40     14         6          6             5           1             0                0                  
41     11         5          5             5           2             1                1                  
42     12         7          7             5           4             3                1                  
43     14         5          5             5           3             2                1                  
44     18         5          5             4           3             2                0                  
45     8          3          3             3           2             1                1                  
46     9          7          7             5           2             1                0                  
47     6          5          5             5           2             1                0                  
48     17         11         11            7           6             5                2                  
49     23         6          6             4           3             2                1                  
50     14         3          3             3           1             0                0                  
51     7          3          3             3           1             0                0                  
52     17         7          7             4           2             1                0                  
53     16         7          7             6           4             3                2                  
54     17         3          3             3           1             0                0                  
55     18         5          5             3           3             2                0                  
56     12         4          4             3           2             1                0                  
57     13         6          6             4           3             2                0                  
58     19         8          8             5           4             3                1                  
59     17         8          8             6           4             3                0                  
60     15         7          7             5           2             1                1                  
61     18         9          9             5           4             3                0                  
62     8          3          3             3           1             0                0                  
63     15         6          6             6           2             1                0                  
64     9          5          5             5           1             0                0                  
65     11         5          5             4           3             2                0                  
66     13         6          6             4           4             3                1                  
67     10         4          4             4           2             1                1                  
68     17         9          9             7           4             3                0                  
69     18         10         10            8           5             4                1                  
70     16         8          8             6           4             3                1                  
71     7          4          4             4           2             1                0                  
72     16         9          9             4           3             2                0                  
73     10         3          3             3           2             1                1                  
74     6          3          3             3           3             2                1                  
75     9          5          5             4           2             1                0                  
76     15         9          9             4           4             3                0                  
77     11         5          5             4           2             1                0                  
78     10         6          6             5           3             2                0                  
79     12         5          5             4           3             2                0                  
80     14         5          5             5           2             1                0                  
----------------------------------------------------------------------------------
SUM    1125       477        477           369         223           144              34                 
----------------------------------------------------------------------------------

 Total Ripple Number: "

 Detection parameters:
     maximum_peak:    3
     maxRippleLength: 100
     detection_peaks: thrsh
     num_peaks:       3
