Trial  Det1_2SD   Det2_4SD   Det3_MaxLen   Det4_Join   Det5_Cycles   68               101                
t6_Artif_Rej Det7_Spctr_Peak 1      41         13         13            13          4             4                4                  
2      41         9          9             9           4             3                3                  
3      40         12         12            12          6             6                4                  
4      28         11         11            11          7             7                4                  
5      35         7          7             7           4             4                2                  
6      48         7          7             7           2             1                0                  
7      48         12         12            12          4             3                2                  
8      50         13         13            13          5             5                4                  
9      39         7          7             7           3             3                3                  
10     41         12         12            11          5             4                1                  
11     47         17         17            17          9             8                5                  
12     41         12         12            12          6             6                4                  
13     41         6          6             6           2             2                2                  
14     50         9          9             9           5             4                2                  
15     38         9          9             9           5             5                4                  
16     32         6          6             6           1             1                1                  
17     39         9          9             9           3             3                3                  
18     28         4          4             4           3             3                3                  
19     34         8          8             8           3             3                2                  
20     36         7          7             7           3             3                1                  
21     35         8          8             8           4             4                2                  
22     36         10         10            10          3             3                3                  
23     48         18         18            18          7             6                3                  
24     42         13         13            13          5             4                1                  
25     30         8          8             8           3             3                1                  
26     35         7          7             7           1             1                0                  
27     48         14         14            14          8             8                6                  
28     47         9          9             9           5             5                3                  
29     33         10         10            9           4             3                2                  
30     53         17         17            16          10            9                7                  
31     47         7          7             7           4             4                3                  
32     40         6          6             6           2             2                1                  
33     36         8          8             8           4             4                4                  
34     34         4          4             4           4             4                4                  
35     36         11         11            11          7             6                5                  
36     34         11         11            11          6             5                4                  
37     54         12         12            12          6             6                4                  
38     56         13         13            13          4             4                1                  
39     43         12         12            11          4             4                2                  
40     33         11         11            10          8             8                7                  
41     41         12         12            12          6             6                5                  
42     37         7          7             7           2             2                1                  
43     35         10         10            10          2             2                1                  
44     31         8          8             8           1             0                0                  
45     33         5          5             5           1             0                0                  
46     33         3          3             3           2             2                2                  
47     35         5          5             5           3             2                2                  
48     38         11         11            11          7             6                5                  
49     56         15         15            15          11            11               8                  
50     45         9          9             9           7             7                5                  
51     38         8          8             8           2             2                1                  
52     30         7          7             7           2             2                2                  
53     35         8          8             8           4             4                4                  
54     27         7          7             7           5             5                4                  
55     36         9          9             9           4             4                3                  
56     50         8          8             8           2             2                1                  
57     43         11         11            11          4             4                1                  
58     39         10         10            9           5             4                3                  
59     39         10         10            9           6             5                4                  
60     47         8          8             8           2             2                1                  
61     56         14         14            14          3             3                1                  
62     30         5          5             5           4             4                2                  
63     40         8          8             8           4             4                1                  
64     40         8          8             8           4             4                2                  
65     33         4          4             4           2             2                2                  
66     29         8          8             8           5             5                5                  
67     41         13         13            13          6             6                5                  
68     37         12         12            12          1             1                0                  
69     36         9          9             8           3             2                2                  
70     33         7          7             6           3             2                2                  
71     29         4          4             4           3             3                3                  
72     32         9          9             9           4             4                4                  
73     26         7          7             7           1             1                1                  
74     28         8          8             8           2             2                1                  
75     37         9          9             9           4             4                3                  
76     40         15         15            15          7             6                3                  
77     31         10         10            10          5             4                1                  
78     27         8          8             8           3             3                1                  
79     29         7          7             7           2             2                1                  
80     42         13         13            12          5             5                3                  
----------------------------------------------------------------------------------
SUM    3081       748        748           738         332           310              213                
----------------------------------------------------------------------------------

 Total Ripple Number: Õ

 Detection parameters:
     maximum_peak:    3
     maxRippleLength: 100
     detection_peaks: thrsh
     num_peaks:       3
