Trial  Det1_2SD   Det2_4SD   Det3_MaxLen   Det4_Join   Det5_Cycles   68               101                
t6_Artif_Rej Det7_Spctr_Peak 1      40         15         15            15          4             3                0                  
2      35         9          9             8           4             3                2                  
3      43         11         11            11          6             6                5                  
4      47         16         16            16          5             4                3                  
5      32         12         12            12          1             0                0                  
6      33         8          8             8           2             1                1                  
7      41         10         10            10          2             2                2                  
8      33         9          9             9           6             5                4                  
9      33         9          9             9           3             3                3                  
10     48         13         13            13          5             5                3                  
11     35         14         14            14          3             3                2                  
12     50         9          9             9           6             5                4                  
13     36         5          5             5           1             1                1                  
14     30         4          4             4           0             0                0                  
15     41         15         15            13          6             5                4                  
16     42         16         16            12          6             5                3                  
17     36         11         11            11          4             3                3                  
18     43         14         14            11          8             7                2                  
19     48         15         15            13          5             4                1                  
20     33         9          9             9           3             2                1                  
21     29         10         10            10          3             2                1                  
22     55         15         15            15          2             2                0                  
23     36         6          6             6           1             1                0                  
24     40         11         11            11          8             7                3                  
25     37         12         12            12          7             6                4                  
26     29         7          7             7           5             5                3                  
27     29         7          7             7           3             3                2                  
28     32         6          6             6           1             0                0                  
29     31         7          7             7           4             3                2                  
30     40         6          6             6           1             1                1                  
31     44         7          7             7           3             2                2                  
32     40         9          9             9           6             5                4                  
33     33         14         14            13          6             5                2                  
34     51         16         16            16          5             4                2                  
35     32         6          6             6           1             1                1                  
36     37         10         10            10          5             4                4                  
37     35         10         10            10          5             4                2                  
38     35         14         14            14          4             3                3                  
39     34         10         10            10          7             6                5                  
40     38         11         11            11          7             6                3                  
41     44         17         17            17          7             6                4                  
42     35         9          9             9           2             2                2                  
43     28         8          8             8           3             3                3                  
44     38         9          9             9           2             2                2                  
45     38         4          4             4           1             1                1                  
46     38         11         11            11          2             2                2                  
47     43         15         15            14          7             6                3                  
48     45         16         16            14          4             3                1                  
49     48         12         12            12          4             3                1                  
50     21         2          2             2           0             0                0                  
51     32         9          9             9           4             3                1                  
52     34         11         11            10          4             3                2                  
53     45         16         16            16          6             5                3                  
54     36         8          8             8           0             0                0                  
55     36         6          6             6           2             1                1                  
56     34         11         11            11          5             4                1                  
57     34         11         11            11          6             5                3                  
58     28         5          5             5           3             2                2                  
59     41         9          9             9           4             4                4                  
60     41         8          8             8           2             1                1                  
61     42         12         12            12          6             5                4                  
62     35         13         13            13          7             6                3                  
63     58         27         27            24          12            11               4                  
64     42         15         15            14          6             5                4                  
65     62         26         26            25          13            12               6                  
66     44         8          8             8           2             2                1                  
67     45         14         14            14          5             4                3                  
68     50         23         23            22          11            10               5                  
69     31         10         10            10          0             0                0                  
70     33         8          8             8           2             1                1                  
71     36         5          5             5           3             2                2                  
72     47         15         15            14          10            9                5                  
73     47         13         13            13          5             4                4                  
74     52         20         20            20          12            11               9                  
75     42         13         13            13          5             4                4                  
76     50         18         18            18          8             7                6                  
77     29         4          4             4           1             1                1                  
78     40         7          7             7           0             0                0                  
79     50         13         13            13          7             6                2                  
80     41         19         19            19          5             4                4                  
----------------------------------------------------------------------------------
SUM    3131       898        898           874         352           297              193                
----------------------------------------------------------------------------------

 Total Ripple Number: Á

 Detection parameters:
     maximum_peak:    3
     maxRippleLength: 100
     detection_peaks: thrsh
     num_peaks:       3
