Trial  Det1_2SD   Det2_4SD   Det3_MaxLen   Det4_Join   Det5_Cycles   68               101                
t6_Artif_Rej Det7_Spctr_Peak 1      25         5          5             5           1             1                1                  
2      25         1          1             1           1             1                1                  
3      29         3          3             3           2             2                2                  
4      33         2          2             2           1             1                1                  
5      23         1          1             1           0             0                0                  
6      24         0          0             0           0             0                0                  
7      23         1          1             1           1             1                1                  
8      30         8          8             7           3             3                1                  
9      29         5          5             5           1             1                1                  
10     27         1          1             1           0             0                0                  
11     21         2          2             2           0             0                0                  
12     41         5          5             5           0             0                0                  
13     40         12         12            12          5             4                2                  
14     24         3          3             3           2             2                1                  
15     45         2          2             2           1             1                0                  
16     38         5          5             5           4             3                0                  
17     27         5          5             5           2             1                0                  
18     28         5          5             5           4             4                1                  
19     23         2          2             2           0             0                0                  
20     31         4          4             4           2             2                2                  
21     45         11         11            8           6             6                1                  
22     21         0          0             0           0             0                0                  
23     27         2          2             2           0             0                0                  
24     26         5          5             5           1             1                0                  
25     26         0          0             0           0             0                0                  
26     23         1          1             1           0             0                0                  
27     14         0          0             0           0             0                0                  
28     33         1          1             1           1             1                1                  
29     34         5          5             5           2             2                0                  
30     48         16         16            15          9             9                0                  
31     35         1          1             1           0             0                0                  
32     28         1          1             1           1             1                1                  
33     30         4          4             4           3             3                0                  
34     30         6          6             6           2             2                0                  
35     27         1          1             1           0             0                0                  
36     27         0          0             0           0             0                0                  
37     34         6          6             6           1             1                1                  
38     37         7          7             7           2             1                1                  
39     19         0          0             0           0             0                0                  
40     30         1          1             1           0             0                0                  
41     19         1          1             1           0             0                0                  
42     23         3          3             3           1             1                1                  
43     25         0          0             0           0             0                0                  
44     26         1          1             1           0             0                0                  
45     35         2          2             2           1             1                1                  
46     33         3          3             3           2             2                1                  
47     27         2          2             2           2             2                1                  
48     21         1          1             1           1             1                1                  
49     20         0          0             0           0             0                0                  
50     22         2          2             2           1             1                0                  
51     26         2          2             2           1             1                1                  
52     23         3          3             3           2             2                2                  
53     39         6          6             4           2             2                0                  
54     30         1          1             1           0             0                0                  
55     36         2          2             2           0             0                0                  
56     24         1          1             1           0             0                0                  
57     30         2          2             2           1             0                0                  
58     28         4          4             4           1             0                0                  
59     27         3          3             3           3             3                2                  
60     28         1          1             1           0             0                0                  
61     18         0          0             0           0             0                0                  
62     22         2          2             2           0             0                0                  
63     26         2          2             2           0             0                0                  
64     29         0          0             0           0             0                0                  
65     23         0          0             0           0             0                0                  
66     24         4          4             3           2             2                0                  
67     43         5          5             5           3             2                1                  
68     34         6          6             5           2             1                0                  
69     30         5          5             4           2             2                1                  
70     28         2          2             2           1             1                1                  
71     26         0          0             0           0             0                0                  
72     24         0          0             0           0             0                0                  
73     24         2          2             2           2             2                0                  
74     21         0          0             0           0             0                0                  
75     21         1          1             1           1             1                1                  
76     27         2          2             2           0             0                0                  
77     26         4          4             4           2             2                2                  
78     36         3          3             3           0             0                0                  
79     26         1          1             1           0             0                0                  
80     24         4          4             4           1             1                0                  
----------------------------------------------------------------------------------
SUM    2254       223        223           213         92            84               35                 
----------------------------------------------------------------------------------

 Total Ripple Number: #

 Detection parameters:
     maximum_peak:    4
     maxRippleLength: 100
     detection_peaks: peaks
     num_peaks:       3
