Trial  Det1_2SD   Det2_4SD   Det3_MaxLen   Det4_Join   Det5_Cycles   68               101                
t6_Artif_Rej Det7_Spctr_Peak 1      24         0          0             0           0             0                0                  
2      26         1          1             1           0             0                0                  
3      25         0          0             0           0             0                0                  
4      29         2          2             2           1             1                0                  
5      25         0          0             0           0             0                0                  
6      26         1          1             1           0             0                0                  
7      24         0          0             0           0             0                0                  
8      31         5          5             5           4             4                4                  
9      28         2          2             2           2             2                1                  
10     22         0          0             0           0             0                0                  
11     35         1          1             1           0             0                0                  
12     28         3          3             3           1             1                1                  
13     29         2          2             2           0             0                0                  
14     25         1          1             1           0             0                0                  
15     34         1          1             1           0             0                0                  
16     33         1          1             1           1             0                0                  
17     26         1          1             1           0             0                0                  
18     22         0          0             0           0             0                0                  
19     25         1          1             1           0             0                0                  
20     15         0          0             0           0             0                0                  
21     33         1          1             1           0             0                0                  
22     27         0          0             0           0             0                0                  
23     31         2          2             2           1             1                1                  
24     30         1          1             1           0             0                0                  
25     26         2          2             2           0             0                0                  
26     31         3          3             3           0             0                0                  
27     18         1          1             1           0             0                0                  
28     30         1          1             1           1             1                1                  
29     35         1          1             1           1             1                1                  
30     43         4          4             3           2             2                1                  
31     27         0          0             0           0             0                0                  
32     28         1          1             1           1             1                1                  
33     21         1          1             1           0             0                0                  
34     28         0          0             0           0             0                0                  
35     23         0          0             0           0             0                0                  
36     27         0          0             0           0             0                0                  
37     30         1          1             1           0             0                0                  
38     36         0          0             0           0             0                0                  
39     27         0          0             0           0             0                0                  
40     31         1          1             1           0             0                0                  
41     24         1          1             1           0             0                0                  
42     30         1          1             1           0             0                0                  
43     34         2          2             2           2             2                2                  
44     23         0          0             0           0             0                0                  
45     24         1          1             1           0             0                0                  
46     23         2          2             1           1             1                1                  
47     17         2          2             1           1             1                1                  
48     25         0          0             0           0             0                0                  
49     26         2          2             2           0             0                0                  
50     31         3          3             3           0             0                0                  
51     29         0          0             0           0             0                0                  
52     37         3          3             3           1             1                0                  
53     39         3          3             3           1             1                0                  
54     30         2          2             2           0             0                0                  
55     34         0          0             0           0             0                0                  
56     27         0          0             0           0             0                0                  
57     31         4          4             4           1             1                0                  
58     34         5          5             5           2             2                1                  
59     24         2          2             2           1             1                1                  
60     29         2          2             2           1             1                1                  
61     25         2          2             2           1             1                1                  
62     31         1          1             1           0             0                0                  
63     25         1          1             1           0             0                0                  
64     31         0          0             0           0             0                0                  
65     26         2          2             2           1             1                1                  
66     19         2          2             2           2             2                1                  
67     35         2          2             2           2             2                1                  
68     34         5          5             5           3             3                3                  
69     35         3          3             3           2             2                2                  
70     30         1          1             1           0             0                0                  
71     28         2          2             2           0             0                0                  
72     20         0          0             0           0             0                0                  
73     20         0          0             0           0             0                0                  
74     25         1          1             1           1             1                1                  
75     25         2          2             2           1             1                1                  
76     31         3          3             3           1             1                1                  
77     29         3          3             3           0             0                0                  
78     34         1          1             1           0             0                0                  
79     45         1          1             1           0             0                0                  
80     28         1          1             1           1             1                1                  
----------------------------------------------------------------------------------
SUM    2261       110        110           107         41            40               31                 
----------------------------------------------------------------------------------

 Total Ripple Number: 

 Detection parameters:
     maximum_peak:    4
     maxRippleLength: 100
     detection_peaks: peaks
     num_peaks:       3
