Trial  Det1_2SD   Det2_4SD   Det3_MaxLen   Det4_Join   Det5_Cycles   68               101                
t6_Artif_Rej Det7_Spctr_Peak 1      22         0          0             0           0             0                0                  
2      30         2          2             2           2             2                2                  
3      17         0          0             0           0             0                0                  
4      28         0          0             0           0             0                0                  
5      23         1          1             1           0             0                0                  
6      20         3          3             3           1             1                1                  
7      36         1          1             1           0             0                0                  
8      32         3          3             3           3             3                2                  
9      28         0          0             0           0             0                0                  
10     30         0          0             0           0             0                0                  
11     33         0          0             0           0             0                0                  
12     33         1          1             1           0             0                0                  
13     36         2          2             2           0             0                0                  
14     35         3          3             3           0             0                0                  
15     29         0          0             0           0             0                0                  
16     28         1          1             1           1             1                1                  
17     30         1          1             1           1             1                1                  
18     28         0          0             0           0             0                0                  
19     27         0          0             0           0             0                0                  
20     24         0          0             0           0             0                0                  
21     25         0          0             0           0             0                0                  
22     22         1          1             1           0             0                0                  
23     34         1          1             1           0             0                0                  
24     29         1          1             1           0             0                0                  
25     26         1          1             1           0             0                0                  
26     37         0          0             0           0             0                0                  
27     26         1          1             1           1             1                1                  
28     21         1          1             1           1             1                0                  
29     23         1          1             1           0             0                0                  
30     29         3          3             3           0             0                0                  
31     32         1          1             1           1             1                1                  
32     22         1          1             1           1             1                1                  
33     24         1          1             1           0             0                0                  
34     26         1          1             1           1             1                1                  
35     29         0          0             0           0             0                0                  
36     24         0          0             0           0             0                0                  
37     28         1          1             1           1             1                1                  
38     37         1          1             1           1             1                1                  
39     37         0          0             0           0             0                0                  
40     21         0          0             0           0             0                0                  
41     24         0          0             0           0             0                0                  
42     32         1          1             1           1             1                1                  
43     42         2          2             2           0             0                0                  
44     23         0          0             0           0             0                0                  
45     16         0          0             0           0             0                0                  
46     25         1          1             1           1             1                1                  
47     26         1          1             1           1             1                1                  
48     27         1          1             1           0             0                0                  
49     26         0          0             0           0             0                0                  
50     28         1          1             1           1             1                0                  
51     36         0          0             0           0             0                0                  
52     45         2          2             2           0             0                0                  
53     40         4          4             4           0             0                0                  
54     29         0          0             0           0             0                0                  
55     31         0          0             0           0             0                0                  
56     28         0          0             0           0             0                0                  
57     34         0          0             0           0             0                0                  
58     38         2          2             2           1             1                1                  
59     27         0          0             0           0             0                0                  
60     30         1          1             1           0             0                0                  
61     24         1          1             1           0             0                0                  
62     21         1          1             1           0             0                0                  
63     21         0          0             0           0             0                0                  
64     28         2          2             2           0             0                0                  
65     20         1          1             1           0             0                0                  
66     22         0          0             0           0             0                0                  
67     24         2          2             2           0             0                0                  
68     25         5          5             5           4             3                0                  
69     30         3          3             3           1             0                0                  
70     34         0          0             0           0             0                0                  
71     35         0          0             0           0             0                0                  
72     23         1          1             1           0             0                0                  
73     27         1          1             1           0             0                0                  
74     26         1          1             1           1             1                1                  
75     30         0          0             0           0             0                0                  
76     27         1          1             1           1             1                1                  
77     19         1          1             1           1             1                1                  
78     33         1          1             1           0             0                0                  
79     35         1          1             1           0             0                0                  
80     26         0          0             0           0             0                0                  
----------------------------------------------------------------------------------
SUM    2258       72         72            72          28            26               20                 
----------------------------------------------------------------------------------

 Total Ripple Number: 

 Detection parameters:
     maximum_peak:    4
     maxRippleLength: 100
     detection_peaks: peaks
     num_peaks:       3
