Trial  Det1_2SD   Det2_4SD   Det3_MaxLen   Det4_Join   Det5_Cycles   68               101                
t6_Artif_Rej Det7_Spctr_Peak 1      28         2          2             2           1             1                0                  
2      20         2          2             2           0             0                0                  
3      14         1          1             1           0             0                0                  
4      22         1          1             1           0             0                0                  
5      18         0          0             0           0             0                0                  
6      24         2          2             2           0             0                0                  
7      32         3          3             3           0             0                0                  
8      34         6          6             6           4             4                1                  
9      32         6          6             4           3             3                0                  
10     25         3          3             1           1             1                0                  
11     26         0          0             0           0             0                0                  
12     37         5          5             5           3             3                0                  
13     33         6          6             6           5             5                2                  
14     25         3          3             3           1             1                0                  
15     33         4          4             3           2             2                1                  
16     39         4          4             4           3             3                1                  
17     26         3          3             2           2             2                1                  
18     29         3          3             2           2             2                0                  
19     29         5          5             5           2             2                1                  
20     24         2          2             2           2             2                2                  
21     42         3          3             3           3             3                2                  
22     20         0          0             0           0             0                0                  
23     35         2          2             2           1             1                1                  
24     30         0          0             0           0             0                0                  
25     27         1          1             1           1             1                0                  
26     31         3          3             3           2             2                0                  
27     20         1          1             1           1             1                1                  
28     33         3          3             3           2             2                0                  
29     32         3          3             3           2             2                2                  
30     43         10         10            9           6             6                2                  
31     33         0          0             0           0             0                0                  
32     22         1          1             1           0             0                0                  
33     31         3          3             3           2             2                1                  
34     28         1          1             1           1             1                0                  
35     43         4          4             3           2             2                1                  
36     31         2          2             2           1             1                1                  
37     32         3          3             3           1             1                0                  
38     35         6          6             6           3             3                0                  
39     24         3          3             3           1             0                0                  
40     37         2          2             2           2             2                0                  
41     28         1          1             1           1             1                1                  
42     17         0          0             0           0             0                0                  
43     16         0          0             0           0             0                0                  
44     14         0          0             0           0             0                0                  
45     16         0          0             0           0             0                0                  
46     28         2          2             2           0             0                0                  
47     27         3          3             3           0             0                0                  
48     21         1          1             1           0             0                0                  
49     28         0          0             0           0             0                0                  
50     37         2          2             2           1             1                0                  
51     22         0          0             0           0             0                0                  
52     26         2          2             2           1             1                0                  
53     27         1          1             1           1             1                0                  
54     35         4          4             4           2             2                0                  
55     32         4          4             4           2             2                0                  
56     30         5          5             5           3             3                2                  
57     36         5          5             5           3             2                1                  
58     42         4          4             4           4             3                1                  
59     25         0          0             0           0             0                0                  
60     33         5          5             5           3             3                3                  
61     25         1          1             1           0             0                0                  
62     27         2          2             2           1             1                0                  
63     16         0          0             0           0             0                0                  
64     27         3          3             3           0             0                0                  
65     30         3          3             3           1             1                0                  
66     28         1          1             1           0             0                0                  
67     41         7          7             7           5             5                2                  
68     33         3          3             3           1             1                0                  
69     30         4          4             4           2             2                1                  
70     43         4          4             3           2             2                1                  
71     25         0          0             0           0             0                0                  
72     18         1          1             1           0             0                0                  
73     28         3          3             3           1             1                0                  
74     15         0          0             0           0             0                0                  
75     19         2          2             2           2             2                1                  
76     32         4          4             4           2             1                0                  
77     30         2          2             2           2             1                1                  
78     30         3          3             3           2             2                2                  
79     18         0          0             0           0             0                0                  
80     29         3          3             3           2             2                2                  
----------------------------------------------------------------------------------
SUM    2263       197        197           187         106           101              38                 
----------------------------------------------------------------------------------

 Total Ripple Number: &

 Detection parameters:
     maximum_peak:    4
     maxRippleLength: 100
     detection_peaks: peaks
     num_peaks:       3
