Trial  Det1_2SD   Det2_4SD   Det3_MaxLen   Det4_Join   Det5_Cycles   68               101                
t6_Artif_Rej Det7_Spctr_Peak 1      30         2          2             2           0             0                0                  
2      22         1          1             1           0             0                0                  
3      25         0          0             0           0             0                0                  
4      27         1          1             1           0             0                0                  
5      27         0          0             0           0             0                0                  
6      38         0          0             0           0             0                0                  
7      32         4          4             3           2             2                0                  
8      39         4          4             4           2             2                0                  
9      30         5          5             5           3             3                0                  
10     28         1          1             1           1             1                0                  
11     25         1          1             1           0             0                0                  
12     33         1          1             1           0             0                0                  
13     41         2          2             2           0             0                0                  
14     25         1          1             1           1             1                1                  
15     25         3          3             3           3             3                1                  
16     25         1          1             1           1             1                0                  
17     23         0          0             0           0             0                0                  
18     31         3          3             2           1             1                0                  
19     35         3          3             3           1             1                1                  
20     23         1          1             1           0             0                0                  
21     36         3          3             2           1             1                0                  
22     25         0          0             0           0             0                0                  
23     29         1          1             1           1             1                1                  
24     22         0          0             0           0             0                0                  
25     29         6          6             4           2             2                1                  
26     33         2          2             2           1             1                1                  
27     31         2          2             2           1             1                1                  
28     25         1          1             1           1             1                1                  
29     23         2          2             2           0             0                0                  
30     40         6          6             6           5             4                1                  
31     38         1          1             1           1             1                1                  
32     26         0          0             0           0             0                0                  
33     30         2          2             2           0             0                0                  
34     27         1          1             1           0             0                0                  
35     31         1          1             1           1             1                1                  
36     29         2          2             2           1             1                1                  
37     30         0          0             0           0             0                0                  
38     34         2          2             2           0             0                0                  
39     29         0          0             0           0             0                0                  
40     25         0          0             0           0             0                0                  
41     15         0          0             0           0             0                0                  
42     19         0          0             0           0             0                0                  
43     33         0          0             0           0             0                0                  
44     31         1          1             1           0             0                0                  
45     26         1          1             1           0             0                0                  
46     28         0          0             0           0             0                0                  
47     22         0          0             0           0             0                0                  
48     22         1          1             1           0             0                0                  
49     32         2          2             2           1             1                0                  
50     47         2          2             2           0             0                0                  
51     26         1          1             1           1             1                1                  
52     27         2          2             2           1             1                1                  
53     32         3          3             3           0             0                0                  
54     27         3          3             3           0             0                0                  
55     27         2          2             2           0             0                0                  
56     32         1          1             1           0             0                0                  
57     43         4          4             4           2             2                1                  
58     42         2          2             2           1             1                1                  
59     22         1          1             1           0             0                0                  
60     30         3          3             3           3             3                2                  
61     21         1          1             1           1             1                1                  
62     37         0          0             0           0             0                0                  
63     34         0          0             0           0             0                0                  
64     25         0          0             0           0             0                0                  
65     28         1          1             1           0             0                0                  
66     26         1          1             1           0             0                0                  
67     41         6          6             6           3             3                2                  
68     32         2          2             2           1             1                1                  
69     30         2          2             2           1             1                1                  
70     30         3          3             2           1             1                0                  
71     28         0          0             0           0             0                0                  
72     22         1          1             1           0             0                0                  
73     43         1          1             1           0             0                0                  
74     32         2          2             2           0             0                0                  
75     25         3          3             3           1             1                0                  
76     30         6          6             6           4             3                2                  
77     27         6          6             6           3             2                0                  
78     24         0          0             0           0             0                0                  
79     31         0          0             0           0             0                0                  
80     22         2          2             2           1             1                1                  
----------------------------------------------------------------------------------
SUM    2347       132        132           126         55            52               26                 
----------------------------------------------------------------------------------

 Total Ripple Number: 

 Detection parameters:
     maximum_peak:    4
     maxRippleLength: 100
     detection_peaks: peaks
     num_peaks:       3
