Trial  Det1_2SD   Det2_4SD   Det3_MaxLen   Det4_Join   Det5_Cycles   68               101                
t6_Artif_Rej Det7_Spctr_Peak 1      18         0          0             0           0             0                0                  
2      8          0          0             0           0             0                0                  
3      9          0          0             0           0             0                0                  
4      9          0          0             0           0             0                0                  
5      11         0          0             0           0             0                0                  
6      8          1          1             1           0             0                0                  
7      18         2          2             2           0             0                0                  
8      21         0          0             0           0             0                0                  
9      20         3          3             3           2             2                2                  
10     18         4          4             4           2             2                1                  
11     12         0          0             0           0             0                0                  
12     26         3          3             3           2             2                1                  
13     35         5          5             5           3             3                3                  
14     26         1          1             1           0             0                0                  
15     31         3          3             3           2             2                2                  
16     21         3          3             3           2             2                2                  
17     26         4          4             4           2             2                1                  
18     24         4          4             3           2             2                1                  
19     28         4          4             4           1             1                1                  
20     20         4          4             4           2             2                1                  
21     33         6          6             6           1             0                0                  
22     20         1          1             1           0             0                0                  
23     24         2          2             2           0             0                0                  
24     23         2          2             2           1             1                0                  
25     31         4          4             4           1             1                1                  
26     27         4          4             4           1             1                1                  
27     24         1          1             1           0             0                0                  
28     39         2          2             2           0             0                0                  
29     33         6          6             5           4             4                1                  
30     40         11         11            11          4             4                2                  
31     28         4          4             4           3             3                3                  
32     37         2          2             2           0             0                0                  
33     32         4          4             4           3             3                1                  
34     31         4          4             4           3             3                2                  
35     36         4          4             4           2             2                2                  
36     26         4          4             4           3             3                2                  
37     29         2          2             2           2             2                1                  
38     33         3          3             2           2             2                2                  
39     21         0          0             0           0             0                0                  
40     33         2          2             2           0             0                0                  
41     22         3          3             3           1             1                1                  
42     18         2          2             2           1             1                1                  
43     10         0          0             0           0             0                0                  
44     14         1          1             1           0             0                0                  
45     22         0          0             0           0             0                0                  
46     27         2          2             2           2             2                2                  
47     26         5          5             5           3             3                3                  
48     21         0          0             0           0             0                0                  
49     17         1          1             1           0             0                0                  
50     38         9          9             8           6             6                3                  
51     29         5          5             5           2             2                1                  
52     29         2          2             2           0             0                0                  
53     30         2          2             2           0             0                0                  
54     50         5          5             5           2             2                1                  
55     38         4          4             4           2             2                1                  
56     27         5          5             5           3             3                0                  
57     43         12         12            12          6             6                2                  
58     46         12         12            12          7             7                2                  
59     25         2          2             2           0             0                0                  
60     26         4          4             3           2             2                1                  
61     35         2          2             2           1             1                1                  
62     21         2          2             2           1             1                1                  
63     17         1          1             1           1             1                1                  
64     25         0          0             0           0             0                0                  
65     28         3          3             3           2             2                2                  
66     32         5          5             5           2             2                0                  
67     46         11         11            11          6             5                1                  
68     30         5          5             5           1             1                0                  
69     20         2          2             2           0             0                0                  
70     23         1          1             1           0             0                0                  
71     19         1          1             1           0             0                0                  
72     13         1          1             1           0             0                0                  
73     20         0          0             0           0             0                0                  
74     16         0          0             0           0             0                0                  
75     28         1          1             1           0             0                0                  
76     35         8          8             8           3             2                1                  
77     22         3          3             3           1             0                0                  
78     22         1          1             1           0             0                0                  
79     15         1          1             1           0             0                0                  
80     33         1          1             1           1             1                1                  
----------------------------------------------------------------------------------
SUM    2047       234        234           229         106           102              59                 
----------------------------------------------------------------------------------

 Total Ripple Number: ;

 Detection parameters:
     maximum_peak:    4
     maxRippleLength: 100
     detection_peaks: peaks
     num_peaks:       3
