Trial  Det1_2SD   Det2_4SD   Det3_MaxLen   Det4_Join   Det5_Cycles   68               101                
t6_Artif_Rej Det7_Spctr_Peak 1      29         0          0             0           0             0                0                  
2      28         0          0             0           0             0                0                  
3      19         1          1             1           0             0                0                  
4      21         2          2             2           1             1                1                  
5      20         0          0             0           0             0                0                  
6      23         0          0             0           0             0                0                  
7      27         3          3             3           2             2                1                  
8      28         0          0             0           0             0                0                  
9      29         2          2             2           0             0                0                  
10     31         2          2             2           0             0                0                  
11     35         2          2             2           0             0                0                  
12     25         2          2             2           1             1                1                  
13     27         0          0             0           0             0                0                  
14     24         0          0             0           0             0                0                  
15     31         1          1             1           1             1                1                  
16     23         1          1             1           0             0                0                  
17     32         1          1             1           0             0                0                  
18     28         0          0             0           0             0                0                  
19     27         0          0             0           0             0                0                  
20     20         0          0             0           0             0                0                  
21     25         2          2             1           1             1                1                  
22     20         1          1             1           0             0                0                  
23     23         2          2             2           0             0                0                  
24     23         0          0             0           0             0                0                  
25     30         1          1             1           0             0                0                  
26     41         1          1             1           0             0                0                  
27     28         2          2             2           1             1                1                  
28     38         1          1             1           0             0                0                  
29     21         0          0             0           0             0                0                  
30     21         1          1             1           0             0                0                  
31     24         0          0             0           0             0                0                  
32     36         2          2             2           1             1                0                  
33     30         3          3             3           0             0                0                  
34     27         1          1             1           0             0                0                  
35     31         2          2             2           0             0                0                  
36     29         0          0             0           0             0                0                  
37     31         0          0             0           0             0                0                  
38     44         1          1             1           1             1                0                  
39     26         1          1             1           1             1                0                  
40     27         0          0             0           0             0                0                  
41     26         1          1             1           0             0                0                  
42     37         2          2             2           1             1                1                  
43     30         1          1             1           0             0                0                  
44     31         0          0             0           0             0                0                  
45     20         0          0             0           0             0                0                  
46     24         0          0             0           0             0                0                  
47     33         0          0             0           0             0                0                  
48     39         1          1             1           0             0                0                  
49     40         1          1             1           0             0                0                  
50     31         1          1             1           1             1                0                  
51     30         0          0             0           0             0                0                  
52     32         0          0             0           0             0                0                  
53     25         0          0             0           0             0                0                  
54     26         2          2             2           0             0                0                  
55     38         2          2             2           1             1                0                  
56     36         1          1             1           0             0                0                  
57     39         4          4             4           2             2                2                  
58     35         2          2             2           0             0                0                  
59     21         0          0             0           0             0                0                  
60     28         0          0             0           0             0                0                  
61     32         1          1             1           0             0                0                  
62     32         2          2             2           0             0                0                  
63     24         0          0             0           0             0                0                  
64     24         0          0             0           0             0                0                  
65     19         0          0             0           0             0                0                  
66     23         0          0             0           0             0                0                  
67     32         3          3             3           1             1                0                  
68     25         1          1             1           0             0                0                  
69     31         1          1             1           0             0                0                  
70     27         0          0             0           0             0                0                  
71     22         0          0             0           0             0                0                  
72     28         0          0             0           0             0                0                  
73     30         1          1             1           0             0                0                  
74     28         1          1             1           0             0                0                  
75     28         1          1             1           0             0                0                  
76     30         1          1             1           1             0                0                  
77     23         1          1             1           1             0                0                  
78     27         1          1             1           1             1                1                  
79     36         1          1             1           0             0                0                  
80     32         1          1             1           1             1                0                  
----------------------------------------------------------------------------------
SUM    2276       72         72            71          20            18               10                 
----------------------------------------------------------------------------------

 Total Ripple Number: 


 Detection parameters:
     maximum_peak:    4
     maxRippleLength: 100
     detection_peaks: peaks
     num_peaks:       3
