Trial  Det1_2SD   Det2_4SD   Det3_MaxLen   Det4_Join   Det5_Cycles   68               101                
t6_Artif_Rej Det7_Spctr_Peak 1      25         0          0             0           0             0                0                  
2      30         1          1             1           0             0                0                  
3      30         0          0             0           0             0                0                  
4      34         1          1             1           1             1                1                  
5      26         0          0             0           0             0                0                  
6      23         1          1             1           0             0                0                  
7      23         2          2             2           1             1                0                  
8      18         2          2             2           0             0                0                  
9      24         1          1             1           0             0                0                  
10     35         0          0             0           0             0                0                  
11     33         2          2             2           1             1                1                  
12     21         0          0             0           0             0                0                  
13     29         2          2             2           0             0                0                  
14     22         0          0             0           0             0                0                  
15     24         0          0             0           0             0                0                  
16     23         2          2             2           0             0                0                  
17     28         2          2             2           1             1                1                  
18     30         4          4             4           3             3                3                  
19     27         2          2             2           2             2                1                  
20     28         0          0             0           0             0                0                  
21     31         2          2             2           1             1                0                  
22     28         0          0             0           0             0                0                  
23     25         1          1             1           0             0                0                  
24     24         0          0             0           0             0                0                  
25     23         1          1             1           0             0                0                  
26     23         1          1             1           1             1                1                  
27     33         1          1             1           1             1                1                  
28     26         0          0             0           0             0                0                  
29     20         1          1             1           1             1                0                  
30     37         2          2             2           1             1                0                  
31     31         1          1             1           0             0                0                  
32     35         0          0             0           0             0                0                  
33     27         0          0             0           0             0                0                  
34     25         1          1             1           0             0                0                  
35     31         0          0             0           0             0                0                  
36     27         0          0             0           0             0                0                  
37     31         1          1             1           0             0                0                  
38     28         0          0             0           0             0                0                  
39     34         2          2             2           1             1                0                  
40     26         0          0             0           0             0                0                  
41     34         1          1             1           0             0                0                  
42     28         0          0             0           0             0                0                  
43     32         2          2             2           0             0                0                  
44     27         1          1             1           0             0                0                  
45     20         1          1             1           1             1                1                  
46     25         1          1             1           1             1                1                  
47     24         0          0             0           0             0                0                  
48     23         0          0             0           0             0                0                  
49     29         1          1             1           0             0                0                  
50     24         2          2             2           0             0                0                  
51     35         3          3             3           1             1                0                  
52     36         2          2             2           1             1                0                  
53     25         0          0             0           0             0                0                  
54     37         0          0             0           0             0                0                  
55     38         0          0             0           0             0                0                  
56     27         1          1             1           0             0                0                  
57     36         1          1             1           0             0                0                  
58     43         2          2             2           0             0                0                  
59     28         1          1             1           1             1                1                  
60     24         1          1             1           0             0                0                  
61     35         0          0             0           0             0                0                  
62     24         1          1             1           1             1                1                  
63     22         1          1             1           1             1                1                  
64     23         0          0             0           0             0                0                  
65     26         1          1             1           1             1                1                  
66     29         0          0             0           0             0                0                  
67     26         1          1             1           0             0                0                  
68     29         1          1             1           0             0                0                  
69     33         1          1             1           0             0                0                  
70     39         3          3             3           0             0                0                  
71     32         1          1             1           0             0                0                  
72     22         0          0             0           0             0                0                  
73     29         1          1             1           0             0                0                  
74     25         0          0             0           0             0                0                  
75     23         0          0             0           0             0                0                  
76     29         1          1             1           0             0                0                  
77     22         0          0             0           0             0                0                  
78     33         1          1             1           1             1                0                  
79     32         1          1             1           0             0                0                  
80     29         2          2             2           1             1                1                  
----------------------------------------------------------------------------------
SUM    2255       72         72            72          25            25               16                 
----------------------------------------------------------------------------------

 Total Ripple Number: 

 Detection parameters:
     maximum_peak:    4
     maxRippleLength: 100
     detection_peaks: peaks
     num_peaks:       3
