Trial  Det1_2SD   Det2_4SD   Det3_MaxLen   Det4_Join   Det5_Cycles   68               101                
t6_Artif_Rej Det7_Spctr_Peak 1      24         0          0             0           0             0                0                  
2      30         0          0             0           0             0                0                  
3      29         2          2             2           2             2                2                  
4      25         0          0             0           0             0                0                  
5      23         0          0             0           0             0                0                  
6      30         3          3             3           0             0                0                  
7      29         0          0             0           0             0                0                  
8      20         0          0             0           0             0                0                  
9      28         2          2             2           0             0                0                  
10     24         0          0             0           0             0                0                  
11     35         2          2             2           0             0                0                  
12     28         1          1             1           1             1                1                  
13     27         2          2             2           1             1                1                  
14     23         0          0             0           0             0                0                  
15     24         0          0             0           0             0                0                  
16     22         0          0             0           0             0                0                  
17     22         1          1             1           0             0                0                  
18     24         3          3             3           1             1                1                  
19     34         2          2             2           1             1                0                  
20     22         0          0             0           0             0                0                  
21     23         1          1             1           0             0                0                  
22     26         1          1             1           1             1                1                  
23     26         0          0             0           0             0                0                  
24     25         0          0             0           0             0                0                  
25     23         1          1             1           0             0                0                  
26     23         3          3             3           1             1                1                  
27     32         2          2             2           1             1                1                  
28     26         1          1             1           1             1                1                  
29     21         0          0             0           0             0                0                  
30     40         3          3             3           2             2                1                  
31     31         1          1             1           0             0                0                  
32     34         2          2             2           0             0                0                  
33     23         0          0             0           0             0                0                  
34     22         0          0             0           0             0                0                  
35     18         1          1             1           0             0                0                  
36     31         1          1             1           0             0                0                  
37     22         0          0             0           0             0                0                  
38     32         1          1             1           1             1                1                  
39     35         2          2             2           2             2                2                  
40     18         0          0             0           0             0                0                  
41     22         0          0             0           0             0                0                  
42     29         0          0             0           0             0                0                  
43     37         1          1             1           0             0                0                  
44     27         1          1             1           0             0                0                  
45     18         0          0             0           0             0                0                  
46     33         0          0             0           0             0                0                  
47     32         0          0             0           0             0                0                  
48     28         1          1             1           1             1                0                  
49     23         1          1             1           1             1                1                  
50     35         1          1             1           1             1                1                  
51     43         2          2             2           1             1                1                  
52     37         2          2             2           2             2                1                  
53     22         1          1             1           0             0                0                  
54     38         1          1             1           0             0                0                  
55     34         0          0             0           0             0                0                  
56     30         2          2             2           1             1                1                  
57     30         1          1             1           1             0                0                  
58     39         1          1             1           1             0                0                  
59     23         0          0             0           0             0                0                  
60     20         0          0             0           0             0                0                  
61     37         1          1             1           1             1                1                  
62     28         1          1             1           1             1                1                  
63     26         2          2             2           1             1                1                  
64     31         3          3             3           0             0                0                  
65     33         2          2             2           0             0                0                  
66     24         2          2             2           1             1                0                  
67     27         3          3             3           1             1                0                  
68     23         0          0             0           0             0                0                  
69     32         1          1             1           1             1                1                  
70     45         3          3             3           2             2                1                  
71     33         2          2             2           1             1                0                  
72     19         0          0             0           0             0                0                  
73     22         0          0             0           0             0                0                  
74     35         2          2             2           0             0                0                  
75     26         2          2             2           1             1                1                  
76     26         1          1             1           0             0                0                  
77     27         1          1             1           0             0                0                  
78     26         3          3             3           1             1                1                  
79     30         1          1             1           1             1                1                  
80     23         1          1             1           0             0                0                  
----------------------------------------------------------------------------------
SUM    2227       84         84            84          36            34               26                 
----------------------------------------------------------------------------------

 Total Ripple Number: 

 Detection parameters:
     maximum_peak:    4
     maxRippleLength: 100
     detection_peaks: peaks
     num_peaks:       3
