Trial  Det1_2SD   Det2_4SD   Det3_MaxLen   Det4_Join   Det5_Cycles   68               101                
t6_Artif_Rej Det7_Spctr_Peak 1      35         0          0             0           0             0                0                  
2      36         2          2             2           0             0                0                  
3      30         1          1             1           0             0                0                  
4      28         1          1             1           0             0                0                  
5      31         1          1             1           0             0                0                  
6      24         1          1             1           0             0                0                  
7      28         3          3             3           1             1                1                  
8      21         1          1             1           0             0                0                  
9      26         1          1             1           0             0                0                  
10     34         2          2             2           0             0                0                  
11     49         3          3             3           0             0                0                  
12     24         2          2             2           1             1                1                  
13     23         1          1             1           1             1                0                  
14     31         0          0             0           0             0                0                  
15     19         0          0             0           0             0                0                  
16     21         0          0             0           0             0                0                  
17     19         1          1             1           0             0                0                  
18     30         4          4             4           1             1                1                  
19     29         0          0             0           0             0                0                  
20     27         2          2             2           0             0                0                  
21     19         2          2             2           0             0                0                  
22     29         1          1             1           0             0                0                  
23     22         1          1             1           0             0                0                  
24     20         0          0             0           0             0                0                  
25     28         2          2             2           0             0                0                  
26     21         2          2             2           1             1                0                  
27     27         1          1             1           0             0                0                  
28     30         0          0             0           0             0                0                  
29     17         0          0             0           0             0                0                  
30     24         3          3             3           1             1                0                  
31     31         1          1             1           0             0                0                  
32     25         1          1             1           0             0                0                  
33     21         0          0             0           0             0                0                  
34     20         0          0             0           0             0                0                  
35     31         0          0             0           0             0                0                  
36     33         0          0             0           0             0                0                  
37     30         1          1             1           1             1                1                  
38     22         3          3             3           2             2                2                  
39     24         1          1             1           0             0                0                  
40     32         0          0             0           0             0                0                  
41     22         0          0             0           0             0                0                  
42     27         0          0             0           0             0                0                  
43     34         1          1             1           0             0                0                  
44     26         1          1             1           0             0                0                  
45     28         1          1             1           0             0                0                  
46     27         1          1             1           1             1                0                  
47     28         0          0             0           0             0                0                  
48     34         0          0             0           0             0                0                  
49     30         1          1             1           0             0                0                  
50     25         1          1             1           1             1                1                  
51     47         3          3             3           1             1                0                  
52     41         3          3             3           1             1                0                  
53     30         1          1             1           0             0                0                  
54     27         3          3             3           0             0                0                  
55     34         1          1             1           0             0                0                  
56     25         1          1             1           1             1                0                  
57     30         3          3             3           1             1                0                  
58     32         2          2             2           1             1                0                  
59     26         1          1             1           1             1                1                  
60     28         1          1             1           0             0                0                  
61     37         2          2             2           0             0                0                  
62     29         1          1             1           1             1                0                  
63     27         1          1             1           0             0                0                  
64     23         2          2             2           0             0                0                  
65     27         1          1             1           0             0                0                  
66     18         0          0             0           0             0                0                  
67     23         2          2             2           1             1                1                  
68     18         1          1             1           0             0                0                  
69     34         2          2             2           1             1                1                  
70     40         2          2             2           0             0                0                  
71     35         2          2             2           0             0                0                  
72     25         2          2             1           1             1                1                  
73     32         1          1             1           1             0                0                  
74     26         2          2             2           1             1                0                  
75     22         0          0             0           0             0                0                  
76     34         2          2             2           1             0                0                  
77     25         2          2             2           1             0                0                  
78     42         2          2             2           1             1                0                  
79     43         2          2             2           1             1                1                  
80     28         0          0             0           0             0                0                  
----------------------------------------------------------------------------------
SUM    2260       99         99            98          27            24               12                 
----------------------------------------------------------------------------------

 Total Ripple Number: 

 Detection parameters:
     maximum_peak:    4
     maxRippleLength: 100
     detection_peaks: peaks
     num_peaks:       3
