Trial  Det1_2SD   Det2_4SD   Det3_MaxLen   Det4_Join   Det5_Cycles   68               101                
t6_Artif_Rej Det7_Spctr_Peak 1      34         1          1             1           0             0                0                  
2      38         2          2             2           0             0                0                  
3      35         1          1             1           1             1                0                  
4      35         0          0             0           0             0                0                  
5      29         0          0             0           0             0                0                  
6      29         0          0             0           0             0                0                  
7      28         0          0             0           0             0                0                  
8      24         0          0             0           0             0                0                  
9      25         1          1             1           0             0                0                  
10     30         2          2             2           0             0                0                  
11     36         1          1             1           1             1                1                  
12     20         1          1             1           0             0                0                  
13     29         1          1             1           1             1                0                  
14     27         2          2             2           0             0                0                  
15     31         0          0             0           0             0                0                  
16     31         0          0             0           0             0                0                  
17     37         0          0             0           0             0                0                  
18     34         0          0             0           0             0                0                  
19     25         0          0             0           0             0                0                  
20     19         0          0             0           0             0                0                  
21     18         2          2             2           0             0                0                  
22     34         0          0             0           0             0                0                  
23     25         1          1             1           0             0                0                  
24     17         0          0             0           0             0                0                  
25     25         1          1             1           1             1                1                  
26     39         1          1             1           1             1                1                  
27     22         0          0             0           0             0                0                  
28     19         1          1             1           0             0                0                  
29     14         0          0             0           0             0                0                  
30     19         0          0             0           0             0                0                  
31     34         1          1             1           1             1                1                  
32     28         1          1             1           1             1                1                  
33     20         0          0             0           0             0                0                  
34     15         0          0             0           0             0                0                  
35     24         0          0             0           0             0                0                  
36     25         0          0             0           0             0                0                  
37     28         0          0             0           0             0                0                  
38     30         1          1             1           0             0                0                  
39     29         0          0             0           0             0                0                  
40     25         1          1             1           0             0                0                  
41     29         1          1             1           0             0                0                  
42     43         1          1             1           1             1                1                  
43     44         1          1             1           0             0                0                  
44     30         1          1             1           0             0                0                  
45     25         1          1             1           0             0                0                  
46     21         0          0             0           0             0                0                  
47     22         0          0             0           0             0                0                  
48     22         0          0             0           0             0                0                  
49     34         1          1             1           1             1                1                  
50     29         0          0             0           0             0                0                  
51     28         1          1             1           1             1                1                  
52     33         0          0             0           0             0                0                  
53     25         0          0             0           0             0                0                  
54     30         1          1             1           1             1                1                  
55     36         1          1             1           0             0                0                  
56     23         0          0             0           0             0                0                  
57     20         0          0             0           0             0                0                  
58     26         1          1             1           0             0                0                  
59     23         2          2             2           1             1                1                  
60     23         0          0             0           0             0                0                  
61     30         0          0             0           0             0                0                  
62     33         3          3             3           1             1                0                  
63     25         2          2             2           2             2                1                  
64     26         1          1             1           0             0                0                  
65     27         1          1             1           0             0                0                  
66     31         2          2             2           0             0                0                  
67     27         2          2             2           0             0                0                  
68     26         1          1             1           0             0                0                  
69     38         1          1             1           0             0                0                  
70     46         1          1             1           1             1                1                  
71     31         1          1             1           1             1                1                  
72     37         1          1             1           0             0                0                  
73     46         0          0             0           0             0                0                  
74     34         0          0             0           0             0                0                  
75     35         1          1             1           0             0                0                  
76     26         2          2             2           0             0                0                  
77     26         0          0             0           0             0                0                  
78     36         1          1             1           0             0                0                  
79     29         1          1             1           0             0                0                  
80     27         2          2             2           0             0                0                  
----------------------------------------------------------------------------------
SUM    2288       57         57            57          17            17               13                 
----------------------------------------------------------------------------------

 Total Ripple Number: 

 Detection parameters:
     maximum_peak:    4
     maxRippleLength: 100
     detection_peaks: peaks
     num_peaks:       3
