Trial  Det1_2SD   Det2_4SD   Det3_MaxLen   Det4_Join   Det5_Cycles   68               101                

t6_Artif_Rej Det7_Spctr_Peak 1      31         6          6             6           1             1                1                  
2      33         8          8             8           0             0                0                  
3      46         14         14            13          4             4                1                  
4      45         9          9             8           6             6                3                  
5      39         6          6             6           4             3                2                  
6      53         10         10            10          3             2                2                  
7      42         9          9             8           3             3                2                  
8      32         10         10            9           4             3                2                  
9      30         6          6             6           2             2                2                  
10     41         5          5             5           2             2                2                  
11     50         15         15            14          9             8                2                  
12     43         14         14            12          9             8                1                  
13     57         34         34            22          14            13               5                  
14     47         17         17            15          9             8                4                  
15     36         4          4             4           2             1                1                  
16     33         5          5             5           2             2                1                  
17     38         11         11            11          3             3                2                  
18     41         12         12            12          3             3                2                  
19     34         10         10            10          3             3                2                  
20     26         1          1             1           0             0                0                  
21     36         7          7             6           5             4                2                  
22     33         5          5             5           3             3                3                  
23     39         5          5             5           0             0                0                  
24     34         6          6             6           1             1                1                  
25     52         14         14            11          4             3                0                  
26     50         17         17            16          6             5                3                  
27     40         15         15            14          8             7                4                  
28     33         7          7             7           4             4                3                  
29     46         23         23            17          13            12               4                  
30     59         32         32            24          16            15               8                  
31     38         13         13            11          7             6                5                  
32     66         24         24            15          12            11               6                  
33     58         20         20            12          9             8                4                  
34     32         5          5             5           2             1                1                  
35     40         10         10            9           4             3                2                  
36     68         37         37            27          22            21               7                  
37     46         19         19            16          12            11               4                  
38     45         19         19            16          7             6                1                  
39     46         17         17            14          10            9                2                  
40     32         5          5             5           3             2                1                  
41     40         9          9             8           4             3                3                  
42     27         8          8             8           1             0                0                  
43     23         7          7             7           0             0                0                  
44     29         4          4             4           1             0                0                  
45     28         7          7             7           3             2                2                  
46     28         8          8             8           3             3                3                  
47     36         11         11            11          3             3                2                  
48     54         21         21            19          10            9                5                  
49     65         24         24            21          11            10               6                  
50     36         11         11            11          4             3                3                  
51     30         10         10            10          5             5                4                  
52     35         8          8             8           4             4                3                  
53     42         10         10            10          5             4                4                  
54     41         14         14            14          5             4                4                  
55     40         11         11            11          3             3                3                  
56     48         13         13            12          4             3                2                  
57     43         12         12            11          5             4                3                  
58     54         30         30            25          15            14               3                  
59     57         33         33            27          20            19               5                  
60     39         11         11            11          7             6                2                  
61     32         3          3             3           2             2                2                  
62     29         5          5             5           2             1                1                  
63     34         7          7             7           2             2                1                  
64     53         17         17            16          10            9                4                  
65     51         16         16            15          7             6                2                  
66     41         14         14            14          7             6                5                  
67     58         24         24            20          16            15               9                  
68     50         19         19            16          11            10               4                  
69     47         18         17            14          5             4                2                  
70     53         18         18            17          10            9                7                  
71     48         13         13            12          9             8                6                  
72     29         6          6             6           3             2                1                  
73     29         6          6             6           3             2                1                  
74     42         18         18            17          8             7                1                  
75     70         36         36            31          24            23               4                  
76     76         43         43            36          24            23               6                  
77     75         46         46            35          24            23               10                 
78     60         30         30            23          14            13               7                  
79     51         21         21            20          10            9                6                  
80     55         26         26            24          13            12               6                  
----------------------------------------------------------------------------------
SUM    3468       1154       1153          1006        548           492              240                

----------------------------------------------------------------------------------

 Total Ripple Number: 240

 Detection parameters:
     maximum_peak:    3
     maxRippleLength: 100
     detection_peaks: thrsh
     num_peaks:       3
