Trial  Det1_2SD   Det2_4SD   Det3_MaxLen   Det4_Join   Det5_Cycles   68               101                
t6_Artif_Rej Det7_Spctr_Peak 1      26         5          5             5           4             4                2                  
2      44         11         11            11          3             3                2                  
3      51         11         11            11          2             2                1                  
4      39         8          8             8           1             1                0                  
5      40         13         13            13          3             3                1                  
6      46         15         15            15          2             2                2                  
7      38         10         10            10          4             4                3                  
8      36         10         10            9           3             3                2                  
9      45         14         14            14          4             4                0                  
10     48         15         15            15          4             4                1                  
11     36         11         11            11          5             5                3                  
12     27         10         10            9           4             4                1                  
13     43         9          9             8           4             4                2                  
14     42         6          6             6           3             3                0                  
15     47         11         11            11          3             3                1                  
16     40         8          8             8           2             2                0                  
17     39         8          8             8           2             2                1                  
18     41         12         12            12          3             3                1                  
19     40         9          9             9           3             3                3                  
20     39         15         15            15          5             5                3                  
21     53         15         15            15          7             7                2                  
22     30         8          8             8           1             1                1                  
23     34         11         11            10          3             2                2                  
24     46         16         16            16          8             8                5                  
25     32         11         11            10          5             4                3                  
26     44         16         16            16          8             8                2                  
27     28         11         11            11          4             4                1                  
28     46         16         16            16          6             5                3                  
29     34         6          6             6           1             1                1                  
30     49         17         17            17          6             5                1                  
31     40         11         11            11          4             4                3                  
32     50         15         15            15          5             5                1                  
33     48         14         14            14          4             4                1                  
34     37         4          4             4           3             3                1                  
35     29         4          4             4           0             0                0                  
36     37         5          5             5           2             2                1                  
37     48         6          6             6           4             4                3                  
38     53         12         12            12          5             5                3                  
39     44         10         10            10          2             2                1                  
40     39         9          9             9           1             1                0                  
41     27         7          7             7           0             0                0                  
42     32         10         10            10          2             2                0                  
43     46         10         10            10          3             3                2                  
44     36         6          6             6           3             3                1                  
45     41         9          9             9           3             3                0                  
46     55         19         19            19          4             4                3                  
47     34         6          6             6           0             0                0                  
48     29         7          7             7           4             4                2                  
49     41         11         11            10          2             2                0                  
50     35         9          9             9           3             3                0                  
51     40         12         12            12          6             6                3                  
52     23         6          6             6           3             3                2                  
53     41         14         14            13          6             6                2                  
54     47         18         18            17          10            10               4                  
55     48         14         14            14          8             7                2                  
56     41         16         16            15          3             2                0                  
57     39         13         13            12          5             5                0                  
58     41         9          9             9           4             4                0                  
59     53         13         13            12          2             2                0                  
60     43         10         10            10          6             6                1                  
61     42         13         13            13          7             7                2                  
62     26         3          3             3           1             1                1                  
63     40         10         10            10          1             1                1                  
64     43         13         13            13          3             3                1                  
65     42         8          8             8           0             0                0                  
66     50         6          6             6           1             1                1                  
67     35         11         11            11          2             2                1                  
68     43         11         11            11          1             1                1                  
69     36         10         10            10          3             3                2                  
70     45         9          9             8           3             3                1                  
71     42         14         14            13          2             2                0                  
72     41         15         15            14          1             1                0                  
73     52         22         22            22          4             4                1                  
74     49         18         18            18          6             6                0                  
75     48         16         16            16          4             4                1                  
76     46         13         13            13          3             2                1                  
77     35         11         11            11          3             2                1                  
78     42         8          8             8           0             0                0                  
79     39         10         10            10          3             3                0                  
80     32         8          8             8           4             4                0                  
----------------------------------------------------------------------------------
SUM    3248       876        876           862         272           264              101                
----------------------------------------------------------------------------------

 Total Ripple Number: e

 Detection parameters:
     maximum_peak:    3
     maxRippleLength: 100
     detection_peaks: thrsh
     num_peaks:       3
