Trial  Det1_2SD   Det2_4SD   Det3_MaxLen   Det4_Join   Det5_Cycles   68               101                

t6_Artif_Rej Det7_Spctr_Peak 1      42         5          5             5           3             3                1                  
2      52         11         11            11          4             4                3                  
3      59         16         16            15          5             5                2                  
4      47         9          9             9           2             2                1                  
5      43         9          9             8           4             4                1                  
6      29         2          2             2           1             1                0                  
7      40         10         10            10          7             7                1                  
8      49         8          8             8           4             4                1                  
9      35         4          4             4           1             1                0                  
10     38         6          6             6           1             1                0                  
11     29         9          9             9           1             1                0                  
12     31         4          4             4           1             1                0                  
13     40         8          8             8           2             2                1                  
14     27         2          2             2           0             0                0                  
15     30         3          3             3           1             1                0                  
16     40         10         10            10          5             5                3                  
17     38         9          9             9           4             4                1                  
18     41         11         11            11          2             2                1                  
19     32         3          3             3           1             1                0                  
20     27         5          5             5           3             3                2                  
21     46         10         10            10          4             4                0                  
22     37         6          6             6           5             5                2                  
23     38         9          9             9           3             3                0                  
24     39         14         14            14          4             4                2                  
25     46         13         13            13          2             1                0                  
26     38         9          9             9           3             3                0                  
27     32         6          6             6           5             5                2                  
28     38         8          8             8           6             6                4                  
29     27         6          6             6           3             3                3                  
30     59         25         25            23          14            14               4                  
31     33         9          9             8           4             4                1                  
32     21         3          3             3           2             2                0                  
33     43         11         11            10          5             5                0                  
34     48         8          8             7           5             5                0                  
35     25         2          2             2           1             0                0                  
36     51         17         17            15          9             9                2                  
37     49         14         14            14          8             8                2                  
38     41         6          6             6           3             3                2                  
39     27         8          8             8           3             3                1                  
40     27         8          8             8           2             2                0                  
41     34         9          9             9           5             5                2                  
42     25         6          6             6           0             0                0                  
43     15         0          0             0           0             0                0                  
44     25         6          6             6           2             2                1                  
45     25         5          5             4           2             2                1                  
46     50         14         14            13          7             7                3                  
47     39         12         12            12          3             3                0                  
48     48         10         10            10          4             4                1                  
49     36         5          5             5           1             1                0                  
50     48         9          9             9           2             2                1                  
51     56         10         10            10          3             3                2                  
52     26         6          6             6           2             2                0                  
53     31         7          7             7           4             4                1                  
54     22         3          3             3           2             2                1                  
55     29         6          6             6           1             1                0                  
56     36         10         10            10          2             2                0                  
57     34         9          9             9           4             4                0                  
58     28         9          9             9           2             2                0                  
59     37         7          7             6           4             4                0                  
60     24         7          7             7           3             3                0                  
61     21         6          6             6           3             3                1                  
62     33         11         11            11          4             4                0                  
63     29         7          7             7           1             1                1                  
64     34         9          9             9           3             3                1                  
65     35         6          6             6           2             2                0                  
66     55         9          9             9           1             1                0                  
67     46         11         11            11          4             4                0                  
68     33         9          9             9           2             2                1                  
69     20         4          4             4           1             1                0                  
70     33         10         10            10          6             6                3                  
71     61         16         16            16          12            12               4                  
72     48         11         11            11          8             8                1                  
73     32         11         11            11          7             7                3                  
74     34         7          7             7           4             4                2                  
75     52         5          5             5           1             1                1                  
76     53         10         10            9           3             3                1                  
77     36         11         11            11          3             3                2                  
78     30         7          7             7           0             0                0                  
79     38         13         13            13          3             3                2                  
80     34         6          6             6           3             3                2                  
----------------------------------------------------------------------------------
SUM    2959       665        665           652         267           265              81                 

----------------------------------------------------------------------------------

 Total Ripple Number: 81

 Detection parameters:
     maximum_peak:    3
     maxRippleLength: 100
     detection_peaks: thrsh
     num_peaks:       3
