Trial  Det1_2SD   Det2_4SD   Det3_MaxLen   Det4_Join   Det5_Cycles   68               101                

t6_Artif_Rej Det7_Spctr_Peak 1      33         3          3             3           0             0                0                  
2      41         5          5             5           1             1                1                  
3      38         11         11            11          2             2                0                  
4      34         11         11            11          3             3                0                  
5      29         2          2             2           0             0                0                  
6      39         6          6             6           1             1                0                  
7      35         7          7             7           2             2                2                  
8      47         13         13            13          6             6                5                  
9      37         7          7             7           1             1                1                  
10     43         4          4             4           1             1                1                  
11     41         6          6             6           2             2                1                  
12     40         8          8             8           2             2                2                  
13     30         3          3             3           1             1                1                  
14     29         3          3             3           2             2                2                  
15     45         11         11            11          2             2                1                  
16     47         11         11            11          2             2                1                  
17     48         8          8             8           2             2                1                  
18     31         6          6             6           2             2                1                  
19     26         3          3             3           1             1                1                  
20     25         6          6             6           0             0                0                  
21     31         4          4             4           1             1                1                  
22     32         7          7             7           3             3                2                  
23     31         7          7             7           3             3                1                  
24     42         9          9             9           2             2                0                  
25     44         10         10            10          2             2                2                  
26     31         3          3             3           2             2                1                  
27     38         6          6             6           2             2                2                  
28     44         8          8             8           2             2                1                  
29     43         6          6             6           2             2                1                  
30     30         5          5             5           2             2                0                  
31     33         11         11            11          5             5                3                  
32     37         8          8             8           3             3                2                  
33     48         10         10            10          2             2                0                  
34     52         19         19            19          4             4                1                  
35     19         2          2             2           0             0                0                  
36     32         6          6             6           1             1                0                  
37     56         15         15            15          7             7                1                  
38     54         14         14            14          2             2                0                  
39     33         2          2             2           0             0                0                  
40     45         10         10            10          5             5                2                  
41     37         9          9             9           3             3                1                  
42     40         5          5             5           3             3                1                  
43     33         4          4             4           1             1                1                  
44     29         4          4             4           1             1                1                  
45     40         7          7             7           3             3                2                  
46     52         15         15            15          1             1                0                  
47     33         7          7             7           4             4                2                  
48     43         9          9             9           3             3                1                  
49     48         8          8             7           4             4                1                  
50     37         4          4             4           1             1                0                  
51     45         7          7             7           2             2                0                  
52     42         4          4             4           1             1                0                  
53     41         8          8             8           4             4                3                  
54     26         5          5             5           0             0                0                  
55     36         7          7             7           4             4                0                  
56     34         3          3             3           1             1                0                  
57     39         9          9             9           3             2                1                  
58     33         10         10            10          5             4                3                  
59     44         10         10            10          3             3                3                  
60     36         6          6             6           2             2                1                  
61     34         6          6             6           1             1                0                  
62     42         10         10            10          2             2                1                  
63     26         7          7             7           3             3                2                  
64     37         7          7             7           2             2                0                  
65     40         11         11            11          3             3                1                  
66     51         13         13            13          3             3                1                  
67     51         20         20            20          7             7                3                  
68     36         9          9             9           6             6                1                  
69     32         5          5             5           4             4                1                  
70     43         6          6             6           4             4                2                  
71     49         9          9             9           4             4                2                  
72     55         7          7             7           2             2                0                  
73     40         11         11            11          3             3                2                  
74     45         11         11            11          3             3                1                  
75     55         16         16            16          5             5                1                  
76     53         11         11            11          5             5                2                  
77     45         10         10            10          2             2                2                  
78     34         4          4             4           0             0                0                  
79     43         11         11            11          0             0                0                  
80     48         15         15            15          5             5                1                  
----------------------------------------------------------------------------------
SUM    3140       636        636           635         196           194              85                 

----------------------------------------------------------------------------------

 Total Ripple Number: 85

 Detection parameters:
     maximum_peak:    3
     maxRippleLength: 100
     detection_peaks: thrsh
     num_peaks:       3
