Trial  Det1_2SD   Det2_4SD   Det3_MaxLen   Det4_Join   Det5_Cycles   68               101                

t6_Artif_Rej Det7_Spctr_Peak 1      33         10         10            10          5             5                2                  
2      40         8          8             8           2             2                0                  
3      56         15         15            15          5             5                1                  
4      45         11         11            11          4             4                1                  
5      25         3          3             3           1             1                0                  
6      29         3          3             3           1             1                0                  
7      32         4          4             4           2             2                1                  
8      38         8          8             8           5             5                3                  
9      32         4          4             4           1             1                1                  
10     39         4          4             4           0             0                0                  
11     40         6          6             6           2             2                0                  
12     29         3          3             3           1             1                1                  
13     39         6          6             6           3             3                1                  
14     28         5          5             5           3             3                1                  
15     37         7          7             7           1             1                1                  
16     44         7          7             7           4             4                1                  
17     33         10         10            10          5             5                2                  
18     28         4          4             4           1             1                0                  
19     29         4          4             4           1             1                0                  
20     29         6          6             6           0             0                0                  
21     36         2          2             2           1             1                1                  
22     36         11         11            11          4             4                2                  
23     33         11         11            11          4             4                2                  
24     28         9          9             9           4             4                2                  
25     33         11         11            11          5             4                1                  
26     28         4          4             4           2             2                2                  
27     37         5          5             5           0             0                0                  
28     47         9          9             9           2             2                0                  
29     41         10         10            10          5             4                0                  
30     31         8          8             8           4             3                2                  
31     38         4          4             4           2             2                1                  
32     35         3          3             3           2             2                1                  
33     39         7          7             7           3             3                2                  
34     53         18         18            18          8             8                2                  
35     24         2          2             2           0             0                0                  
36     39         6          6             6           3             3                1                  
37     48         11         11            11          5             5                2                  
38     38         9          9             9           4             4                1                  
39     25         3          3             3           1             1                0                  
40     49         16         16            16          7             7                3                  
41     41         12         12            12          3             3                0                  
42     33         7          7             7           4             4                1                  
43     30         6          6             6           3             3                2                  
44     30         3          3             3           0             0                0                  
45     25         6          6             6           2             2                1                  
46     45         8          8             7           2             1                0                  
47     35         8          8             8           7             7                0                  
48     38         9          9             9           4             4                0                  
49     43         9          9             9           4             4                1                  
50     33         7          7             7           3             3                1                  
51     42         11         11            11          5             5                3                  
52     42         6          6             6           3             3                0                  
53     41         8          8             8           4             4                2                  
54     26         3          3             3           1             1                0                  
55     37         2          2             2           1             1                0                  
56     20         2          2             2           2             2                2                  
57     30         11         11            11          4             3                2                  
58     37         7          7             7           2             1                1                  
59     42         5          5             5           2             2                1                  
60     42         4          4             4           1             1                0                  
61     39         6          6             6           4             4                1                  
62     39         5          5             5           2             2                0                  
63     31         5          5             5           3             3                0                  
64     36         8          8             8           3             3                0                  
65     33         7          7             7           2             2                0                  
66     48         13         13            13          2             2                0                  
67     52         17         17            17          3             3                1                  
68     43         11         11            11          4             4                0                  
69     27         7          7             7           3             3                1                  
70     33         10         10            10          5             5                3                  
71     36         11         11            11          4             4                2                  
72     32         6          6             6           3             3                1                  
73     38         4          4             4           4             4                0                  
74     43         5          5             5           4             4                0                  
75     40         9          9             9           3             3                2                  
76     46         14         14            14          6             6                2                  
77     38         6          6             6           2             2                0                  
78     26         2          2             2           0             0                0                  
79     33         6          6             6           2             2                1                  
80     42         8          8             8           4             4                2                  
----------------------------------------------------------------------------------
SUM    2910       581        581           580         233           227              74                 

----------------------------------------------------------------------------------

 Total Ripple Number: 74

 Detection parameters:
     maximum_peak:    3
     maxRippleLength: 100
     detection_peaks: thrsh
     num_peaks:       3
