Trial  Det1_2SD   Det2_4SD   Det3_MaxLen   Det4_Join   Det5_Cycles   68               101                

t6_Artif_Rej Det7_Spctr_Peak 1      34         5          5             5           3             3                1                  
2      34         7          7             7           0             0                0                  
3      56         13         13            13          4             4                0                  
4      47         9          9             9           5             5                1                  
5      30         5          5             5           2             2                2                  
6      30         5          5             5           2             2                2                  
7      36         7          7             7           1             1                0                  
8      39         2          2             2           0             0                0                  
9      35         11         11            11          3             2                2                  
10     46         13         13            13          5             4                2                  
11     33         7          7             7           3             3                1                  
12     37         9          9             9           2             2                1                  
13     40         6          6             6           1             1                0                  
14     31         4          4             4           0             0                0                  
15     42         7          7             7           1             1                0                  
16     41         8          8             8           3             3                2                  
17     46         10         10            10          4             4                3                  
18     39         8          8             8           0             0                0                  
19     28         2          2             2           1             1                1                  
20     29         4          4             4           0             0                0                  
21     33         4          4             4           1             1                0                  
22     40         8          8             8           3             3                3                  
23     39         6          6             6           4             4                4                  
24     37         4          4             4           2             2                1                  
25     30         6          6             6           2             1                1                  
26     26         3          3             3           0             0                0                  
27     44         7          7             7           3             3                2                  
28     38         4          4             4           1             1                0                  
29     43         6          6             6           2             2                1                  
30     42         6          6             6           4             4                1                  
31     40         9          9             9           3             3                2                  
32     34         4          4             4           1             1                1                  
33     47         5          5             5           3             3                1                  
34     53         10         10            10          4             4                0                  
35     25         2          2             2           1             1                1                  
36     37         10         10            10          4             4                0                  
37     48         14         14            14          4             4                2                  
38     53         12         12            12          7             7                3                  
39     25         2          2             2           0             0                0                  
40     26         4          4             4           1             1                1                  
41     28         7          7             7           1             1                1                  
42     41         10         10            10          7             7                5                  
43     37         4          4             4           0             0                0                  
44     31         5          5             5           1             1                1                  
45     30         4          4             4           0             0                0                  
46     40         11         11            11          5             5                2                  
47     34         4          4             4           0             0                0                  
48     45         6          6             5           3             3                1                  
49     38         8          8             8           2             2                0                  
50     36         9          9             9           5             5                3                  
51     39         11         11            11          8             8                5                  
52     43         7          7             7           5             5                2                  
53     32         7          7             7           2             2                1                  
54     29         7          7             7           4             4                3                  
55     37         5          5             5           2             2                1                  
56     42         8          8             8           3             3                2                  
57     60         16         16            16          4             3                1                  
58     53         15         15            15          5             4                1                  
59     47         10         10            10          3             3                1                  
60     34         7          7             7           2             1                1                  
61     32         6          6             6           0             0                0                  
62     21         6          6             6           1             1                0                  
63     24         6          6             6           2             2                0                  
64     39         8          8             8           3             3                2                  
65     48         9          9             9           3             3                1                  
66     59         14         14            14          6             5                1                  
67     57         10         10            10          4             3                1                  
68     45         9          9             9           3             3                2                  
69     43         8          8             8           4             4                3                  
70     37         10         10            10          3             3                2                  
71     51         14         14            14          5             5                2                  
72     37         7          7             7           2             2                0                  
73     40         12         12            12          6             6                3                  
74     30         4          4             4           2             2                1                  
75     47         6          6             6           4             4                3                  
76     54         8          8             8           5             5                4                  
77     53         11         11            11          3             3                1                  
78     46         8          8             8           2             2                0                  
79     46         7          7             7           4             4                1                  
80     47         11         11            11          5             5                2                  
----------------------------------------------------------------------------------
SUM    3145       603        603           602         219           211              102                

----------------------------------------------------------------------------------

 Total Ripple Number: 102

 Detection parameters:
     maximum_peak:    3
     maxRippleLength: 100
     detection_peaks: thrsh
     num_peaks:       3
