Trial  Det1_2SD   Det2_4SD   Det3_MaxLen   Det4_Join   Det5_Cycles   68               101                
t6_Artif_Rej Det7_Spctr_Peak 1      29         1          1             1           1             1                1                  
2      36         0          0             0           0             0                0                  
3      28         0          0             0           0             0                0                  
4      20         1          1             1           0             0                0                  
5      17         1          1             1           1             1                1                  
6      31         2          2             2           0             0                0                  
7      19         1          1             1           0             0                0                  
8      26         0          0             0           0             0                0                  
9      24         0          0             0           0             0                0                  
10     38         2          2             2           0             0                0                  
11     22         0          0             0           0             0                0                  
12     23         0          0             0           0             0                0                  
13     19         0          0             0           0             0                0                  
14     30         0          0             0           0             0                0                  
15     30         0          0             0           0             0                0                  
16     30         0          0             0           0             0                0                  
17     27         0          0             0           0             0                0                  
18     23         0          0             0           0             0                0                  
19     27         0          0             0           0             0                0                  
20     24         0          0             0           0             0                0                  
21     29         0          0             0           0             0                0                  
22     20         0          0             0           0             0                0                  
23     20         0          0             0           0             0                0                  
24     22         1          1             1           0             0                0                  
25     24         0          0             0           0             0                0                  
26     20         2          2             2           2             2                1                  
27     23         1          1             1           1             1                1                  
28     32         1          1             1           0             0                0                  
29     34         0          0             0           0             0                0                  
30     27         0          0             0           0             0                0                  
31     26         0          0             0           0             0                0                  
32     26         0          0             0           0             0                0                  
33     37         1          1             1           0             0                0                  
34     31         1          1             1           0             0                0                  
35     27         0          0             0           0             0                0                  
36     26         1          1             1           0             0                0                  
37     29         1          1             1           0             0                0                  
38     20         2          2             2           1             1                1                  
39     18         0          0             0           0             0                0                  
40     23         1          1             1           0             0                0                  
41     32         0          0             0           0             0                0                  
42     28         1          1             1           0             0                0                  
43     26         1          1             1           0             0                0                  
44     18         0          0             0           0             0                0                  
45     24         0          0             0           0             0                0                  
46     20         0          0             0           0             0                0                  
47     39         3          3             3           2             2                2                  
48     30         1          1             1           1             1                1                  
49     24         3          3             3           0             0                0                  
50     29         6          6             6           4             4                3                  
51     21         5          5             5           3             2                1                  
52     23         0          0             0           0             0                0                  
53     21         0          0             0           0             0                0                  
54     23         0          0             0           0             0                0                  
55     31         1          1             1           0             0                0                  
56     28         0          0             0           0             0                0                  
57     27         1          1             1           0             0                0                  
58     18         0          0             0           0             0                0                  
59     19         0          0             0           0             0                0                  
60     28         0          0             0           0             0                0                  
61     29         0          0             0           0             0                0                  
62     19         1          1             1           1             1                0                  
63     26         0          0             0           0             0                0                  
64     27         0          0             0           0             0                0                  
65     19         0          0             0           0             0                0                  
66     31         1          1             1           1             1                1                  
67     30         0          0             0           0             0                0                  
68     32         0          0             0           0             0                0                  
69     32         1          1             1           0             0                0                  
70     28         0          0             0           0             0                0                  
71     29         0          0             0           0             0                0                  
72     47         4          4             4           3             2                1                  
73     40         3          3             3           2             1                1                  
74     37         2          2             2           0             0                0                  
75     35         0          0             0           0             0                0                  
76     28         2          2             2           1             1                1                  
77     37         2          2             2           2             2                2                  
78     41         3          3             3           2             2                2                  
79     40         1          1             1           0             0                0                  
80     38         1          1             1           0             0                0                  
----------------------------------------------------------------------------------
SUM    2191       63         63            63          28            25               20                 
----------------------------------------------------------------------------------

 Total Ripple Number: 

 Detection parameters:
     maximum_peak:    4
     maxRippleLength: 100
     detection_peaks: peaks
     num_peaks:       3
