Trial  Det1_2SD   Det2_4SD   Det3_MaxLen   Det4_Join   Det5_Cycles   68               101                
t6_Artif_Rej Det7_Spctr_Peak 1      12         0          0             0           0             0                0                  
2      21         1          1             1           1             0                0                  
3      24         0          0             0           0             0                0                  
4      14         0          0             0           0             0                0                  
5      17         1          1             1           1             0                0                  
6      24         0          0             0           0             0                0                  
7      17         1          1             1           0             0                0                  
8      13         0          0             0           0             0                0                  
9      16         1          1             1           0             0                0                  
10     20         0          0             0           0             0                0                  
11     20         1          1             1           0             0                0                  
12     18         0          0             0           0             0                0                  
13     13         1          1             1           1             0                0                  
14     26         1          1             1           1             0                0                  
15     14         0          0             0           0             0                0                  
16     13         0          0             0           0             0                0                  
17     27         1          1             1           1             0                0                  
18     17         1          1             1           1             0                0                  
19     23         0          0             0           0             0                0                  
20     13         0          0             0           0             0                0                  
21     12         0          0             0           0             0                0                  
22     15         0          0             0           0             0                0                  
23     15         1          1             1           0             0                0                  
24     19         0          0             0           0             0                0                  
25     16         1          1             1           1             0                0                  
26     10         0          0             0           0             0                0                  
27     20         1          1             1           0             0                0                  
28     15         1          1             1           1             0                0                  
29     21         1          1             1           1             0                0                  
30     13         0          0             0           0             0                0                  
31     15         0          0             0           0             0                0                  
32     17         0          0             0           0             0                0                  
33     29         0          0             0           0             0                0                  
34     18         0          0             0           0             0                0                  
35     19         3          3             3           2             1                1                  
36     8          1          1             1           0             0                0                  
37     17         1          1             1           1             0                0                  
38     20         1          1             1           0             0                0                  
39     16         0          0             0           0             0                0                  
40     28         1          1             1           0             0                0                  
41     19         0          0             0           0             0                0                  
42     21         0          0             0           0             0                0                  
43     22         0          0             0           0             0                0                  
44     7          0          0             0           0             0                0                  
45     10         0          0             0           0             0                0                  
46     13         0          0             0           0             0                0                  
47     20         0          0             0           0             0                0                  
48     18         0          0             0           0             0                0                  
49     13         0          0             0           0             0                0                  
50     13         0          0             0           0             0                0                  
51     11         0          0             0           0             0                0                  
52     16         1          1             1           0             0                0                  
53     15         0          0             0           0             0                0                  
54     33         1          1             1           1             0                0                  
55     18         1          1             1           0             0                0                  
56     24         2          2             2           0             0                0                  
57     33         0          0             0           0             0                0                  
58     16         2          2             2           1             0                0                  
59     17         0          0             0           0             0                0                  
60     18         2          2             2           0             0                0                  
61     23         1          1             1           1             0                0                  
62     30         3          3             3           2             1                0                  
63     17         1          1             1           1             0                0                  
64     21         0          0             0           0             0                0                  
65     24         0          0             0           0             0                0                  
66     29         1          1             1           1             0                0                  
67     21         1          1             1           0             0                0                  
68     29         4          4             4           3             2                2                  
69     23         0          0             0           0             0                0                  
70     14         0          0             0           0             0                0                  
71     16         0          0             0           0             0                0                  
72     18         1          1             1           1             0                0                  
73     25         0          0             0           0             0                0                  
74     31         1          1             1           0             0                0                  
75     17         2          2             2           2             1                1                  
76     11         0          0             0           0             0                0                  
77     28         1          1             1           0             0                0                  
78     18         0          0             0           0             0                0                  
79     18         0          0             0           0             0                0                  
80     17         0          0             0           0             0                0                  
----------------------------------------------------------------------------------
SUM    1492       46         46            46          25            5                4                  
----------------------------------------------------------------------------------

 Total Ripple Number: 

 Detection parameters:
     maximum_peak:    4
     maxRippleLength: 100
     detection_peaks: peaks
     num_peaks:       3
