Trial  Det1_2SD   Det2_4SD   Det3_MaxLen   Det4_Join   Det5_Cycles   68               101                
t6_Artif_Rej Det7_Spctr_Peak 1      31         3          3             3           1             1                1                  
2      27         2          2             2           0             0                0                  
3      17         0          0             0           0             0                0                  
4      28         0          0             0           0             0                0                  
5      26         3          3             1           1             1                0                  
6      37         1          1             1           0             0                0                  
7      22         1          1             1           1             1                1                  
8      31         2          2             2           1             1                1                  
9      23         0          0             0           0             0                0                  
10     31         2          2             2           2             1                1                  
11     30         2          2             2           1             0                0                  
12     33         0          0             0           0             0                0                  
13     24         0          0             0           0             0                0                  
14     28         1          1             1           0             0                0                  
15     31         1          1             1           1             1                1                  
16     21         1          1             1           1             1                1                  
17     23         2          2             2           0             0                0                  
18     24         2          2             2           1             1                1                  
19     28         3          3             3           2             2                1                  
20     26         0          0             0           0             0                0                  
21     29         1          1             1           0             0                0                  
22     29         0          0             0           0             0                0                  
23     21         2          2             2           1             1                1                  
24     25         0          0             0           0             0                0                  
25     27         0          0             0           0             0                0                  
26     31         2          2             2           0             0                0                  
27     21         1          1             1           0             0                0                  
28     35         2          2             2           0             0                0                  
29     25         1          1             1           0             0                0                  
30     30         0          0             0           0             0                0                  
31     32         3          3             3           1             1                1                  
32     27         2          2             2           0             0                0                  
33     30         1          1             1           1             1                1                  
34     19         1          1             1           1             1                1                  
35     22         0          0             0           0             0                0                  
36     24         3          3             2           2             2                1                  
37     26         2          2             2           1             1                1                  
38     30         1          1             1           1             1                1                  
39     27         4          4             4           3             3                1                  
40     39         5          5             5           3             3                2                  
41     23         1          1             1           1             1                1                  
42     28         2          2             2           2             2                2                  
43     33         1          1             1           1             1                1                  
44     27         3          3             3           3             3                3                  
45     32         1          1             1           1             1                1                  
46     31         3          3             3           1             1                1                  
47     34         0          0             0           0             0                0                  
48     16         0          0             0           0             0                0                  
49     27         1          1             1           1             1                1                  
50     35         4          4             4           1             1                1                  
51     28         2          2             2           2             2                2                  
52     27         3          3             1           1             1                0                  
53     32         3          3             1           1             1                0                  
54     30         3          3             3           3             3                2                  
55     24         4          4             3           2             2                1                  
56     34         3          3             3           1             1                1                  
57     45         0          0             0           0             0                0                  
58     25         1          1             1           1             1                1                  
59     19         0          0             0           0             0                0                  
60     32         3          3             3           1             1                1                  
61     25         3          3             3           0             0                0                  
62     23         0          0             0           0             0                0                  
63     30         3          3             3           1             1                1                  
64     24         0          0             0           0             0                0                  
65     27         1          1             1           0             0                0                  
66     28         3          3             2           1             1                0                  
67     26         1          1             1           0             0                0                  
68     35         4          4             2           1             1                0                  
69     32         3          3             3           3             3                2                  
70     27         0          0             0           0             0                0                  
71     23         0          0             0           0             0                0                  
72     32         5          5             4           3             3                0                  
73     28         3          3             3           3             2                1                  
74     38         2          2             2           1             1                1                  
75     28         3          3             3           3             3                3                  
76     28         4          4             4           3             3                2                  
77     32         3          3             3           1             1                1                  
78     33         6          6             6           2             2                1                  
79     23         2          2             2           1             1                0                  
80     31         0          0             0           0             0                0                  
----------------------------------------------------------------------------------
SUM    2245       141        141           129         72            69               49                 
----------------------------------------------------------------------------------

 Total Ripple Number: 1

 Detection parameters:
     maximum_peak:    4
     maxRippleLength: 100
     detection_peaks: peaks
     num_peaks:       3
