Trial  Det1_2SD   Det2_4SD   Det3_MaxLen   Det4_Join   Det5_Cycles   68               101                
t6_Artif_Rej Det7_Spctr_Peak 1      30         2          2             2           0             0                0                  
2      29         0          0             0           0             0                0                  
3      20         0          0             0           0             0                0                  
4      23         0          0             0           0             0                0                  
5      25         3          3             2           1             1                0                  
6      33         2          2             2           2             2                2                  
7      23         1          1             1           1             1                1                  
8      32         1          1             1           1             1                1                  
9      22         2          2             2           0             0                0                  
10     37         1          1             1           1             1                1                  
11     23         1          1             1           1             1                1                  
12     21         3          3             3           1             1                1                  
13     26         0          0             0           0             0                0                  
14     21         0          0             0           0             0                0                  
15     16         0          0             0           0             0                0                  
16     20         1          1             1           0             0                0                  
17     31         2          2             2           1             1                1                  
18     26         3          3             3           2             2                1                  
19     27         2          2             2           2             2                1                  
20     21         0          0             0           0             0                0                  
21     29         1          1             1           1             1                0                  
22     30         1          1             1           1             1                1                  
23     23         0          0             0           0             0                0                  
24     21         0          0             0           0             0                0                  
25     17         0          0             0           0             0                0                  
26     20         0          0             0           0             0                0                  
27     21         0          0             0           0             0                0                  
28     32         3          3             3           1             1                1                  
29     25         2          2             2           1             1                1                  
30     20         0          0             0           0             0                0                  
31     26         1          1             1           0             0                0                  
32     12         1          1             1           0             0                0                  
33     32         1          1             1           1             1                1                  
34     30         0          0             0           0             0                0                  
35     30         0          0             0           0             0                0                  
36     34         5          5             4           3             3                3                  
37     29         3          3             3           2             2                2                  
38     25         1          1             1           0             0                0                  
39     23         1          1             1           0             0                0                  
40     29         1          1             1           1             1                1                  
41     30         0          0             0           0             0                0                  
42     26         0          0             0           0             0                0                  
43     27         1          1             1           1             1                1                  
44     27         1          1             1           1             1                1                  
45     25         4          4             4           2             2                1                  
46     39         1          1             1           1             1                1                  
47     42         4          4             4           3             3                3                  
48     28         1          1             1           0             0                0                  
49     22         2          2             2           2             2                2                  
50     22         2          2             2           1             1                1                  
51     29         0          0             0           0             0                0                  
52     15         2          2             1           1             1                0                  
53     16         3          3             3           2             2                0                  
54     25         0          0             0           0             0                0                  
55     25         3          3             3           1             1                0                  
56     36         1          1             1           0             0                0                  
57     39         0          0             0           0             0                0                  
58     16         0          0             0           0             0                0                  
59     31         1          1             1           0             0                0                  
60     40         2          2             2           2             2                2                  
61     33         1          1             1           0             0                0                  
62     25         3          3             3           2             2                2                  
63     31         3          3             3           1             1                1                  
64     30         1          1             1           0             0                0                  
65     30         2          2             2           1             1                1                  
66     39         0          0             0           0             0                0                  
67     31         1          1             1           0             0                0                  
68     38         2          2             2           1             1                0                  
69     23         3          3             3           1             1                0                  
70     28         1          1             1           0             0                0                  
71     30         1          1             1           1             1                1                  
72     32         2          2             2           2             2                0                  
73     40         3          3             3           1             1                1                  
74     34         4          4             4           3             3                3                  
75     26         2          2             2           0             0                0                  
76     25         2          2             2           2             2                2                  
77     30         4          4             4           2             2                2                  
78     34         2          2             2           1             1                1                  
79     23         0          0             0           0             0                0                  
80     33         2          2             2           1             1                1                  
----------------------------------------------------------------------------------
SUM    2189       112        112           109         60            60               47                 
----------------------------------------------------------------------------------

 Total Ripple Number: /

 Detection parameters:
     maximum_peak:    4
     maxRippleLength: 100
     detection_peaks: peaks
     num_peaks:       3
