Trial  Det1_2SD   Det2_4SD   Det3_MaxLen   Det4_Join   Det5_Cycles   68               101                
t6_Artif_Rej Det7_Spctr_Peak 1      36         0          0             0           0             0                0                  
2      29         0          0             0           0             0                0                  
3      25         0          0             0           0             0                0                  
4      28         1          1             1           0             0                0                  
5      28         1          1             1           1             1                1                  
6      36         1          1             1           1             1                1                  
7      26         2          2             2           0             0                0                  
8      27         0          0             0           0             0                0                  
9      23         2          2             2           0             0                0                  
10     45         2          2             2           0             0                0                  
11     22         0          0             0           0             0                0                  
12     24         1          1             1           0             0                0                  
13     18         1          1             1           0             0                0                  
14     29         2          2             2           0             0                0                  
15     23         1          1             1           0             0                0                  
16     27         2          2             2           0             0                0                  
17     27         3          3             3           1             1                1                  
18     19         3          3             2           1             1                0                  
19     25         2          2             2           1             1                1                  
20     18         1          1             1           1             1                1                  
21     32         3          3             3           0             0                0                  
22     30         0          0             0           0             0                0                  
23     23         1          1             1           0             0                0                  
24     27         1          1             1           0             0                0                  
25     19         1          1             1           0             0                0                  
26     25         0          0             0           0             0                0                  
27     22         0          0             0           0             0                0                  
28     31         2          2             2           1             1                1                  
29     36         1          1             1           1             1                1                  
30     26         0          0             0           0             0                0                  
31     32         2          2             2           1             1                1                  
32     22         3          3             3           1             1                1                  
33     32         1          1             1           1             1                0                  
34     27         1          1             1           0             0                0                  
35     17         0          0             0           0             0                0                  
36     27         4          4             4           1             1                1                  
37     24         3          3             3           1             1                1                  
38     34         0          0             0           0             0                0                  
39     29         2          2             2           1             1                1                  
40     43         2          2             2           0             0                0                  
41     26         0          0             0           0             0                0                  
42     28         0          0             0           0             0                0                  
43     29         0          0             0           0             0                0                  
44     25         1          1             1           1             1                0                  
45     17         2          2             2           0             0                0                  
46     35         2          2             2           0             0                0                  
47     39         3          3             3           1             1                1                  
48     28         0          0             0           0             0                0                  
49     26         2          2             2           1             1                1                  
50     32         2          2             2           1             1                1                  
51     35         3          3             3           2             2                2                  
52     22         3          3             1           1             1                0                  
53     22         6          6             4           3             3                2                  
54     34         1          1             1           1             1                1                  
55     26         5          5             5           1             1                0                  
56     29         3          3             3           1             1                0                  
57     46         1          1             1           0             0                0                  
58     21         0          0             0           0             0                0                  
59     20         0          0             0           0             0                0                  
60     34         3          3             3           0             0                0                  
61     23         0          0             0           0             0                0                  
62     16         3          3             3           1             1                1                  
63     27         0          0             0           0             0                0                  
64     22         0          0             0           0             0                0                  
65     33         0          0             0           0             0                0                  
66     29         0          0             0           0             0                0                  
67     20         0          0             0           0             0                0                  
68     28         1          1             1           1             1                1                  
69     26         2          2             2           0             0                0                  
70     23         1          1             1           0             0                0                  
71     25         2          2             2           1             1                1                  
72     34         6          6             4           3             3                2                  
73     35         1          1             1           0             0                0                  
74     45         0          0             0           0             0                0                  
75     36         2          2             2           0             0                0                  
76     40         5          5             5           1             1                1                  
77     38         2          2             2           0             0                0                  
78     43         2          2             2           0             0                0                  
79     22         1          1             1           0             0                0                  
80     39         3          3             3           0             0                0                  
----------------------------------------------------------------------------------
SUM    2271       120        120           113         34            34               26                 
----------------------------------------------------------------------------------

 Total Ripple Number: 

 Detection parameters:
     maximum_peak:    4
     maxRippleLength: 100
     detection_peaks: peaks
     num_peaks:       3
