Trial  Det1_2SD   Det2_4SD   Det3_MaxLen   Det4_Join   Det5_Cycles   68               101                
t6_Artif_Rej Det7_Spctr_Peak 1      37         0          0             0           0             0                0                  
2      31         0          0             0           0             0                0                  
3      20         1          1             1           0             0                0                  
4      24         1          1             1           0             0                0                  
5      31         2          2             2           1             1                0                  
6      28         1          1             1           1             1                1                  
7      26         0          0             0           0             0                0                  
8      25         1          1             1           1             1                1                  
9      29         1          1             1           0             0                0                  
10     35         0          0             0           0             0                0                  
11     21         1          1             1           0             0                0                  
12     32         0          0             0           0             0                0                  
13     29         1          1             1           1             1                1                  
14     17         0          0             0           0             0                0                  
15     18         0          0             0           0             0                0                  
16     30         1          1             1           0             0                0                  
17     30         2          2             2           0             0                0                  
18     21         2          2             1           1             1                0                  
19     22         2          2             2           1             1                1                  
20     15         0          0             0           0             0                0                  
21     25         3          3             3           1             1                1                  
22     32         1          1             1           1             1                1                  
23     13         1          1             1           0             0                0                  
24     20         2          2             2           0             0                0                  
25     32         0          0             0           0             0                0                  
26     24         0          0             0           0             0                0                  
27     20         0          0             0           0             0                0                  
28     35         0          0             0           0             0                0                  
29     25         1          1             1           0             0                0                  
30     25         1          1             1           0             0                0                  
31     34         1          1             1           1             1                1                  
32     24         0          0             0           0             0                0                  
33     37         3          3             3           1             1                0                  
34     27         2          2             2           1             1                1                  
35     26         0          0             0           0             0                0                  
36     21         2          2             2           0             0                0                  
37     27         1          1             1           1             1                1                  
38     33         1          1             1           0             0                0                  
39     26         1          1             1           0             0                0                  
40     37         1          1             1           0             0                0                  
41     19         0          0             0           0             0                0                  
42     32         0          0             0           0             0                0                  
43     32         2          2             2           0             0                0                  
44     21         2          2             2           0             0                0                  
45     22         0          0             0           0             0                0                  
46     42         0          0             0           0             0                0                  
47     45         2          2             2           0             0                0                  
48     28         1          1             1           1             1                1                  
49     17         0          0             0           0             0                0                  
50     15         0          0             0           0             0                0                  
51     34         3          3             3           1             1                1                  
52     23         4          4             4           2             2                1                  
53     33         2          2             2           1             1                0                  
54     32         1          1             1           0             0                0                  
55     34         2          2             2           0             0                0                  
56     40         2          2             2           0             0                0                  
57     46         0          0             0           0             0                0                  
58     27         0          0             0           0             0                0                  
59     20         1          1             1           0             0                0                  
60     32         1          1             1           1             1                1                  
61     26         1          1             1           1             1                1                  
62     29         1          1             1           1             1                0                  
63     24         1          1             1           1             1                1                  
64     31         2          2             2           1             1                1                  
65     20         3          3             3           1             1                1                  
66     39         3          3             3           2             2                1                  
67     31         3          3             3           2             2                0                  
68     24         2          2             2           0             0                0                  
69     32         4          4             4           1             1                1                  
70     27         0          0             0           0             0                0                  
71     25         0          0             0           0             0                0                  
72     29         0          0             0           0             0                0                  
73     40         0          0             0           0             0                0                  
74     36         2          2             2           0             0                0                  
75     29         2          2             2           0             0                0                  
76     28         2          2             2           2             2                2                  
77     39         1          1             1           0             0                0                  
78     40         2          2             2           0             0                0                  
79     23         1          1             1           0             0                0                  
80     26         1          1             1           1             1                0                  
----------------------------------------------------------------------------------
SUM    2256       91         91            90          31            31               21                 
----------------------------------------------------------------------------------

 Total Ripple Number: 

 Detection parameters:
     maximum_peak:    4
     maxRippleLength: 100
     detection_peaks: peaks
     num_peaks:       3
