Trial  Det1_2SD   Det2_4SD   Det3_MaxLen   Det4_Join   Det5_Cycles   68               101                
t6_Artif_Rej Det7_Spctr_Peak 1      23         0          0             0           0             0                0                  
2      28         0          0             0           0             0                0                  
3      27         1          1             1           0             0                0                  
4      26         1          1             1           0             0                0                  
5      28         1          1             1           0             0                0                  
6      13         2          2             2           1             1                0                  
7      36         3          3             3           2             2                2                  
8      39         5          5             5           2             2                1                  
9      22         1          1             1           1             1                1                  
10     41         3          3             3           1             1                0                  
11     35         1          1             1           0             0                0                  
12     28         0          0             0           0             0                0                  
13     42         3          3             3           2             2                1                  
14     34         2          2             2           2             2                1                  
15     23         1          1             1           1             1                1                  
16     26         0          0             0           0             0                0                  
17     27         2          2             2           1             1                1                  
18     20         0          0             0           0             0                0                  
19     30         1          1             1           0             0                0                  
20     30         2          2             2           0             0                0                  
21     33         2          2             2           2             2                2                  
22     27         1          1             1           0             0                0                  
23     28         1          1             1           0             0                0                  
24     27         1          1             1           1             1                0                  
25     25         1          1             1           0             0                0                  
26     25         1          1             1           0             0                0                  
27     30         2          2             2           0             0                0                  
28     21         3          3             3           0             0                0                  
29     29         1          1             1           0             0                0                  
30     36         1          1             1           0             0                0                  
31     29         1          1             1           1             1                0                  
32     28         1          1             1           0             0                0                  
33     17         0          0             0           0             0                0                  
34     29         1          1             1           0             0                0                  
35     24         2          2             2           0             0                0                  
36     32         1          1             1           0             0                0                  
37     32         1          1             1           0             0                0                  
38     25         0          0             0           0             0                0                  
39     29         2          2             2           0             0                0                  
40     30         3          3             3           1             1                0                  
41     20         0          0             0           0             0                0                  
42     23         1          1             1           0             0                0                  
43     32         3          3             3           0             0                0                  
44     32         3          3             3           3             3                2                  
45     24         1          1             1           0             0                0                  
46     32         1          1             1           0             0                0                  
47     24         0          0             0           0             0                0                  
48     32         2          2             2           0             0                0                  
49     29         0          0             0           0             0                0                  
50     29         0          0             0           0             0                0                  
51     29         0          0             0           0             0                0                  
52     19         0          0             0           0             0                0                  
53     35         1          1             1           1             1                1                  
54     21         1          1             1           0             0                0                  
55     38         1          1             1           1             1                1                  
56     29         4          4             4           0             0                0                  
57     29         3          3             3           2             2                2                  
58     28         1          1             1           0             0                0                  
59     23         1          1             1           0             0                0                  
60     27         0          0             0           0             0                0                  
61     36         2          2             2           1             1                0                  
62     30         1          1             1           1             1                1                  
63     31         1          1             1           0             0                0                  
64     15         0          0             0           0             0                0                  
65     30         1          1             1           0             0                0                  
66     23         0          0             0           0             0                0                  
67     31         1          1             1           1             1                0                  
68     23         0          0             0           0             0                0                  
69     11         1          1             1           1             1                1                  
70     21         1          1             1           0             0                0                  
71     34         3          3             3           2             2                1                  
72     31         1          1             1           0             0                0                  
73     19         0          0             0           0             0                0                  
74     28         0          0             0           0             0                0                  
75     34         0          0             0           0             0                0                  
76     24         1          1             1           0             0                0                  
77     28         1          1             1           0             0                0                  
78     23         0          0             0           0             0                0                  
79     22         2          2             2           0             0                0                  
80     27         2          2             2           0             0                0                  
----------------------------------------------------------------------------------
SUM    2210       96         96            96          31            31               19                 
----------------------------------------------------------------------------------

 Total Ripple Number: 

 Detection parameters:
     maximum_peak:    4
     maxRippleLength: 100
     detection_peaks: peaks
     num_peaks:       3
