Trial  Det1_2SD   Det2_4SD   Det3_MaxLen   Det4_Join   Det5_Cycles   68               101                
t6_Artif_Rej Det7_Spctr_Peak 1      33         1          1             1           0             0                0                  
2      26         0          0             0           0             0                0                  
3      18         2          2             2           0             0                0                  
4      20         0          0             0           0             0                0                  
5      27         0          0             0           0             0                0                  
6      22         1          1             1           0             0                0                  
7      28         3          3             3           2             2                2                  
8      30         0          0             0           0             0                0                  
9      20         1          1             1           1             1                0                  
10     46         1          1             1           0             0                0                  
11     34         2          2             2           0             0                0                  
12     26         0          0             0           0             0                0                  
13     35         0          0             0           0             0                0                  
14     33         1          1             1           1             1                1                  
15     34         1          1             1           0             0                0                  
16     22         1          1             1           0             0                0                  
17     46         0          0             0           0             0                0                  
18     28         0          0             0           0             0                0                  
19     33         0          0             0           0             0                0                  
20     29         0          0             0           0             0                0                  
21     18         0          0             0           0             0                0                  
22     24         1          1             1           0             0                0                  
23     21         1          1             1           0             0                0                  
24     25         0          0             0           0             0                0                  
25     31         1          1             1           0             0                0                  
26     29         1          1             1           0             0                0                  
27     24         0          0             0           0             0                0                  
28     24         0          0             0           0             0                0                  
29     32         0          0             0           0             0                0                  
30     40         0          0             0           0             0                0                  
31     33         0          0             0           0             0                0                  
32     31         1          1             1           1             1                0                  
33     29         1          1             1           0             0                0                  
34     23         2          2             2           0             0                0                  
35     24         0          0             0           0             0                0                  
36     33         1          1             1           0             0                0                  
37     30         2          2             2           1             0                0                  
38     28         0          0             0           0             0                0                  
39     24         1          1             1           1             1                1                  
40     36         1          1             1           0             0                0                  
41     23         0          0             0           0             0                0                  
42     31         0          0             0           0             0                0                  
43     24         0          0             0           0             0                0                  
44     33         0          0             0           0             0                0                  
45     30         0          0             0           0             0                0                  
46     32         0          0             0           0             0                0                  
47     30         1          1             1           0             0                0                  
48     23         1          1             1           0             0                0                  
49     20         1          1             1           1             1                1                  
50     29         1          1             1           0             0                0                  
51     30         1          1             1           1             1                1                  
52     16         0          0             0           0             0                0                  
53     40         1          1             1           0             0                0                  
54     29         0          0             0           0             0                0                  
55     26         2          2             2           1             1                1                  
56     34         0          0             0           0             0                0                  
57     28         3          3             3           0             0                0                  
58     26         0          0             0           0             0                0                  
59     22         0          0             0           0             0                0                  
60     23         3          3             3           2             2                2                  
61     22         0          0             0           0             0                0                  
62     31         1          1             1           0             0                0                  
63     18         0          0             0           0             0                0                  
64     27         1          1             1           0             0                0                  
65     30         1          1             1           0             0                0                  
66     21         0          0             0           0             0                0                  
67     19         0          0             0           0             0                0                  
68     25         0          0             0           0             0                0                  
69     18         0          0             0           0             0                0                  
70     33         1          1             1           0             0                0                  
71     28         1          1             1           0             0                0                  
72     39         1          1             1           0             0                0                  
73     20         1          1             1           0             0                0                  
74     25         2          2             2           2             2                2                  
75     28         0          0             0           0             0                0                  
76     24         0          0             0           0             0                0                  
77     28         0          0             0           0             0                0                  
78     23         0          0             0           0             0                0                  
79     27         1          1             1           1             1                1                  
80     30         0          0             0           0             0                0                  
----------------------------------------------------------------------------------
SUM    2214       51         51            51          15            14               12                 
----------------------------------------------------------------------------------

 Total Ripple Number: 

 Detection parameters:
     maximum_peak:    4
     maxRippleLength: 100
     detection_peaks: peaks
     num_peaks:       3
