Trial  Det1_2SD   Det2_4SD   Det3_MaxLen   Det4_Join   Det5_Cycles   68               101                
t6_Artif_Rej Det7_Spctr_Peak 1      23         0          0             0           0             0                0                  
2      22         0          0             0           0             0                0                  
3      22         0          0             0           0             0                0                  
4      25         0          0             0           0             0                0                  
5      23         2          2             2           0             0                0                  
6      19         1          1             1           1             1                1                  
7      27         2          2             2           1             1                1                  
8      33         2          2             2           2             2                1                  
9      16         0          0             0           0             0                0                  
10     38         2          2             2           1             1                1                  
11     25         2          2             2           1             1                1                  
12     26         0          0             0           0             0                0                  
13     29         2          2             2           1             1                1                  
14     22         1          1             1           0             0                0                  
15     17         1          1             1           1             1                1                  
16     23         0          0             0           0             0                0                  
17     36         2          2             2           1             1                1                  
18     26         0          0             0           0             0                0                  
19     22         0          0             0           0             0                0                  
20     26         0          0             0           0             0                0                  
21     25         1          1             1           1             1                0                  
22     11         0          0             0           0             0                0                  
23     19         0          0             0           0             0                0                  
24     27         0          0             0           0             0                0                  
25     28         1          1             1           0             0                0                  
26     27         2          2             2           1             1                1                  
27     20         0          0             0           0             0                0                  
28     32         0          0             0           0             0                0                  
29     39         0          0             0           0             0                0                  
30     21         1          1             1           0             0                0                  
31     21         2          2             2           0             0                0                  
32     34         4          4             4           0             0                0                  
33     33         0          0             0           0             0                0                  
34     33         1          1             1           0             0                0                  
35     22         1          1             1           1             1                0                  
36     27         2          2             2           0             0                0                  
37     31         0          0             0           0             0                0                  
38     32         0          0             0           0             0                0                  
39     23         0          0             0           0             0                0                  
40     33         0          0             0           0             0                0                  
41     13         0          0             0           0             0                0                  
42     33         0          0             0           0             0                0                  
43     24         1          1             1           1             1                0                  
44     34         0          0             0           0             0                0                  
45     26         0          0             0           0             0                0                  
46     42         0          0             0           0             0                0                  
47     15         0          0             0           0             0                0                  
48     26         2          2             2           2             2                1                  
49     25         0          0             0           0             0                0                  
50     35         3          3             3           1             1                0                  
51     31         3          3             3           1             1                1                  
52     31         1          1             1           0             0                0                  
53     30         1          1             1           1             0                0                  
54     17         0          0             0           0             0                0                  
55     23         3          3             3           2             2                2                  
56     26         0          0             0           0             0                0                  
57     29         2          2             2           0             0                0                  
58     24         0          0             0           0             0                0                  
59     21         0          0             0           0             0                0                  
60     33         1          1             1           1             1                1                  
61     30         3          3             3           1             1                1                  
62     36         0          0             0           0             0                0                  
63     17         0          0             0           0             0                0                  
64     20         0          0             0           0             0                0                  
65     27         2          2             2           0             0                0                  
66     31         1          1             1           0             0                0                  
67     21         0          0             0           0             0                0                  
68     26         0          0             0           0             0                0                  
69     23         0          0             0           0             0                0                  
70     20         2          2             2           1             1                1                  
71     28         0          0             0           0             0                0                  
72     25         0          0             0           0             0                0                  
73     21         0          0             0           0             0                0                  
74     18         0          0             0           0             0                0                  
75     19         2          2             2           0             0                0                  
76     26         0          0             0           0             0                0                  
77     24         0          0             0           0             0                0                  
78     30         1          1             1           1             1                1                  
79     20         0          0             0           0             0                0                  
80     20         1          1             1           1             1                1                  
----------------------------------------------------------------------------------
SUM    2058       61         61            61          25            24               18                 
----------------------------------------------------------------------------------

 Total Ripple Number: 

 Detection parameters:
     maximum_peak:    4
     maxRippleLength: 100
     detection_peaks: peaks
     num_peaks:       3
