Trial  Det1_2SD   Det2_4SD   Det3_MaxLen   Det4_Join   Det5_Cycles   68               101                
t6_Artif_Rej Det7_Spctr_Peak 1      20         1          1             1           0             0                0                  
2      27         0          0             0           0             0                0                  
3      21         2          2             2           1             1                1                  
4      23         0          0             0           0             0                0                  
5      20         0          0             0           0             0                0                  
6      26         0          0             0           0             0                0                  
7      29         1          1             1           0             0                0                  
8      32         4          4             4           2             2                2                  
9      19         0          0             0           0             0                0                  
10     35         1          1             1           1             1                1                  
11     29         0          0             0           0             0                0                  
12     22         0          0             0           0             0                0                  
13     29         2          2             2           1             1                1                  
14     26         0          0             0           0             0                0                  
15     22         1          1             1           1             1                1                  
16     22         1          1             1           0             0                0                  
17     40         2          2             2           1             1                1                  
18     21         0          0             0           0             0                0                  
19     17         0          0             0           0             0                0                  
20     36         0          0             0           0             0                0                  
21     21         0          0             0           0             0                0                  
22     19         1          1             1           0             0                0                  
23     22         1          1             1           1             1                1                  
24     23         0          0             0           0             0                0                  
25     27         3          3             3           2             2                2                  
26     21         2          2             2           2             2                1                  
27     29         1          1             1           1             1                1                  
28     30         0          0             0           0             0                0                  
29     31         2          2             2           1             1                1                  
30     26         0          0             0           0             0                0                  
31     23         1          1             1           1             1                0                  
32     31         0          0             0           0             0                0                  
33     22         0          0             0           0             0                0                  
34     33         0          0             0           0             0                0                  
35     22         2          2             2           1             1                1                  
36     31         3          3             3           2             2                2                  
37     31         0          0             0           0             0                0                  
38     26         1          1             1           0             0                0                  
39     18         0          0             0           0             0                0                  
40     28         1          1             1           1             1                0                  
41     16         0          0             0           0             0                0                  
42     28         0          0             0           0             0                0                  
43     23         1          1             1           1             1                0                  
44     27         0          0             0           0             0                0                  
45     28         1          1             1           0             0                0                  
46     31         2          2             2           0             0                0                  
47     8          0          0             0           0             0                0                  
48     21         0          0             0           0             0                0                  
49     27         0          0             0           0             0                0                  
50     34         1          1             1           0             0                0                  
51     36         4          4             4           2             2                1                  
52     33         2          2             2           2             2                1                  
53     31         3          3             3           1             1                1                  
54     17         0          0             0           0             0                0                  
55     29         5          5             5           1             1                1                  
56     32         3          3             3           0             0                0                  
57     31         2          2             2           1             1                0                  
58     27         0          0             0           0             0                0                  
59     14         0          0             0           0             0                0                  
60     17         2          2             2           1             1                1                  
61     33         2          2             2           2             2                2                  
62     25         1          1             1           0             0                0                  
63     20         2          2             2           2             2                2                  
64     14         1          1             1           1             1                1                  
65     24         1          1             1           0             0                0                  
66     31         1          1             1           0             0                0                  
67     26         1          1             1           1             1                1                  
68     27         1          1             1           1             1                1                  
69     27         1          1             1           1             1                1                  
70     28         1          1             1           0             0                0                  
71     33         0          0             0           0             0                0                  
72     26         0          0             0           0             0                0                  
73     17         0          0             0           0             0                0                  
74     26         0          0             0           0             0                0                  
75     16         1          1             1           0             0                0                  
76     14         0          0             0           0             0                0                  
77     20         0          0             0           0             0                0                  
78     30         0          0             0           0             0                0                  
79     16         0          0             0           0             0                0                  
80     16         0          0             0           0             0                0                  
----------------------------------------------------------------------------------
SUM    2009       72         72            72          36            36               29                 
----------------------------------------------------------------------------------

 Total Ripple Number: 

 Detection parameters:
     maximum_peak:    4
     maxRippleLength: 100
     detection_peaks: peaks
     num_peaks:       3
