Trial  Det1_2SD   Det2_4SD   Det3_MaxLen   Det4_Join   Det5_Cycles   68               101                
t6_Artif_Rej Det7_Spctr_Peak 1      33         1          1             1           0             0                0                  
2      37         2          2             2           1             1                1                  
3      28         1          1             1           0             0                0                  
4      31         0          0             0           0             0                0                  
5      22         0          0             0           0             0                0                  
6      18         0          0             0           0             0                0                  
7      31         0          0             0           0             0                0                  
8      23         2          2             2           1             1                1                  
9      24         1          1             1           1             1                1                  
10     25         1          1             1           0             0                0                  
11     32         0          0             0           0             0                0                  
12     28         0          0             0           0             0                0                  
13     41         2          2             2           1             1                1                  
14     24         1          1             1           0             0                0                  
15     26         1          1             1           0             0                0                  
16     20         0          0             0           0             0                0                  
17     32         0          0             0           0             0                0                  
18     19         0          0             0           0             0                0                  
19     17         0          0             0           0             0                0                  
20     23         0          0             0           0             0                0                  
21     19         0          0             0           0             0                0                  
22     24         0          0             0           0             0                0                  
23     29         1          1             1           0             0                0                  
24     29         2          2             2           1             1                1                  
25     33         1          1             1           0             0                0                  
26     27         1          1             1           0             0                0                  
27     23         1          1             1           1             1                1                  
28     20         0          0             0           0             0                0                  
29     33         2          2             2           2             2                1                  
30     25         2          2             2           1             1                1                  
31     25         1          1             1           0             0                0                  
32     23         0          0             0           0             0                0                  
33     24         1          1             1           0             0                0                  
34     24         1          1             1           0             0                0                  
35     24         2          2             2           0             0                0                  
36     38         1          1             1           1             1                1                  
37     28         2          2             2           0             0                0                  
38     33         2          2             2           0             0                0                  
39     24         1          1             1           1             1                1                  
40     21         0          0             0           0             0                0                  
41     26         0          0             0           0             0                0                  
42     24         1          1             1           0             0                0                  
43     24         0          0             0           0             0                0                  
44     29         0          0             0           0             0                0                  
45     20         2          2             2           1             1                1                  
46     23         0          0             0           0             0                0                  
47     28         1          1             1           0             0                0                  
48     36         2          2             2           1             1                1                  
49     34         1          1             1           0             0                0                  
50     26         1          1             1           0             0                0                  
51     30         2          2             2           0             0                0                  
52     22         0          0             0           0             0                0                  
53     34         2          2             2           0             0                0                  
54     33         0          0             0           0             0                0                  
55     38         1          1             1           0             0                0                  
56     45         3          3             3           0             0                0                  
57     29         3          3             3           0             0                0                  
58     29         1          1             1           0             0                0                  
59     23         0          0             0           0             0                0                  
60     20         0          0             0           0             0                0                  
61     28         3          3             3           2             2                1                  
62     24         2          2             2           1             1                1                  
63     29         0          0             0           0             0                0                  
64     34         0          0             0           0             0                0                  
65     27         0          0             0           0             0                0                  
66     23         0          0             0           0             0                0                  
67     24         0          0             0           0             0                0                  
68     25         0          0             0           0             0                0                  
69     27         1          1             1           1             1                1                  
70     29         1          1             1           1             1                0                  
71     26         0          0             0           0             0                0                  
72     25         0          0             0           0             0                0                  
73     22         1          1             1           1             1                1                  
74     35         2          2             2           1             1                1                  
75     24         1          1             1           0             0                0                  
76     16         0          0             0           0             0                0                  
77     33         0          0             0           0             0                0                  
78     26         0          0             0           0             0                0                  
79     32         0          0             0           0             0                0                  
80     33         1          1             1           1             1                1                  
----------------------------------------------------------------------------------
SUM    2175       65         65            65          21            21               18                 
----------------------------------------------------------------------------------

 Total Ripple Number: 

 Detection parameters:
     maximum_peak:    4
     maxRippleLength: 100
     detection_peaks: peaks
     num_peaks:       3
