Trial  Det1_2SD   Det2_4SD   Det3_MaxLen   Det4_Join   Det5_Cycles   68               101                
t6_Artif_Rej Det7_Spctr_Peak 1      20         0          0             0           0             0                0                  
2      30         1          1             1           1             1                1                  
3      38         2          2             2           1             1                1                  
4      34         2          2             2           2             2                1                  
5      23         3          3             3           2             2                2                  
6      17         1          1             1           1             1                1                  
7      32         1          1             1           0             0                0                  
8      23         0          0             0           0             0                0                  
9      17         1          1             1           1             1                0                  
10     37         2          2             2           1             1                1                  
11     31         0          0             0           0             0                0                  
12     24         1          1             1           0             0                0                  
13     48         1          1             1           1             1                0                  
14     21         1          1             1           1             1                1                  
15     21         0          0             0           0             0                0                  
16     23         0          0             0           0             0                0                  
17     39         1          1             1           0             0                0                  
18     34         3          3             3           1             1                1                  
19     43         1          1             1           0             0                0                  
20     27         2          2             2           0             0                0                  
21     29         0          0             0           0             0                0                  
22     37         3          3             3           1             1                1                  
23     20         0          0             0           0             0                0                  
24     27         2          2             2           0             0                0                  
25     34         0          0             0           0             0                0                  
26     26         1          1             1           1             1                1                  
27     28         2          2             2           1             1                1                  
28     23         0          0             0           0             0                0                  
29     23         0          0             0           0             0                0                  
30     32         1          1             1           1             1                1                  
31     29         2          2             2           2             2                1                  
32     26         3          3             3           1             1                1                  
33     31         2          2             2           1             1                0                  
34     25         0          0             0           0             0                0                  
35     41         4          4             4           2             2                1                  
36     46         4          4             4           3             3                1                  
37     21         0          0             0           0             0                0                  
38     47         3          3             3           1             1                0                  
39     25         0          0             0           0             0                0                  
40     39         3          3             3           1             1                0                  
41     29         2          2             2           2             2                2                  
42     31         2          2             2           1             1                1                  
43     42         5          5             4           1             1                0                  
44     22         1          1             1           1             1                1                  
45     34         3          3             3           2             2                1                  
46     29         3          3             3           2             2                1                  
47     25         2          2             2           1             1                0                  
48     28         1          1             1           0             0                0                  
49     24         0          0             0           0             0                0                  
50     35         1          1             1           0             0                0                  
51     36         2          2             2           1             1                1                  
52     29         1          1             1           0             0                0                  
53     30         3          3             3           2             2                2                  
54     26         1          1             1           1             1                0                  
55     32         1          1             1           0             0                0                  
56     37         1          1             1           1             1                1                  
57     22         1          1             1           1             0                0                  
58     25         0          0             0           0             0                0                  
59     24         1          1             1           0             0                0                  
60     34         5          5             4           2             2                0                  
61     30         2          2             2           0             0                0                  
62     38         3          3             3           1             1                0                  
63     29         1          1             1           1             1                1                  
64     33         4          4             4           2             2                2                  
65     37         5          5             5           2             1                1                  
66     33         0          0             0           0             0                0                  
67     29         0          0             0           0             0                0                  
68     20         0          0             0           0             0                0                  
69     15         1          1             1           1             1                1                  
70     39         4          4             4           0             0                0                  
71     22         0          0             0           0             0                0                  
72     40         3          3             3           2             2                0                  
73     25         2          2             2           1             1                1                  
74     30         0          0             0           0             0                0                  
75     37         4          4             4           2             2                0                  
76     23         1          1             1           0             0                0                  
77     25         0          0             0           0             0                0                  
78     24         0          0             0           0             0                0                  
79     21         1          1             1           1             1                0                  
80     27         3          3             3           1             1                1                  
----------------------------------------------------------------------------------
SUM    2362       123        123           121         59            57               34                 
----------------------------------------------------------------------------------

 Total Ripple Number: "

 Detection parameters:
     maximum_peak:    4
     maxRippleLength: 100
     detection_peaks: peaks
     num_peaks:       3
