Trial  Det1_2SD   Det2_4SD   Det3_MaxLen   Det4_Join   Det5_Cycles   68               101                
t6_Artif_Rej Det7_Spctr_Peak 1      23         0          0             0           0             0                0                  
2      33         1          1             1           1             1                1                  
3      25         1          1             1           1             1                0                  
4      29         1          1             1           0             0                0                  
5      21         0          0             0           0             0                0                  
6      28         0          0             0           0             0                0                  
7      35         3          3             3           1             1                1                  
8      32         3          3             3           1             1                1                  
9      23         2          2             2           2             2                2                  
10     26         0          0             0           0             0                0                  
11     24         1          1             1           1             1                1                  
12     28         2          2             2           2             2                2                  
13     44         4          4             4           3             3                1                  
14     27         0          0             0           0             0                0                  
15     23         0          0             0           0             0                0                  
16     23         0          0             0           0             0                0                  
17     31         0          0             0           0             0                0                  
18     36         1          1             1           1             1                1                  
19     34         2          2             2           1             1                1                  
20     19         1          1             1           0             0                0                  
21     18         0          0             0           0             0                0                  
22     20         2          2             2           2             2                1                  
23     29         1          1             1           1             1                1                  
24     28         0          0             0           0             0                0                  
25     25         1          1             1           0             0                0                  
26     33         1          1             1           0             0                0                  
27     38         2          2             2           0             0                0                  
28     32         0          0             0           0             0                0                  
29     25         0          0             0           0             0                0                  
30     33         2          2             2           1             1                0                  
31     26         1          1             1           0             0                0                  
32     29         0          0             0           0             0                0                  
33     32         4          4             4           1             1                0                  
34     27         0          0             0           0             0                0                  
35     34         2          2             2           0             0                0                  
36     36         4          4             4           2             2                2                  
37     24         0          0             0           0             0                0                  
38     36         0          0             0           0             0                0                  
39     24         2          2             2           0             0                0                  
40     31         3          3             3           1             1                1                  
41     22         2          2             2           1             1                0                  
42     32         0          0             0           0             0                0                  
43     36         1          1             1           0             0                0                  
44     27         2          2             1           1             1                1                  
45     20         1          1             1           0             0                0                  
46     28         0          0             0           0             0                0                  
47     29         1          1             1           0             0                0                  
48     27         1          1             1           0             0                0                  
49     34         0          0             0           0             0                0                  
50     31         2          2             2           1             1                1                  
51     32         1          1             1           1             1                1                  
52     27         1          1             1           0             0                0                  
53     27         0          0             0           0             0                0                  
54     28         3          3             3           1             1                1                  
55     23         0          0             0           0             0                0                  
56     24         0          0             0           0             0                0                  
57     34         1          1             1           1             1                0                  
58     31         0          0             0           0             0                0                  
59     20         1          1             1           1             1                1                  
60     18         2          2             2           2             2                1                  
61     24         0          0             0           0             0                0                  
62     27         1          1             1           0             0                0                  
63     19         0          0             0           0             0                0                  
64     31         2          2             2           2             2                2                  
65     37         4          4             4           3             3                2                  
66     29         0          0             0           0             0                0                  
67     30         2          2             2           0             0                0                  
68     27         1          1             1           1             1                0                  
69     17         1          1             1           0             0                0                  
70     33         3          3             3           1             1                1                  
71     25         0          0             0           0             0                0                  
72     33         0          0             0           0             0                0                  
73     17         0          0             0           0             0                0                  
74     26         1          1             1           0             0                0                  
75     21         1          1             1           1             1                0                  
76     27         3          3             3           1             1                1                  
77     37         1          1             1           0             0                0                  
78     32         1          1             1           1             1                1                  
79     16         1          1             1           1             1                1                  
80     27         0          0             0           0             0                0                  
----------------------------------------------------------------------------------
SUM    2229       88         88            87          42            42               30                 
----------------------------------------------------------------------------------

 Total Ripple Number: 

 Detection parameters:
     maximum_peak:    4
     maxRippleLength: 100
     detection_peaks: peaks
     num_peaks:       3
