Trial  Det1_2SD   Det2_4SD   Det3_MaxLen   Det4_Join   Det5_Cycles   68               101                
t6_Artif_Rej Det7_Spctr_Peak 1      30         4          4             4           2             2                2                  
2      23         1          1             1           1             1                1                  
3      21         1          1             1           0             0                0                  
4      14         0          0             0           0             0                0                  
5      18         1          1             1           1             1                0                  
6      25         3          3             3           1             1                0                  
7      24         0          0             0           0             0                0                  
8      29         0          0             0           0             0                0                  
9      26         1          1             1           0             0                0                  
10     25         1          1             1           0             0                0                  
11     33         3          3             3           2             2                1                  
12     40         6          6             5           1             1                1                  
13     37         4          4             3           1             1                1                  
14     27         1          1             1           0             0                0                  
15     26         2          2             2           1             1                0                  
16     31         1          1             1           0             0                0                  
17     28         2          2             2           1             1                0                  
18     35         1          1             1           1             1                0                  
19     32         1          1             1           0             0                0                  
20     36         1          1             1           0             0                0                  
21     30         1          1             1           1             1                1                  
22     17         1          1             1           0             0                0                  
23     20         1          1             1           1             1                1                  
24     28         0          0             0           0             0                0                  
25     26         1          1             1           0             0                0                  
26     34         3          3             3           1             1                1                  
27     33         2          2             2           1             1                1                  
28     31         0          0             0           0             0                0                  
29     31         2          2             2           0             0                0                  
30     25         1          1             1           0             0                0                  
31     35         2          2             2           1             1                1                  
32     43         8          8             8           6             6                4                  
33     28         2          2             2           2             2                1                  
34     35         1          1             1           1             1                0                  
35     30         1          1             1           1             1                0                  
36     15         0          0             0           0             0                0                  
37     27         1          1             1           0             0                0                  
38     27         0          0             0           0             0                0                  
39     23         1          1             1           0             0                0                  
40     22         1          1             1           0             0                0                  
41     36         0          0             0           0             0                0                  
42     19         0          0             0           0             0                0                  
43     24         0          0             0           0             0                0                  
44     32         1          1             1           1             1                1                  
45     17         0          0             0           0             0                0                  
46     24         0          0             0           0             0                0                  
47     26         0          0             0           0             0                0                  
48     29         0          0             0           0             0                0                  
49     25         0          0             0           0             0                0                  
50     23         0          0             0           0             0                0                  
51     33         2          2             2           0             0                0                  
52     24         2          2             2           0             0                0                  
53     32         0          0             0           0             0                0                  
54     32         0          0             0           0             0                0                  
55     41         1          1             1           1             1                1                  
56     33         1          1             1           1             1                1                  
57     21         0          0             0           0             0                0                  
58     18         0          0             0           0             0                0                  
59     24         0          0             0           0             0                0                  
60     38         4          4             4           1             1                1                  
61     31         3          3             3           1             1                0                  
62     33         0          0             0           0             0                0                  
63     19         0          0             0           0             0                0                  
64     28         0          0             0           0             0                0                  
65     34         1          1             1           1             1                1                  
66     27         2          2             2           0             0                0                  
67     27         1          1             1           1             1                0                  
68     29         0          0             0           0             0                0                  
69     15         0          0             0           0             0                0                  
70     21         1          1             1           1             1                1                  
71     32         0          0             0           0             0                0                  
72     38         4          4             3           2             2                1                  
73     17         0          0             0           0             0                0                  
74     27         2          2             2           1             1                1                  
75     43         8          8             8           3             3                2                  
76     23         5          5             4           2             2                2                  
77     30         2          2             2           0             0                0                  
78     27         2          2             2           0             0                0                  
79     29         1          1             1           0             0                0                  
80     17         0          0             0           0             0                0                  
----------------------------------------------------------------------------------
SUM    2218       106        106           102         43            43               28                 
----------------------------------------------------------------------------------

 Total Ripple Number: 

 Detection parameters:
     maximum_peak:    4
     maxRippleLength: 100
     detection_peaks: peaks
     num_peaks:       3
