Trial  Det1_2SD   Det2_4SD   Det3_MaxLen   Det4_Join   Det5_Cycles   68               101                
t6_Artif_Rej Det7_Spctr_Peak 1      35         0          0             0           0             0                0                  
2      30         1          1             1           1             1                1                  
3      27         1          1             1           0             0                0                  
4      22         0          0             0           0             0                0                  
5      20         0          0             0           0             0                0                  
6      16         0          0             0           0             0                0                  
7      25         0          0             0           0             0                0                  
8      30         1          1             1           0             0                0                  
9      28         2          2             2           0             0                0                  
10     25         1          1             1           0             0                0                  
11     31         2          2             2           1             1                1                  
12     25         1          1             1           0             0                0                  
13     26         2          2             2           0             0                0                  
14     33         1          1             1           0             0                0                  
15     23         0          0             0           0             0                0                  
16     21         0          0             0           0             0                0                  
17     38         0          0             0           0             0                0                  
18     38         2          2             2           0             0                0                  
19     40         2          2             2           1             0                0                  
20     27         2          2             2           0             0                0                  
21     22         1          1             1           0             0                0                  
22     35         1          1             1           0             0                0                  
23     25         0          0             0           0             0                0                  
24     30         0          0             0           0             0                0                  
25     29         0          0             0           0             0                0                  
26     29         0          0             0           0             0                0                  
27     36         0          0             0           0             0                0                  
28     36         0          0             0           0             0                0                  
29     29         2          2             2           0             0                0                  
30     35         3          3             3           2             2                2                  
31     36         3          3             3           1             1                1                  
32     24         0          0             0           0             0                0                  
33     39         4          4             4           2             2                0                  
34     25         0          0             0           0             0                0                  
35     20         1          1             1           0             0                0                  
36     33         2          2             2           0             0                0                  
37     25         1          1             1           1             1                1                  
38     30         2          2             2           1             1                1                  
39     28         1          1             1           0             0                0                  
40     31         1          1             1           0             0                0                  
41     19         0          0             0           0             0                0                  
42     23         0          0             0           0             0                0                  
43     31         0          0             0           0             0                0                  
44     23         1          1             1           1             1                1                  
45     29         1          1             1           1             1                1                  
46     32         1          1             1           1             1                1                  
47     23         0          0             0           0             0                0                  
48     28         0          0             0           0             0                0                  
49     25         0          0             0           0             0                0                  
50     22         1          1             1           0             0                0                  
51     33         1          1             1           0             0                0                  
52     32         0          0             0           0             0                0                  
53     26         2          2             2           1             1                1                  
54     30         3          3             3           2             2                1                  
55     21         0          0             0           0             0                0                  
56     27         1          1             1           0             0                0                  
57     30         3          3             3           1             1                1                  
58     28         3          3             3           0             0                0                  
59     21         1          1             1           1             1                1                  
60     30         1          1             1           1             1                1                  
61     28         0          0             0           0             0                0                  
62     32         1          1             1           1             1                0                  
63     20         0          0             0           0             0                0                  
64     24         0          0             0           0             0                0                  
65     26         1          1             1           1             1                1                  
66     21         0          0             0           0             0                0                  
67     30         2          2             2           1             1                1                  
68     25         0          0             0           0             0                0                  
69     24         1          1             1           1             1                1                  
70     26         0          0             0           0             0                0                  
71     25         0          0             0           0             0                0                  
72     30         5          5             5           2             2                2                  
73     21         3          3             3           3             3                2                  
74     29         2          2             2           1             1                0                  
75     18         1          1             1           1             1                1                  
76     21         1          1             1           0             0                0                  
77     22         1          1             1           1             1                1                  
78     18         0          0             0           0             0                0                  
79     23         1          1             1           0             0                0                  
80     15         1          1             1           0             0                0                  
----------------------------------------------------------------------------------
SUM    2168       79         79            79          31            30               24                 
----------------------------------------------------------------------------------

 Total Ripple Number: 

 Detection parameters:
     maximum_peak:    4
     maxRippleLength: 100
     detection_peaks: peaks
     num_peaks:       3
