Trial  Det1_2SD   Det2_4SD   Det3_MaxLen   Det4_Join   Det5_Cycles   68               101                
t6_Artif_Rej Det7_Spctr_Peak 1      21         1          1             1           0             0                0                  
2      35         2          2             2           1             1                1                  
3      29         0          0             0           0             0                0                  
4      30         1          1             1           0             0                0                  
5      29         0          0             0           0             0                0                  
6      20         0          0             0           0             0                0                  
7      25         1          1             1           0             0                0                  
8      29         2          2             2           1             1                1                  
9      24         0          0             0           0             0                0                  
10     35         2          2             2           2             2                2                  
11     35         0          0             0           0             0                0                  
12     30         0          0             0           0             0                0                  
13     36         0          0             0           0             0                0                  
14     36         0          0             0           0             0                0                  
15     34         0          0             0           0             0                0                  
16     29         0          0             0           0             0                0                  
17     26         1          1             1           1             1                1                  
18     29         0          0             0           0             0                0                  
19     40         0          0             0           0             0                0                  
20     24         0          0             0           0             0                0                  
21     19         0          0             0           0             0                0                  
22     34         3          3             3           3             3                3                  
23     15         0          0             0           0             0                0                  
24     34         1          1             1           0             0                0                  
25     24         0          0             0           0             0                0                  
26     34         1          1             1           0             0                0                  
27     22         1          1             1           1             1                1                  
28     29         0          0             0           0             0                0                  
29     37         1          1             1           1             1                1                  
30     29         1          1             1           0             0                0                  
31     31         1          1             1           0             0                0                  
32     22         0          0             0           0             0                0                  
33     31         1          1             1           1             1                0                  
34     22         0          0             0           0             0                0                  
35     22         1          1             1           0             0                0                  
36     37         5          5             5           1             1                1                  
37     36         5          5             5           1             0                0                  
38     38         0          0             0           0             0                0                  
39     26         0          0             0           0             0                0                  
40     32         1          1             1           0             0                0                  
41     22         0          0             0           0             0                0                  
42     31         1          1             1           1             1                0                  
43     35         1          1             1           0             0                0                  
44     29         3          3             3           1             1                1                  
45     25         2          2             2           0             0                0                  
46     23         1          1             1           0             0                0                  
47     25         0          0             0           0             0                0                  
48     26         0          0             0           0             0                0                  
49     25         0          0             0           0             0                0                  
50     33         1          1             1           1             1                1                  
51     35         3          3             3           2             2                2                  
52     33         2          2             2           1             1                1                  
53     43         1          1             1           0             0                0                  
54     23         0          0             0           0             0                0                  
55     33         0          0             0           0             0                0                  
56     32         1          1             1           1             1                1                  
57     38         0          0             0           0             0                0                  
58     24         0          0             0           0             0                0                  
59     25         0          0             0           0             0                0                  
60     27         1          1             1           0             0                0                  
61     28         1          1             1           0             0                0                  
62     21         1          1             1           1             1                1                  
63     18         0          0             0           0             0                0                  
64     30         3          3             3           1             1                1                  
65     27         1          1             1           1             1                1                  
66     28         3          3             3           3             3                3                  
67     30         2          2             2           1             1                1                  
68     23         0          0             0           0             0                0                  
69     22         0          0             0           0             0                0                  
70     22         1          1             1           0             0                0                  
71     19         0          0             0           0             0                0                  
72     26         0          0             0           0             0                0                  
73     20         1          1             1           0             0                0                  
74     29         0          0             0           0             0                0                  
75     27         0          0             0           0             0                0                  
76     16         1          1             1           1             1                1                  
77     24         1          1             1           1             1                1                  
78     21         0          0             0           0             0                0                  
79     23         0          0             0           0             0                0                  
80     27         1          1             1           0             0                0                  
----------------------------------------------------------------------------------
SUM    2238       65         65            65          29            28               26                 
----------------------------------------------------------------------------------

 Total Ripple Number: 

 Detection parameters:
     maximum_peak:    4
     maxRippleLength: 100
     detection_peaks: peaks
     num_peaks:       3
