Trial  Det1_2SD   Det2_4SD   Det3_MaxLen   Det4_Join   Det5_Cycles   68               101                
t6_Artif_Rej Det7_Spctr_Peak 1      19         0          0             0           0             0                0                  
2      27         0          0             0           0             0                0                  
3      23         2          2             2           1             1                0                  
4      30         0          0             0           0             0                0                  
5      26         1          1             1           0             0                0                  
6      19         0          0             0           0             0                0                  
7      32         0          0             0           0             0                0                  
8      28         0          0             0           0             0                0                  
9      27         2          2             2           2             2                2                  
10     45         0          0             0           0             0                0                  
11     25         0          0             0           0             0                0                  
12     26         1          1             1           0             0                0                  
13     34         2          2             2           1             0                0                  
14     26         0          0             0           0             0                0                  
15     31         0          0             0           0             0                0                  
16     26         0          0             0           0             0                0                  
17     26         3          3             3           1             1                1                  
18     33         0          0             0           0             0                0                  
19     30         1          1             1           1             0                0                  
20     24         0          0             0           0             0                0                  
21     29         0          0             0           0             0                0                  
22     27         1          1             1           1             1                1                  
23     33         1          1             1           0             0                0                  
24     27         2          2             2           2             2                0                  
25     31         0          0             0           0             0                0                  
26     27         0          0             0           0             0                0                  
27     32         0          0             0           0             0                0                  
28     24         0          0             0           0             0                0                  
29     34         0          0             0           0             0                0                  
30     27         2          2             2           1             1                0                  
31     31         0          0             0           0             0                0                  
32     23         0          0             0           0             0                0                  
33     20         0          0             0           0             0                0                  
34     21         2          2             2           0             0                0                  
35     34         1          1             1           0             0                0                  
36     31         2          2             2           1             1                1                  
37     24         1          1             1           0             0                0                  
38     30         0          0             0           0             0                0                  
39     20         0          0             0           0             0                0                  
40     40         2          2             2           2             2                1                  
41     25         1          1             1           0             0                0                  
42     30         0          0             0           0             0                0                  
43     22         0          0             0           0             0                0                  
44     26         0          0             0           0             0                0                  
45     35         0          0             0           0             0                0                  
46     26         0          0             0           0             0                0                  
47     24         1          1             1           0             0                0                  
48     32         1          1             1           0             0                0                  
49     21         0          0             0           0             0                0                  
50     22         0          0             0           0             0                0                  
51     33         2          2             2           1             1                1                  
52     28         1          1             1           0             0                0                  
53     27         2          2             2           0             0                0                  
54     21         0          0             0           0             0                0                  
55     19         1          1             1           0             0                0                  
56     18         0          0             0           0             0                0                  
57     22         1          1             1           1             1                1                  
58     20         0          0             0           0             0                0                  
59     22         1          1             1           1             1                0                  
60     34         0          0             0           0             0                0                  
61     27         0          0             0           0             0                0                  
62     27         0          0             0           0             0                0                  
63     20         1          1             1           0             0                0                  
64     16         0          0             0           0             0                0                  
65     32         5          5             5           2             2                2                  
66     18         1          1             1           1             1                1                  
67     25         0          0             0           0             0                0                  
68     19         0          0             0           0             0                0                  
69     22         0          0             0           0             0                0                  
70     31         0          0             0           0             0                0                  
71     26         1          1             1           0             0                0                  
72     27         0          0             0           0             0                0                  
73     26         0          0             0           0             0                0                  
74     41         3          3             3           1             1                1                  
75     32         1          1             1           0             0                0                  
76     29         0          0             0           0             0                0                  
77     28         1          1             1           0             0                0                  
78     31         0          0             0           0             0                0                  
79     29         0          0             0           0             0                0                  
80     31         0          0             0           0             0                0                  
----------------------------------------------------------------------------------
SUM    2166       50         50            50          20            18               12                 
----------------------------------------------------------------------------------

 Total Ripple Number: 

 Detection parameters:
     maximum_peak:    4
     maxRippleLength: 100
     detection_peaks: peaks
     num_peaks:       3
