Trial  Det1_2SD   Det2_4SD   Det3_MaxLen   Det4_Join   Det5_Cycles   68               101                
t6_Artif_Rej Det7_Spctr_Peak 1      25         8          8             8           4             4                2                  
2      18         1          1             1           0             0                0                  
3      29         10         10            9           2             2                1                  
4      16         4          4             4           1             1                0                  
5      16         6          6             6           2             2                2                  
6      26         4          4             4           2             2                1                  
7      25         9          9             9           3             2                1                  
8      15         6          6             6           1             1                1                  
9      22         5          5             5           3             3                1                  
10     24         5          5             5           4             4                2                  
11     20         4          4             4           3             3                2                  
12     22         4          4             4           2             2                1                  
13     39         19         19            18          8             8                7                  
14     17         3          3             3           0             0                0                  
15     34         17         17            17          9             9                3                  
16     29         6          6             5           2             2                1                  
17     30         7          7             7           2             2                1                  
18     23         6          6             6           3             3                2                  
19     28         11         11            8           3             3                2                  
20     20         4          4             4           1             1                0                  
21     21         7          7             7           3             3                0                  
22     18         4          4             4           3             3                1                  
23     20         6          6             6           3             3                2                  
24     26         8          8             8           4             4                1                  
25     34         14         14            13          9             8                6                  
26     30         6          6             6           6             6                6                  
27     17         5          5             5           2             2                0                  
28     22         3          3             3           2             2                2                  
29     20         6          6             6           2             2                1                  
30     30         12         12            11          7             7                3                  
31     25         5          5             4           3             3                2                  
32     36         9          9             9           7             7                3                  
33     25         5          5             5           1             1                1                  
34     34         8          8             8           5             5                3                  
35     38         15         15            15          8             8                5                  
36     31         10         10            10          1             1                0                  
37     30         6          6             6           1             1                1                  
38     25         7          7             7           2             2                2                  
39     25         3          3             3           1             1                1                  
40     34         9          9             8           4             4                2                  
41     22         4          4             4           3             3                2                  
42     28         6          6             6           2             2                0                  
43     20         2          2             2           1             1                1                  
44     33         12         12            12          6             6                4                  
45     28         9          9             9           3             3                1                  
46     25         8          8             8           3             3                2                  
47     23         5          5             4           1             1                0                  
48     16         5          5             5           2             2                2                  
49     29         11         11            11          5             5                1                  
50     19         6          6             6           2             2                2                  
51     24         3          3             3           1             1                1                  
52     30         7          7             7           5             5                4                  
53     23         7          7             5           4             4                3                  
54     27         6          6             6           2             2                1                  
55     25         7          7             7           6             6                4                  
56     24         9          9             9           7             7                4                  
57     23         5          5             5           2             2                2                  
58     25         5          5             4           3             3                3                  
59     22         1          1             1           0             0                0                  
60     35         12         12            12          5             4                2                  
61     25         10         10            10          1             1                1                  
62     27         5          5             5           3             3                2                  
63     37         13         13            13          6             6                4                  
64     14         2          2             2           2             2                0                  
65     20         6          6             6           0             0                0                  
66     35         11         11            10          5             4                2                  
67     16         8          8             7           1             1                1                  
68     25         7          7             7           2             2                2                  
69     21         3          3             3           1             1                0                  
70     35         9          9             8           6             5                2                  
71     33         9          9             8           3             2                0                  
72     25         7          7             7           3             3                1                  
73     28         7          7             7           3             3                0                  
74     35         15         15            12          5             5                3                  
75     19         9          9             6           2             2                0                  
76     17         3          3             3           1             1                1                  
77     24         6          6             6           2             2                2                  
78     17         5          5             5           1             1                1                  
79     42         13         13            13          5             5                5                  
80     28         4          4             3           2             2                0                  
----------------------------------------------------------------------------------
SUM    2043       569        569           544         246           240              138                
----------------------------------------------------------------------------------

 Total Ripple Number: 

 Detection parameters:
     maximum_peak:    3
     maxRippleLength: 100
     detection_peaks: thrsh
     num_peaks:       3
