Trial  Det1_2SD   Det2_4SD   Det3_MaxLen   Det4_Join   Det5_Cycles   68               101                
t6_Artif_Rej Det7_Spctr_Peak 1      19         3          3             3           2             2                1                  
2      29         3          3             3           1             1                0                  
3      30         10         10            10          4             4                2                  
4      22         7          7             7           2             2                2                  
5      20         3          3             3           1             1                1                  
6      36         8          8             8           2             2                1                  
7      23         9          9             9           4             3                3                  
8      26         9          9             9           5             5                2                  
9      20         6          6             6           1             1                1                  
10     17         6          6             6           4             4                2                  
11     25         8          8             8           3             3                2                  
12     23         5          5             4           3             3                2                  
13     41         11         11            11          5             5                3                  
14     24         2          2             2           2             2                2                  
15     34         11         11            10          6             6                3                  
16     33         9          9             9           5             5                2                  
17     31         6          6             6           2             2                2                  
18     15         3          3             3           1             1                1                  
19     23         7          7             6           3             3                3                  
20     17         4          4             4           0             0                0                  
21     34         10         10            10          4             4                2                  
22     29         7          7             7           3             3                2                  
23     20         4          4             4           3             3                1                  
24     19         5          5             5           4             4                2                  
25     33         10         10            10          2             2                1                  
26     34         5          5             5           2             2                2                  
27     25         7          7             7           2             2                1                  
28     23         5          5             4           3             3                1                  
29     21         4          4             4           0             0                0                  
30     35         13         13            13          8             8                5                  
31     15         5          5             5           4             4                1                  
32     31         5          5             3           3             3                2                  
33     22         3          3             3           2             2                1                  
34     28         2          2             2           1             1                1                  
35     36         8          8             8           4             3                2                  
36     37         10         10            9           4             3                1                  
37     24         11         11            10          6             6                2                  
38     23         2          2             2           1             1                0                  
39     14         4          4             4           2             2                2                  
40     31         10         10            9           2             2                1                  
41     37         9          9             9           1             1                0                  
42     33         11         11            11          4             3                1                  
43     32         6          6             6           3             3                3                  
44     29         8          8             8           5             5                4                  
45     32         5          5             5           3             3                1                  
46     22         2          2             2           1             1                0                  
47     24         8          8             8           2             2                1                  
48     17         2          2             2           0             0                0                  
49     36         8          8             8           1             1                0                  
50     22         4          4             4           2             2                1                  
51     31         6          6             6           2             2                0                  
52     25         7          7             7           2             2                2                  
53     33         10         10            9           5             5                4                  
54     19         5          5             5           2             2                2                  
55     23         8          8             8           4             4                2                  
56     30         7          7             7           3             3                1                  
57     27         8          8             8           3             3                0                  
58     15         6          6             6           2             2                2                  
59     17         3          3             3           1             1                0                  
60     28         5          5             4           2             2                0                  
61     23         6          6             6           3             3                2                  
62     21         5          5             5           3             2                2                  
63     31         11         11            10          9             9                8                  
64     25         4          4             4           1             1                1                  
65     37         9          9             8           2             2                2                  
66     32         8          8             8           4             4                3                  
67     23         5          5             5           1             1                1                  
68     23         4          4             4           1             1                1                  
69     26         10         10            10          6             6                3                  
70     35         11         11            11          2             2                0                  
71     29         8          8             8           1             1                0                  
72     23         4          4             4           1             1                1                  
73     21         5          5             5           4             4                3                  
74     37         9          9             8           4             3                1                  
75     23         5          5             4           2             2                1                  
76     29         3          3             3           2             2                1                  
77     35         8          8             8           6             6                3                  
78     22         5          5             5           1             1                1                  
79     20         4          4             4           2             2                1                  
80     26         9          9             9           5             5                3                  
----------------------------------------------------------------------------------
SUM    2115       521        521           506         224           218              127                
----------------------------------------------------------------------------------

 Total Ripple Number: 

 Detection parameters:
     maximum_peak:    3
     maxRippleLength: 100
     detection_peaks: thrsh
     num_peaks:       3
