Trial  Det1_2SD   Det2_4SD   Det3_MaxLen   Det4_Join   Det5_Cycles   68               101                
t6_Artif_Rej Det7_Spctr_Peak 1      22         7          7             7           4             4                1                  
2      19         2          2             2           2             2                1                  
3      33         6          6             6           2             2                1                  
4      20         3          3             3           0             0                0                  
5      27         3          3             2           2             2                1                  
6      23         9          9             9           4             4                1                  
7      27         6          6             5           2             2                2                  
8      24         7          7             6           4             4                4                  
9      23         5          5             5           3             3                1                  
10     25         7          7             6           2             2                1                  
11     29         8          8             7           3             3                0                  
12     28         4          4             4           1             1                0                  
13     23         6          6             6           2             2                0                  
14     21         5          5             5           2             2                1                  
15     33         8          8             8           4             4                3                  
16     32         12         12            12          6             6                1                  
17     22         4          4             4           3             3                2                  
18     26         6          6             6           3             3                0                  
19     32         14         14            12          6             5                1                  
20     25         7          7             7           3             3                1                  
21     28         11         11            10          2             1                0                  
22     20         2          2             2           1             1                1                  
23     25         7          7             7           3             3                2                  
24     30         6          6             6           2             2                0                  
25     28         15         15            15          4             4                1                  
26     31         10         10            9           4             4                1                  
27     30         10         10            10          3             3                2                  
28     19         3          3             3           1             1                0                  
29     15         2          2             2           0             0                0                  
30     32         10         10            10          4             4                2                  
31     30         10         10            10          5             4                1                  
32     33         8          8             8           5             5                3                  
33     23         6          6             6           2             2                1                  
34     27         5          5             5           2             2                2                  
35     32         11         11            11          4             4                4                  
36     30         7          7             7           4             4                3                  
37     23         7          7             7           2             2                1                  
38     16         3          3             3           1             1                1                  
39     31         4          4             3           1             1                1                  
40     28         3          3             3           0             0                0                  
41     30         8          8             8           3             3                3                  
42     30         10         10            9           3             2                1                  
43     22         6          6             6           2             1                1                  
44     38         10         10            10          4             4                2                  
45     29         6          6             6           3             3                0                  
46     25         9          9             8           4             4                0                  
47     32         10         10            10          4             3                1                  
48     24         6          6             6           0             0                0                  
49     27         8          8             8           3             3                2                  
50     23         8          8             7           1             1                0                  
51     35         6          6             5           3             3                2                  
52     18         3          3             3           1             1                1                  
53     24         11         11            9           4             4                1                  
54     27         4          4             4           2             1                0                  
55     25         6          6             6           2             2                1                  
56     24         8          8             8           2             2                1                  
57     31         10         10            10          3             2                1                  
58     24         9          9             9           3             3                1                  
59     24         6          6             6           4             3                2                  
60     27         8          8             8           7             6                1                  
61     36         13         13            13          8             8                2                  
62     23         10         10            10          4             4                3                  
63     17         2          2             2           0             0                0                  
64     20         7          7             7           2             2                2                  
65     25         2          2             2           0             0                0                  
66     44         18         18            16          4             4                3                  
67     25         8          8             7           2             2                1                  
68     21         5          5             5           1             1                1                  
69     23         7          7             6           3             3                2                  
70     37         8          8             8           2             2                1                  
71     28         4          4             4           1             1                0                  
72     35         10         10            9           3             2                0                  
73     21         5          5             5           4             3                2                  
74     34         12         12            10          8             8                4                  
75     35         12         12            11          4             4                2                  
76     32         12         12            12          5             5                2                  
77     34         13         13            13          7             7                4                  
78     31         6          6             6           2             2                1                  
79     38         18         18            17          8             8                2                  
80     42         18         18            18          11            10               6                  
----------------------------------------------------------------------------------
SUM    2185       611        611           586         245           232              107                
----------------------------------------------------------------------------------

 Total Ripple Number: k

 Detection parameters:
     maximum_peak:    3
     maxRippleLength: 100
     detection_peaks: thrsh
     num_peaks:       3
