Trial  Det1_2SD   Det2_4SD   Det3_MaxLen   Det4_Join   Det5_Cycles   68               101                
t6_Artif_Rej Det7_Spctr_Peak 1      31         6          6             6           1             1                1                  
2      20         4          4             4           3             3                1                  
3      29         9          9             9           2             2                0                  
4      28         5          5             5           4             4                3                  
5      17         1          1             1           1             1                1                  
6      32         12         12            12          6             6                3                  
7      22         5          5             5           4             4                3                  
8      21         4          4             4           1             1                1                  
9      34         6          6             6           2             2                2                  
10     28         10         10            10          6             6                3                  
11     30         8          8             8           4             4                2                  
12     17         5          5             5           1             1                0                  
13     23         7          7             7           4             4                3                  
14     16         4          4             4           0             0                0                  
15     31         10         10            10          2             2                1                  
16     33         11         11            10          6             6                3                  
17     20         2          2             2           1             1                1                  
18     24         3          3             3           1             1                1                  
19     19         9          9             9           3             3                1                  
20     22         8          8             8           2             2                2                  
21     23         4          4             4           4             4                4                  
22     22         7          7             7           3             3                3                  
23     18         6          6             6           5             5                2                  
24     22         6          6             6           5             5                1                  
25     32         9          9             9           2             2                1                  
26     24         5          5             5           2             2                0                  
27     21         9          9             9           3             3                2                  
28     22         3          3             3           2             2                1                  
29     15         3          3             3           1             1                0                  
30     25         7          7             7           6             6                4                  
31     27         7          7             7           6             5                2                  
32     34         10         10            9           3             3                0                  
33     15         4          4             4           1             1                0                  
34     26         6          6             5           2             2                1                  
35     34         10         10            10          5             5                3                  
36     42         14         14            13          9             8                4                  
37     25         9          9             9           5             5                3                  
38     30         3          3             3           0             0                0                  
39     23         5          5             5           1             1                1                  
40     29         9          9             8           4             4                1                  
41     35         12         12            10          3             3                2                  
42     30         11         11            11          6             5                1                  
43     29         3          3             3           2             2                1                  
44     23         7          7             7           2             2                0                  
45     23         8          8             8           7             6                5                  
46     30         5          5             5           0             0                0                  
47     22         3          3             3           2             2                2                  
48     26         3          3             3           3             3                1                  
49     42         8          8             7           2             2                1                  
50     21         6          6             6           3             3                1                  
51     23         7          7             7           2             2                0                  
52     22         9          9             8           2             2                1                  
53     27         9          9             8           5             5                4                  
54     32         7          7             7           3             3                1                  
55     27         8          8             8           2             2                0                  
56     22         3          3             3           1             1                1                  
57     31         2          2             2           0             0                0                  
58     17         2          2             2           0             0                0                  
59     19         2          2             2           1             1                1                  
60     23         6          6             5           4             4                2                  
61     24         6          6             6           3             3                2                  
62     27         6          6             6           5             4                4                  
63     37         12         12            11          6             6                4                  
64     19         2          2             2           0             0                0                  
65     34         7          7             7           1             1                0                  
66     29         10         10            9           6             6                1                  
67     23         7          7             7           3             3                2                  
68     14         2          2             2           0             0                0                  
69     26         5          5             5           3             3                1                  
70     45         11         11            10          6             6                3                  
71     30         9          9             8           5             5                2                  
72     30         9          9             9           5             5                4                  
73     24         4          4             4           2             2                2                  
74     33         9          9             8           4             4                2                  
75     16         8          8             8           4             4                1                  
76     24         10         10            9           5             5                3                  
77     37         7          7             7           4             4                3                  
78     13         2          2             2           0             0                0                  
79     20         1          1             1           1             1                0                  
80     24         4          4             4           3             3                1                  
----------------------------------------------------------------------------------
SUM    2059       517        517           500         239           234              124                
----------------------------------------------------------------------------------

 Total Ripple Number: |

 Detection parameters:
     maximum_peak:    3
     maxRippleLength: 100
     detection_peaks: thrsh
     num_peaks:       3
