Trial  Det1_2SD   Det2_4SD   Det3_MaxLen   Det4_Join   Det5_Cycles   68               101                
t6_Artif_Rej Det7_Spctr_Peak 1      29         8          8             8           1             1                1                  
2      19         3          3             3           0             0                0                  
3      26         4          4             4           3             3                2                  
4      24         5          5             5           2             2                2                  
5      19         4          4             4           1             1                1                  
6      34         8          8             8           4             4                2                  
7      28         3          3             3           1             1                1                  
8      28         8          8             8           4             4                4                  
9      30         8          8             8           3             3                3                  
10     32         7          7             6           3             3                1                  
11     26         2          2             2           2             2                1                  
12     20         3          3             3           2             2                1                  
13     30         14         14            13          9             9                3                  
14     22         5          5             5           0             0                0                  
15     33         8          8             8           4             4                2                  
16     28         9          9             9           2             2                2                  
17     29         5          5             5           1             1                1                  
18     35         7          7             7           2             2                2                  
19     28         11         11            8           4             4                1                  
20     22         8          8             8           3             3                2                  
21     26         9          9             8           6             6                2                  
22     26         4          4             4           0             0                0                  
23     22         7          7             7           3             3                3                  
24     29         8          8             8           1             1                1                  
25     47         14         14            11          5             5                3                  
26     34         10         10            9           3             3                2                  
27     18         6          6             6           1             1                0                  
28     21         6          6             6           3             3                3                  
29     25         4          4             4           1             1                0                  
30     46         13         13            12          8             7                2                  
31     40         11         11            11          5             5                2                  
32     37         11         11            11          2             2                0                  
33     26         7          7             7           1             1                0                  
34     19         3          3             3           0             0                0                  
35     24         8          8             7           4             3                1                  
36     37         12         12            12          5             5                3                  
37     22         5          5             5           1             1                1                  
38     25         6          6             6           2             2                1                  
39     32         11         11            11          2             2                1                  
40     29         9          9             9           1             1                0                  
41     39         8          8             8           2             2                1                  
42     32         9          9             9           5             5                2                  
43     27         5          5             5           1             1                1                  
44     32         13         13            12          4             4                1                  
45     35         15         15            15          7             6                3                  
46     30         11         11            11          2             2                2                  
47     17         2          2             2           1             1                0                  
48     33         14         14            14          9             8                7                  
49     29         10         10            10          3             3                2                  
50     23         8          8             7           4             4                1                  
51     37         11         11            10          8             7                4                  
52     21         3          3             3           1             0                0                  
53     30         8          8             7           4             4                3                  
54     24         9          9             8           1             1                0                  
55     34         7          7             7           1             1                1                  
56     24         9          9             9           4             4                2                  
57     34         9          9             9           1             1                1                  
58     35         13         13            13          4             4                1                  
59     22         6          6             6           3             3                1                  
60     30         7          7             7           4             4                2                  
61     32         5          5             5           1             1                1                  
62     25         5          5             5           2             2                2                  
63     24         6          6             6           2             2                1                  
64     25         5          5             5           2             2                1                  
65     31         10         10            10          1             1                1                  
66     27         15         15            15          6             6                3                  
67     25         8          8             7           3             2                1                  
68     33         5          5             5           1             1                0                  
69     20         9          9             9           3             3                3                  
70     31         8          8             8           2             2                1                  
71     21         11         11            11          2             2                2                  
72     29         9          9             8           1             1                1                  
73     28         8          8             8           1             1                1                  
74     31         7          7             6           3             3                2                  
75     28         8          8             7           3             3                2                  
76     28         4          4             4           2             2                2                  
77     33         7          7             7           2             2                1                  
78     20         11         11            11          3             3                2                  
79     32         14         14            13          5             5                2                  
80     32         11         11            11          7             7                4                  
----------------------------------------------------------------------------------
SUM    2270       637        637           615         226           219              125                
----------------------------------------------------------------------------------

 Total Ripple Number: }

 Detection parameters:
     maximum_peak:    3
     maxRippleLength: 100
     detection_peaks: thrsh
     num_peaks:       3
