Trial  Det1_2SD   Det2_4SD   Det3_MaxLen   Det4_Join   Det5_Cycles   68               101                
t6_Artif_Rej Det7_Spctr_Peak 1      20         6          6             6           2             2                1                  
2      19         3          3             3           2             2                1                  
3      18         3          3             3           1             1                1                  
4      35         7          7             7           3             3                2                  
5      20         3          3             3           1             1                0                  
6      25         3          3             3           2             2                1                  
7      23         7          7             6           3             2                1                  
8      28         4          4             4           1             1                0                  
9      28         3          3             3           2             2                1                  
10     25         6          6             6           5             5                3                  
11     29         2          2             2           0             0                0                  
12     17         2          2             2           1             1                1                  
13     19         6          6             6           2             2                1                  
14     28         6          6             6           1             1                1                  
15     19         6          6             6           1             1                1                  
16     31         2          2             2           0             0                0                  
17     25         6          6             6           3             3                1                  
18     32         5          5             5           3             3                2                  
19     36         10         10            10          5             5                2                  
20     30         2          2             2           1             1                1                  
21     23         7          7             7           2             2                1                  
22     20         2          2             2           1             1                1                  
23     23         5          5             5           2             2                2                  
24     26         6          6             5           3             3                2                  
25     24         7          7             7           4             3                2                  
26     35         9          9             9           6             6                2                  
27     25         5          5             4           4             4                0                  
28     28         6          6             5           2             2                0                  
29     24         1          1             1           0             0                0                  
30     22         2          2             2           1             1                1                  
31     35         11         11            11          4             4                3                  
32     19         2          2             2           0             0                0                  
33     26         6          6             6           1             1                1                  
34     40         14         14            13          5             5                3                  
35     25         7          7             6           3             3                2                  
36     32         6          6             6           1             1                1                  
37     23         5          5             5           2             2                0                  
38     24         4          4             4           2             2                2                  
39     30         3          3             3           1             1                1                  
40     23         3          3             3           0             0                0                  
41     28         7          7             6           3             3                1                  
42     23         6          6             6           3             2                1                  
43     20         6          6             6           1             1                1                  
44     36         14         14            12          6             6                2                  
45     17         2          2             2           1             1                1                  
46     34         11         11            10          4             4                2                  
47     24         7          7             5           3             2                0                  
48     19         4          4             4           2             2                1                  
49     30         7          7             7           2             2                1                  
50     20         4          4             3           1             1                0                  
51     27         3          3             2           1             1                0                  
52     27         5          5             5           3             3                2                  
53     38         10         10            10          6             5                3                  
54     31         6          6             6           4             4                0                  
55     23         4          4             4           2             2                0                  
56     31         6          6             6           3             3                2                  
57     29         2          2             2           1             1                1                  
58     21         5          5             5           1             1                1                  
59     23         5          5             5           2             2                2                  
60     31         10         10            10          4             4                3                  
61     25         7          7             6           3             3                0                  
62     25         3          3             3           2             2                2                  
63     23         6          6             6           2             2                2                  
64     22         2          2             2           1             0                0                  
65     21         5          5             5           2             2                0                  
66     22         6          6             6           3             3                1                  
67     21         4          4             4           2             2                1                  
68     18         6          6             6           2             1                1                  
69     24         4          4             4           4             4                3                  
70     35         11         11            10          6             5                3                  
71     20         5          5             5           2             2                2                  
72     19         3          3             3           1             1                0                  
73     22         7          7             7           3             3                1                  
74     31         7          7             7           3             3                0                  
75     22         1          1             1           0             0                0                  
76     25         3          3             3           1             1                1                  
77     20         8          8             8           2             2                1                  
78     27         7          7             6           5             5                2                  
79     26         10         10            10          7             7                1                  
80     29         11         11            11          6             6                4                  
----------------------------------------------------------------------------------
SUM    2043       443        443           426         193           185              94                 
----------------------------------------------------------------------------------

 Total Ripple Number: ^

 Detection parameters:
     maximum_peak:    3
     maxRippleLength: 100
     detection_peaks: thrsh
     num_peaks:       3
