Trial  Det1_2SD   Det2_4SD   Det3_MaxLen   Det4_Join   Det5_Cycles   68               101                
t6_Artif_Rej Det7_Spctr_Peak 1      26         5          5             4           3             3                3                  
2      20         3          3             3           0             0                0                  
3      22         3          3             3           1             1                1                  
4      19         4          4             4           0             0                0                  
5      21         3          3             3           0             0                0                  
6      21         4          4             4           2             2                1                  
7      29         11         11            11          3             2                0                  
8      25         4          4             4           2             2                1                  
9      25         1          1             1           0             0                0                  
10     32         3          3             3           3             3                1                  
11     28         5          5             5           2             2                2                  
12     17         4          4             4           1             1                1                  
13     22         5          5             5           4             4                3                  
14     29         10         10            10          5             5                4                  
15     19         5          5             5           1             1                1                  
16     19         3          3             3           0             0                0                  
17     35         7          7             7           3             3                2                  
18     28         8          8             8           3             3                3                  
19     29         12         12            12          4             4                2                  
20     27         6          6             6           2             2                2                  
21     28         6          6             6           3             3                2                  
22     34         6          6             6           1             1                1                  
23     27         4          4             4           2             2                2                  
24     23         7          7             7           2             2                2                  
25     26         7          7             7           5             4                2                  
26     43         12         12            11          5             5                2                  
27     18         10         10            8           7             7                2                  
28     30         3          3             2           2             2                1                  
29     19         1          1             1           0             0                0                  
30     27         6          6             6           2             2                2                  
31     38         10         10            10          3             3                3                  
32     18         4          4             4           0             0                0                  
33     26         10         10            10          4             4                3                  
34     37         10         10            10          3             3                2                  
35     30         6          6             6           3             3                2                  
36     29         1          1             1           1             1                1                  
37     18         4          4             4           1             1                1                  
38     22         6          6             6           2             2                2                  
39     33         10         10            10          3             3                2                  
40     25         5          5             5           3             3                3                  
41     30         9          9             9           3             3                2                  
42     23         3          3             3           1             1                1                  
43     20         2          2             2           0             0                0                  
44     39         12         12            11          5             5                1                  
45     15         0          0             0           0             0                0                  
46     26         7          7             7           3             3                2                  
47     25         11         11            8           3             2                1                  
48     15         6          6             6           3             3                2                  
49     27         6          6             6           2             2                1                  
50     24         7          7             6           3             3                2                  
51     24         4          4             3           2             2                1                  
52     29         6          6             6           5             4                3                  
53     34         9          9             9           6             5                3                  
54     28         6          6             6           1             1                0                  
55     27         6          6             6           3             3                2                  
56     21         5          5             5           3             3                2                  
57     29         6          6             6           1             1                1                  
58     18         3          3             3           1             1                1                  
59     20         5          5             5           3             3                2                  
60     26         10         10            10          3             3                3                  
61     37         6          6             6           4             4                2                  
62     22         5          5             5           2             2                2                  
63     18         6          6             6           1             1                1                  
64     15         5          5             5           4             3                3                  
65     21         4          4             4           3             3                3                  
66     29         2          2             2           1             1                0                  
67     33         9          9             8           3             3                1                  
68     22         6          6             6           3             3                1                  
69     20         2          2             2           2             2                2                  
70     34         11         11            10          8             7                5                  
71     26         6          6             6           1             1                1                  
72     14         3          3             3           2             2                1                  
73     32         9          9             9           3             3                1                  
74     36         6          6             6           2             2                0                  
75     21         0          0             0           0             0                0                  
76     26         6          6             6           3             3                3                  
77     28         6          6             5           2             2                1                  
78     22         7          7             7           3             3                0                  
79     30         13         13            13          6             6                0                  
80     40         18         18            15          8             7                3                  
----------------------------------------------------------------------------------
SUM    2070       487        487           470         203           195              122                
----------------------------------------------------------------------------------

 Total Ripple Number: z

 Detection parameters:
     maximum_peak:    3
     maxRippleLength: 100
     detection_peaks: thrsh
     num_peaks:       3
