Trial  Det1_2SD   Det2_4SD   Det3_MaxLen   Det4_Join   Det5_Cycles   Det6_Artif_Rej  
1      31         6          6             6           1             1               
2      24         1          1             1           1             1               
3      31         5          5             5           2             2               
4      25         4          4             4           0             0               
5      18         4          4             4           1             1               
6      25         5          5             5           0             0               
7      20         4          4             4           1             1               
8      29         14         14            13          6             5               
9      34         9          9             9           3             3               
10     29         8          8             8           2             2               
11     28         6          6             6           4             4               
12     23         8          8             8           4             4               
13     26         11         11            10          5             5               
14     19         6          6             6           3             2               
15     25         3          3             3           1             1               
16     42         10         10            10          5             5               
17     43         8          8             8           4             4               
18     39         16         16            15          8             8               
19     29         9          9             9           2             2               
20     30         10         10            10          4             3               
21     21         6          6             6           4             4               
22     22         1          1             1           1             1               
23     25         2          2             2           0             0               
24     29         11         11            11          6             6               
25     20         3          3             3           1             1               
26     16         4          4             4           2             2               
27     22         5          5             5           3             3               
28     20         7          7             7           3             3               
29     33         7          7             7           3             2               
30     33         12         12            12          6             6               
31     22         4          4             3           2             2               
32     19         4          4             4           2             2               
33     34         5          5             5           4             4               
34     23         4          4             4           2             2               
35     24         3          3             3           0             0               
36     31         8          8             8           4             4               
37     28         9          9             9           3             3               
38     16         5          5             5           1             1               
39     21         4          4             4           2             2               
40     33         11         11            11          5             5               
41     32         11         11            11          2             2               
42     18         1          1             1           0             0               
43     39         8          8             8           2             2               
44     19         2          2             2           2             2               
45     24         4          4             4           2             2               
46     38         16         16            13          5             4               
47     21         10         10            8           6             5               
48     29         9          9             8           3             3               
49     21         10         10            8           6             5               
50     17         2          2             2           0             0               
51     49         15         15            15          8             8               
52     30         5          5             4           2             2               
53     32         7          7             6           3             3               
54     28         8          8             7           5             5               
55     34         14         14            14          1             1               
56     28         11         11            11          2             2               
57     41         17         17            17          10            10              
58     27         9          9             9           6             5               
59     23         5          5             5           2             2               
60     29         10         10            10          4             4               
61     31         16         16            12          9             8               
62     23         7          7             7           2             2               
63     23         6          6             6           2             2               
64     31         5          5             4           3             3               
65     33         9          9             9           4             4               
66     24         5          5             5           3             3               
67     28         8          8             8           4             4               
68     36         15         15            14          10            9               
69     31         13         13            12          6             5               
70     36         9          9             9           2             2               
71     21         5          5             5           1             1               
72     39         9          9             9           4             4               
73     16         2          2             2           0             0               
74     17         1          1             1           1             1               
75     56         19         19            18          8             8               
76     33         7          7             7           1             1               
77     49         17         17            17          6             6               
78     22         5          5             5           3             3               
79     34         9          9             9           4             4               
80     32         7          7             5           2             2               
----------------------------------------------------------------------------------
SUM    2256       610        610           585         257           246             
----------------------------------------------------------------------------------

 Total Ripple Number: ö

 Detection parameters:
     maximum_peak:    3
     maxRippleLength: 100
     detection_peaks: thrsh
     num_peaks:       3
