Trial  Det1_2SD   Det2_4SD   Det3_MaxLen   Det4_Join   Det5_Cycles   Det6_Artif_Rej  
1      26         7          7             7           1             1               
2      26         7          7             7           0             0               
3      26         3          3             3           1             1               
4      36         8          8             8           2             2               
5      20         7          7             7           0             0               
6      31         11         11            11          4             4               
7      28         5          5             5           2             2               
8      31         8          8             7           4             3               
9      41         12         12            12          5             5               
10     36         6          6             6           3             3               
11     33         4          4             4           2             2               
12     23         6          6             6           3             3               
13     39         12         12            12          3             3               
14     30         11         11            11          2             2               
15     29         5          5             5           3             3               
16     41         8          8             7           2             2               
17     42         4          4             4           0             0               
18     49         11         11            11          5             4               
19     25         4          4             4           1             1               
20     31         9          9             8           2             2               
21     33         9          9             9           4             4               
22     25         3          3             3           2             2               
23     31         3          3             3           1             1               
24     30         8          8             8           4             4               
25     17         4          4             4           0             0               
26     31         8          8             8           3             3               
27     14         3          3             3           1             1               
28     29         6          6             6           2             2               
29     35         11         11            11          3             3               
30     27         3          3             3           0             0               
31     22         4          4             4           3             2               
32     24         5          5             5           2             1               
33     30         10         10            10          3             3               
34     28         8          8             8           2             2               
35     33         5          5             5           1             1               
36     26         9          9             9           1             1               
37     36         11         11            11          4             4               
38     22         4          4             4           1             1               
39     17         2          2             2           1             1               
40     30         10         10            10          7             7               
41     24         7          7             7           3             2               
42     25         6          6             6           2             2               
43     35         6          6             6           2             2               
44     18         1          1             1           0             0               
45     21         4          4             4           2             2               
46     42         19         19            19          9             9               
47     28         16         16            14          9             8               
48     24         5          5             5           2             2               
49     19         11         11            10          5             4               
50     27         4          4             4           0             0               
51     30         8          8             8           5             5               
52     24         6          6             5           5             5               
53     36         12         12            11          6             5               
54     33         10         10            9           5             5               
55     35         12         12            12          6             6               
56     24         6          6             6           6             6               
57     37         15         15            15          10            10              
58     30         8          8             8           4             4               
59     20         6          6             6           1             1               
60     31         12         12            11          5             5               
61     28         14         14            12          7             6               
62     21         6          6             6           2             2               
63     29         6          6             6           1             1               
64     23         5          5             4           2             2               
65     30         7          7             7           1             1               
66     23         3          3             3           1             1               
67     34         6          6             6           2             2               
68     38         19         19            19          11            10              
69     27         14         14            13          7             6               
70     33         7          7             7           1             1               
71     23         2          2             2           1             1               
72     43         4          4             4           2             2               
73     21         3          3             3           1             1               
74     22         3          3             3           1             1               
75     51         15         15            15          8             8               
76     31         7          7             6           3             3               
77     50         18         18            17          7             7               
78     17         5          5             5           2             2               
79     26         13         13            12          4             3               
80     19         5          5             5           3             3               
----------------------------------------------------------------------------------
SUM    2335       610        610           593         244           232             
----------------------------------------------------------------------------------

 Total Ripple Number: è

 Detection parameters:
     maximum_peak:    3
     maxRippleLength: 100
     detection_peaks: thrsh
     num_peaks:       3
