Trial  Det1_2SD   Det2_4SD   Det3_MaxLen   Det4_Join   Det5_Cycles   Det6_Artif_Rej  
1      26         2          2             2           0             0               
2      31         8          8             8           3             3               
3      30         7          7             7           3             3               
4      21         2          2             2           1             1               
5      22         1          1             1           1             1               
6      29         3          3             3           1             1               
7      28         2          2             2           0             0               
8      27         6          6             6           1             1               
9      37         9          9             9           4             4               
10     31         7          7             7           4             4               
11     30         4          4             4           1             1               
12     27         8          8             8           3             3               
13     34         8          8             8           5             5               
14     32         4          4             4           2             2               
15     34         6          6             6           2             2               
16     24         3          3             3           2             2               
17     23         3          3             3           0             0               
18     30         5          5             5           1             1               
19     21         4          4             4           1             1               
20     19         4          4             4           3             3               
21     27         8          8             8           3             3               
22     28         2          2             2           0             0               
23     30         7          7             7           1             1               
24     45         10         10            10          3             3               
25     38         6          6             6           2             2               
26     22         2          2             2           1             1               
27     13         3          3             3           1             1               
28     19         4          4             4           0             0               
29     29         3          3             3           1             1               
30     21         2          2             2           1             1               
31     26         8          8             8           4             4               
32     28         5          5             5           1             1               
33     25         6          6             6           5             5               
34     23         3          3             3           1             1               
35     29         10         10            10          2             2               
36     28         6          6             6           1             1               
37     28         5          5             5           1             1               
38     20         7          7             7           4             4               
39     22         7          7             7           4             4               
40     24         2          2             2           0             0               
41     32         8          8             8           3             3               
42     27         4          4             4           3             3               
43     19         0          0             0           0             0               
44     23         4          4             4           0             0               
45     28         6          6             6           1             1               
46     39         13         13            11          6             6               
47     24         8          8             7           3             3               
48     25         2          2             2           1             1               
49     32         9          9             9           2             2               
50     27         7          7             7           3             3               
51     31         7          7             7           4             4               
52     29         3          3             3           2             2               
53     42         8          8             8           1             1               
54     30         6          6             6           1             1               
55     42         6          6             5           3             3               
56     35         6          6             6           4             4               
57     28         6          6             6           1             1               
58     37         7          7             7           2             2               
59     34         4          4             4           2             2               
60     30         4          4             3           2             2               
61     33         5          5             5           2             2               
62     34         7          7             7           3             3               
63     20         1          1             1           0             0               
64     21         4          4             4           2             2               
65     30         5          5             5           0             0               
66     30         3          3             3           0             0               
67     28         8          8             8           1             1               
68     31         6          6             6           1             1               
69     31         3          3             3           0             0               
70     19         1          1             1           0             0               
71     25         3          3             3           1             1               
72     27         6          6             6           2             2               
73     23         3          3             3           0             0               
74     23         0          0             0           0             0               
75     28         4          4             4           2             2               
76     31         5          5             5           1             1               
77     29         2          2             2           1             1               
78     27         4          4             3           1             1               
79     29         7          7             7           3             3               
80     25         7          7             7           4             4               
----------------------------------------------------------------------------------
SUM    2239       404        404           398         142           142             
----------------------------------------------------------------------------------

 Total Ripple Number: 

 Detection parameters:
     maximum_peak:    3
     maxRippleLength: 100
     detection_peaks: thrsh
     num_peaks:       3
