Trial  Det1_2SD   Det2_4SD   Det3_MaxLen   Det4_Join   Det5_Cycles   68               101                
t6_Artif_Rej Det7_Spctr_Peak 1      40         9          9             8           2             2                1                  
2      48         12         12            12          1             1                0                  
3      32         6          6             6           0             0                0                  
4      33         8          8             8           1             1                1                  
5      38         6          6             6           2             2                1                  
6      42         7          7             7           2             2                1                  
7      49         11         11            11          3             3                3                  
8      38         6          6             6           1             1                1                  
9      37         9          9             9           1             1                1                  
10     33         4          4             4           0             0                0                  
11     42         8          8             8           2             2                2                  
12     48         7          7             7           2             2                2                  
13     42         7          7             7           2             2                1                  
14     40         8          8             8           2             2                1                  
15     38         8          8             8           1             1                1                  
16     35         9          9             9           2             2                2                  
17     44         12         12            12          1             1                1                  
18     33         9          9             9           2             2                1                  
19     46         14         14            14          2             2                0                  
20     42         8          8             8           1             1                0                  
21     42         10         10            10          1             0                0                  
22     37         9          9             9           3             3                3                  
23     39         10         10            10          2             2                2                  
24     39         10         10            10          4             4                4                  
25     41         9          9             9           2             2                2                  
26     49         6          6             6           0             0                0                  
27     35         2          2             2           1             0                0                  
28     31         8          8             8           3             2                1                  
29     44         11         11            11          2             2                1                  
30     28         4          4             4           1             1                1                  
31     38         6          6             6           1             1                1                  
32     47         10         10            10          2             1                1                  
33     42         8          8             8           2             2                1                  
34     39         7          6             6           2             2                1                  
35     51         14         14            14          4             4                3                  
36     36         11         11            11          3             3                2                  
37     39         4          4             4           0             0                0                  
38     35         4          4             4           1             1                1                  
39     48         9          9             9           3             3                3                  
40     36         9          9             9           1             1                1                  
41     36         9          9             9           1             1                1                  
42     35         9          9             9           2             2                1                  
43     35         7          7             7           2             2                1                  
44     36         4          4             4           2             2                1                  
45     34         5          5             5           3             2                0                  
46     36         4          4             4           1             1                1                  
47     34         7          7             7           4             4                2                  
48     34         9          9             9           3             3                1                  
49     37         7          7             7           1             1                1                  
50     37         7          7             7           1             1                1                  
51     43         5          5             5           0             0                0                  
52     42         5          5             5           1             1                1                  
53     46         9          9             9           5             5                2                  
54     47         10         10            10          4             4                2                  
55     37         6          6             6           0             0                0                  
56     32         5          5             5           1             1                1                  
57     36         6          6             6           2             2                1                  
58     46         9          9             9           2             2                1                  
59     40         9          9             9           1             1                1                  
60     39         11         11            10          4             4                1                  
61     44         10         10            10          4             4                2                  
62     47         14         14            14          4             4                2                  
63     39         8          8             8           2             2                1                  
64     37         7          7             7           3             3                2                  
65     37         9          9             9           3             3                2                  
66     29         9          9             9           1             1                1                  
67     35         6          6             6           0             0                0                  
68     45         8          8             8           1             1                0                  
69     44         9          9             9           2             2                1                  
70     42         13         12            12          1             1                1                  
71     38         11         11            11          4             4                1                  
72     35         7          7             7           2             2                2                  
73     34         3          3             3           0             0                0                  
74     44         7          7             7           1             1                1                  
75     37         10         10            10          1             1                1                  
76     37         14         14            14          4             4                2                  
77     45         9          9             9           2             2                0                  
78     37         9          9             9           3             3                1                  
79     49         14         14            14          2             2                1                  
80     46         10         10            10          4             4                3                  
----------------------------------------------------------------------------------
SUM    3159       659        657           655         152           147              92                 
----------------------------------------------------------------------------------

 Total Ripple Number: \

 Detection parameters:
     maximum_peak:    3
     maxRippleLength: 100
     detection_peaks: thrsh
     num_peaks:       3
