Trial  Det1_2SD   Det2_4SD   Det3_MaxLen   Det4_Join   Det5_Cycles   68               101                
t6_Artif_Rej Det7_Spctr_Peak 1      33         9          9             9           1             1                0                  
2      40         9          9             9           0             0                0                  
3      49         14         14            13          5             5                5                  
4      49         12         12            12          4             4                3                  
5      44         10         10            10          4             4                2                  
6      48         8          8             8           4             4                3                  
7      51         14         14            14          5             5                4                  
8      38         10         10            10          2             2                1                  
9      32         4          4             4           0             0                0                  
10     38         5          5             5           1             1                0                  
11     41         4          4             4           2             2                1                  
12     52         12         12            12          2             2                1                  
13     41         11         11            11          1             0                0                  
14     27         7          7             7           0             0                0                  
15     30         8          8             8           0             0                0                  
16     32         6          6             6           0             0                0                  
17     31         11         11            11          3             3                1                  
18     38         6          6             6           1             1                1                  
19     40         14         14            14          5             5                3                  
20     40         8          8             7           3             3                3                  
21     34         6          6             6           2             2                2                  
22     41         5          5             5           1             1                1                  
23     38         7          7             7           2             2                2                  
24     29         7          7             7           2             2                1                  
25     34         11         11            11          2             2                1                  
26     35         10         10            10          2             2                2                  
27     42         11         11            11          3             3                3                  
28     39         7          7             7           1             1                1                  
29     38         8          8             8           2             2                1                  
30     30         6          6             6           0             0                0                  
31     39         6          6             6           0             0                0                  
32     48         12         12            12          3             3                2                  
33     47         10         10            10          3             3                1                  
34     50         11         11            10          3             3                2                  
35     55         16         16            15          5             5                3                  
36     42         8          8             8           1             1                1                  
37     34         5          5             5           2             2                1                  
38     29         5          5             4           4             4                2                  
39     38         9          9             8           5             5                2                  
40     38         12         12            12          2             2                0                  
41     40         11         11            11          2             2                1                  
42     48         12         12            12          2             2                2                  
43     42         14         14            14          3             3                2                  
44     32         9          9             9           4             4                2                  
45     29         5          5             5           2             2                1                  
46     35         4          4             4           0             0                0                  
47     49         4          4             4           2             2                0                  
48     43         9          9             9           4             4                0                  
49     41         11         11            11          3             3                0                  
50     41         9          9             9           2             2                1                  
51     43         10         10            10          1             1                1                  
52     45         5          5             5           2             2                1                  
53     40         7          7             7           2             2                1                  
54     36         6          6             6           2             2                1                  
55     31         4          4             4           0             0                0                  
56     31         1          1             1           0             0                0                  
57     42         5          5             5           1             1                1                  
58     48         6          6             6           2             2                2                  
59     37         6          6             6           1             1                1                  
60     30         6          6             6           1             1                1                  
61     31         5          5             5           2             2                1                  
62     44         10         10            10          3             3                1                  
63     39         14         14            14          5             5                2                  
64     37         15         15            15          7             7                5                  
65     38         7          7             7           4             4                3                  
66     35         4          4             4           0             0                0                  
67     35         9          9             9           3             3                3                  
68     42         14         14            14          3             3                2                  
69     48         12         12            12          4             4                3                  
70     44         6          6             6           4             4                2                  
71     39         12         12            12          2             2                1                  
72     36         4          4             4           2             2                2                  
73     36         9          9             9           3             3                3                  
74     40         9          9             9           2             2                2                  
75     43         10         10            10          3             2                2                  
76     40         10         10            10          4             3                1                  
77     44         7          7             7           3             3                1                  
78     35         5          5             5           2             2                1                  
79     38         9          9             9           2             2                1                  
80     39         10         10            10          3             3                3                  
----------------------------------------------------------------------------------
SUM    3140       679        679           673         185           182              113                
----------------------------------------------------------------------------------

 Total Ripple Number: q

 Detection parameters:
     maximum_peak:    3
     maxRippleLength: 100
     detection_peaks: thrsh
     num_peaks:       3
