Trial  Det1_2SD   Det2_4SD   Det3_MaxLen   Det4_Join   Det5_Cycles   68               101                
t6_Artif_Rej Det7_Spctr_Peak 1      38         7          7             7           2             2                2                  
2      52         10         10            10          3             3                2                  
3      34         7          7             7           4             4                4                  
4      38         9          9             9           4             4                3                  
5      51         10         10            10          4             4                3                  
6      61         13         13            13          4             4                4                  
7      48         9          9             9           3             3                2                  
8      37         3          3             3           2             2                0                  
9      32         6          6             6           2             2                0                  
10     39         11         11            11          1             1                0                  
11     42         8          8             8           1             1                1                  
12     43         13         13            13          3             3                0                  
13     37         9          9             9           0             0                0                  
14     34         3          3             3           1             1                1                  
15     38         8          8             8           4             4                4                  
16     44         12         12            12          5             5                4                  
17     38         8          8             8           3             3                2                  
18     34         2          2             2           0             0                0                  
19     37         6          6             6           0             0                0                  
20     43         5          5             5           1             1                0                  
21     35         7          7             7           2             2                2                  
22     31         8          8             8           1             1                1                  
23     41         12         12            12          5             5                5                  
24     41         7          7             7           2             2                2                  
25     40         5          5             5           2             2                2                  
26     36         6          6             6           1             1                1                  
27     39         10         10            10          3             3                2                  
28     46         6          6             6           3             3                3                  
29     44         9          9             9           3             3                2                  
30     38         11         11            11          3             3                2                  
31     44         14         14            14          6             6                3                  
32     44         12         12            12          4             4                2                  
33     43         12         12            12          4             4                2                  
34     39         9          9             9           5             5                3                  
35     37         9          9             9           1             1                1                  
36     39         11         11            11          2             2                2                  
37     39         11         11            11          2             2                2                  
38     40         8          8             8           3             3                2                  
39     35         6          6             6           3             3                1                  
40     39         9          9             9           3             3                2                  
41     43         12         12            12          5             5                4                  
42     40         12         12            11          4             4                2                  
43     32         9          9             8           1             1                0                  
44     32         7          7             7           1             1                0                  
45     35         7          7             7           0             0                0                  
46     37         5          5             5           1             1                0                  
47     41         9          9             9           0             0                0                  
48     42         8          8             8           0             0                0                  
49     39         5          5             5           1             1                1                  
50     36         10         10            10          5             5                4                  
51     40         13         13            13          5             5                5                  
52     46         14         14            14          0             0                0                  
53     51         10         10            10          1             1                1                  
54     42         5          5             5           2             2                1                  
55     29         4          4             4           2             2                1                  
56     28         3          3             2           1             1                0                  
57     36         4          4             4           2             2                2                  
58     40         10         10            10          4             4                4                  
59     38         9          9             9           3             3                3                  
60     34         5          5             5           0             0                0                  
61     41         8          8             8           2             2                2                  
62     32         8          8             8           0             0                0                  
63     42         9          9             9           0             0                0                  
64     41         6          6             6           0             0                0                  
65     38         7          7             7           2             2                2                  
66     40         7          7             7           2             2                2                  
67     39         7          7             7           1             1                0                  
68     50         9          9             9           3             3                1                  
69     46         10         10            10          2             2                1                  
70     51         9          9             9           3             3                3                  
71     45         8          8             8           4             4                4                  
72     37         8          8             8           5             5                4                  
73     32         8          8             8           4             4                2                  
74     28         5          5             5           0             0                0                  
75     29         4          4             4           1             1                1                  
76     47         13         13            13          6             6                5                  
77     33         7          7             7           3             3                3                  
78     31         5          5             5           1             1                1                  
79     35         7          7             7           1             1                1                  
80     33         9          9             9           4             4                4                  
----------------------------------------------------------------------------------
SUM    3141       656        656           653         187           187              138                
----------------------------------------------------------------------------------

 Total Ripple Number: 

 Detection parameters:
     maximum_peak:    3
     maxRippleLength: 100
     detection_peaks: thrsh
     num_peaks:       3
