Trial  Det1_2SD   Det2_4SD   Det3_MaxLen   Det4_Join   Det5_Cycles   68               101                
t6_Artif_Rej Det7_Spctr_Peak 1      23         7          7             7           0             0                0                  
2      22         7          7             7           1             1                1                  
3      51         16         16            16          7             7                5                  
4      57         18         18            18          8             8                5                  
5      61         23         23            23          10            10               6                  
6      70         22         22            22          14            14               11                 
7      43         13         13            13          7             7                6                  
8      31         6          6             6           2             2                1                  
9      25         6          6             6           2             2                1                  
10     22         5          5             5           1             1                1                  
11     25         3          3             3           3             3                3                  
12     37         12         12            12          6             6                4                  
13     28         7          7             7           3             3                3                  
14     39         14         14            14          4             4                3                  
15     35         15         15            15          5             5                3                  
16     40         11         11            11          3             3                1                  
17     30         9          9             9           3             3                2                  
18     36         8          8             8           6             5                1                  
19     44         7          7             6           4             3                1                  
20     27         5          5             5           1             1                1                  
21     32         10         10            10          2             1                1                  
22     62         21         21            21          9             9                6                  
23     56         20         20            19          11            11               5                  
24     33         10         10            10          7             7                6                  
25     26         4          4             4           2             2                2                  
26     27         9          9             9           4             4                1                  
27     42         15         15            14          7             6                2                  
28     59         15         15            15          6             5                3                  
29     52         17         17            17          3             3                3                  
30     28         3          3             3           0             0                0                  
31     33         6          6             6           2             2                2                  
32     38         13         13            13          3             3                2                  
33     35         7          7             7           3             3                2                  
34     35         5          5             5           0             0                0                  
35     45         13         13            13          2             2                2                  
36     41         10         10            10          2             2                1                  
37     38         7          7             7           5             5                3                  
38     29         7          7             7           5             4                3                  
39     32         6          6             6           3             3                1                  
40     31         7          7             7           1             1                0                  
41     31         4          4             4           2             2                2                  
42     54         18         18            18          6             6                3                  
43     65         27         27            27          11            11               6                  
44     37         11         11            11          6             5                3                  
45     42         11         11            10          5             4                3                  
46     39         8          8             8           2             2                2                  
47     42         11         11            11          5             5                2                  
48     56         19         19            19          8             8                4                  
49     54         12         12            12          5             5                4                  
50     33         4          4             4           0             0                0                  
51     42         14         14            14          7             6                5                  
52     54         21         21            21          4             4                3                  
53     52         14         14            14          5             4                4                  
54     36         13         13            12          8             7                6                  
55     47         16         16            15          9             8                7                  
56     36         7          7             7           5             5                3                  
57     23         4          4             4           2             2                1                  
58     20         5          5             5           2             2                1                  
59     24         8          8             8           5             5                3                  
60     36         13         13            13          5             5                4                  
61     35         9          9             9           3             3                3                  
62     37         9          9             9           6             6                6                  
63     31         6          6             6           3             3                3                  
64     40         8          8             8           2             2                2                  
65     46         13         13            13          5             5                3                  
66     27         10         10            10          4             3                1                  
67     21         6          6             6           3             2                1                  
68     19         4          4             4           3             3                3                  
69     25         5          5             5           1             1                1                  
70     26         5          5             5           0             0                0                  
71     33         4          4             4           0             0                0                  
72     23         2          2             2           0             0                0                  
73     36         8          8             8           3             3                2                  
74     34         6          6             6           3             3                2                  
75     39         13         13            12          7             7                4                  
76     46         18         18            16          9             8                4                  
77     25         4          4             4           2             2                2                  
78     30         9          9             9           3             3                2                  
79     38         6          6             6           2             2                2                  
80     39         8          8             8           5             5                4                  
----------------------------------------------------------------------------------
SUM    2993       812        812           803         333           318              215                
----------------------------------------------------------------------------------

 Total Ripple Number: ×

 Detection parameters:
     maximum_peak:    3
     maxRippleLength: 100
     detection_peaks: thrsh
     num_peaks:       3
