Trial  Det1_2SD   Det2_4SD   Det3_MaxLen   Det4_Join   Det5_Cycles   68               101                
t6_Artif_Rej Det7_Spctr_Peak 1      34         7          7             7           1             1                1                  
2      36         9          9             9           1             1                1                  
3      33         3          3             3           0             0                0                  
4      37         6          6             6           2             2                2                  
5      49         5          5             5           2             2                2                  
6      55         11         11            11          1             1                0                  
7      49         7          7             7           3             2                1                  
8      43         7          7             6           3             2                1                  
9      46         12         12            11          1             0                0                  
10     39         6          6             6           1             1                0                  
11     33         4          4             4           1             1                1                  
12     35         5          5             5           2             2                2                  
13     31         3          3             3           0             0                0                  
14     29         6          6             6           3             3                2                  
15     31         6          6             6           3             3                3                  
16     34         12         12            12          4             4                3                  
17     46         14         14            14          5             5                4                  
18     31         8          8             8           2             2                2                  
19     34         7          7             7           1             1                1                  
20     36         8          8             8           1             1                1                  
21     41         8          8             7           3             2                0                  
22     34         6          6             6           2             2                2                  
23     36         9          9             8           2             2                2                  
24     39         12         12            11          3             3                2                  
25     30         8          8             8           0             0                0                  
26     26         7          7             7           2             2                1                  
27     33         10         10            9           4             3                2                  
28     28         6          6             6           2             1                1                  
29     48         8          8             8           2             2                2                  
30     48         7          7             7           2             2                1                  
31     41         6          6             6           2             1                1                  
32     39         5          5             5           2             2                1                  
33     34         4          4             4           1             1                0                  
34     42         4          4             4           1             1                0                  
35     49         6          6             6           1             1                0                  
36     51         9          9             9           3             2                0                  
37     41         7          7             7           1             1                1                  
38     48         9          9             9           1             1                1                  
39     38         8          8             8           2             2                2                  
40     49         12         12            12          4             4                3                  
41     52         15         15            15          5             5                3                  
42     49         13         13            13          6             6                6                  
43     37         11         11            10          2             2                1                  
44     32         12         12            11          5             4                1                  
45     43         14         14            14          8             7                3                  
46     42         6          6             6           2             2                1                  
47     36         4          4             4           0             0                0                  
48     41         5          4             4           1             1                0                  
49     39         8          8             8           1             1                1                  
50     46         15         15            15          7             6                2                  
51     47         15         15            15          7             6                2                  
52     57         11         11            11          3             2                0                  
53     49         12         12            12          5             5                2                  
54     34         10         10            10          3             2                0                  
55     23         6          6             6           2             1                0                  
56     30         4          4             4           1             1                0                  
57     43         8          8             8           0             0                0                  
58     42         5          5             5           0             0                0                  
59     39         8          8             8           3             3                2                  
60     40         12         12            12          6             5                2                  
61     46         11         11            11          7             6                3                  
62     34         6          6             6           2             2                2                  
63     33         7          7             7           1             1                0                  
64     39         9          9             9           1             1                0                  
65     37         8          8             8           0             0                0                  
66     29         7          7             7           3             2                2                  
67     36         6          6             6           3             2                1                  
68     41         5          5             5           0             0                0                  
69     53         7          7             7           1             1                1                  
70     41         10         10            10          4             4                3                  
71     39         12         12            12          6             6                3                  
72     27         8          8             8           2             2                1                  
73     33         7          7             7           2             2                2                  
74     36         2          2             2           0             0                0                  
75     37         9          9             9           2             2                2                  
76     57         18         18            16          8             7                2                  
77     36         7          7             7           0             0                0                  
78     32         3          3             3           1             1                1                  
79     40         4          4             4           2             2                2                  
80     33         3          3             3           0             0                0                  
----------------------------------------------------------------------------------
SUM    3136       640        639           629         189           169              100                
----------------------------------------------------------------------------------

 Total Ripple Number: d

 Detection parameters:
     maximum_peak:    3
     maxRippleLength: 100
     detection_peaks: thrsh
     num_peaks:       3
