Trial  Det1_2SD   Det2_4SD   Det3_MaxLen   Det4_Join   Det5_Cycles   Det6_Artif_Rej  
1      38         7          7             7           3             3               
2      44         10         10            10          3             3               
3      42         10         10            10          1             1               
4      24         4          4             4           0             0               
5      25         5          5             5           2             2               
6      19         3          3             3           0             0               
7      30         2          2             2           1             1               
8      26         11         11            11          3             3               
9      39         12         12            12          5             5               
10     19         6          6             6           3             3               
11     32         17         15            10          3             3               
12     32         5          5             5           3             3               
13     17         2          2             2           2             2               
14     29         5          5             5           1             1               
15     22         3          3             3           1             1               
16     16         4          4             4           2             2               
17     23         4          4             4           1             1               
18     38         9          9             8           4             4               
19     31         5          5             5           1             1               
20     42         10         10            10          5             5               
21     23         6          6             6           2             2               
22     22         6          6             6           0             0               
23     30         6          6             6           2             2               
24     28         8          8             8           1             1               
25     31         9          9             9           4             4               
26     30         5          5             5           2             2               
27     20         2          2             2           1             1               
28     35         7          7             7           2             2               
29     31         6          6             6           3             3               
30     18         3          3             3           1             1               
31     27         3          3             3           2             2               
32     30         5          5             5           0             0               
33     26         3          3             3           0             0               
34     26         3          3             3           1             1               
35     21         3          3             3           2             2               
36     26         5          5             5           2             2               
37     27         4          4             3           2             2               
38     25         1          1             1           1             1               
39     26         4          4             4           1             1               
40     20         2          2             2           0             0               
41     27         8          8             8           1             1               
42     48         9          9             9           5             5               
43     31         5          5             5           1             1               
44     21         4          4             4           2             2               
45     42         14         14            13          7             7               
46     24         6          6             6           2             2               
47     25         8          8             7           1             1               
48     27         3          3             3           0             0               
49     24         6          6             6           4             4               
50     28         4          4             4           2             2               
51     28         4          4             4           0             0               
52     26         3          3             3           1             1               
53     25         6          6             6           1             1               
54     32         6          6             6           1             1               
55     30         11         11            11          4             4               
56     32         7          7             7           1             1               
57     22         5          5             5           2             2               
58     32         7          7             7           2             2               
59     27         7          7             7           2             2               
60     27         3          3             3           1             1               
61     27         5          5             5           3             3               
62     34         11         11            11          2             2               
63     21         3          3             3           0             0               
64     27         7          7             7           2             2               
65     27         2          2             2           0             0               
66     40         11         11            11          5             5               
67     22         5          5             5           1             1               
68     25         3          3             3           1             1               
69     18         2          2             2           0             0               
70     28         4          4             4           2             2               
71     26         6          6             6           2             2               
72     24         3          3             3           0             0               
73     29         9          9             9           1             1               
74     25         5          5             5           0             0               
75     29         7          7             7           1             1               
76     30         7          7             7           3             3               
77     26         5          5             5           3             3               
78     15         3          3             3           1             1               
79     22         4          4             4           1             1               
80     29         8          8             8           4             4               
----------------------------------------------------------------------------------
SUM    2212       461        459           450         145           145             
----------------------------------------------------------------------------------

 Total Ripple Number: 

 Detection parameters:
     maximum_peak:    3
     maxRippleLength: 100
     detection_peaks: thrsh
     num_peaks:       3
