Trial  Det1_2SD   Det2_4SD   Det3_MaxLen   Det4_Join   Det5_Cycles   68               101                
t6_Artif_Rej Det7_Spctr_Peak 1      10         1          1             1           1             1                0                  
2      4          0          0             0           0             0                0                  
3      6          0          0             0           0             0                0                  
4      9          2          2             2           1             1                0                  
5      5          1          1             1           1             1                0                  
6      11         0          0             0           0             0                0                  
7      16         0          0             0           0             0                0                  
8      7          0          0             0           0             0                0                  
9      6          2          2             2           0             0                0                  
10     10         3          3             3           1             1                1                  
11     8          2          2             2           1             1                1                  
12     16         2          2             2           0             0                0                  
13     12         2          2             2           0             0                0                  
14     8          1          1             1           0             0                0                  
15     5          1          1             1           0             0                0                  
16     5          0          0             0           0             0                0                  
17     9          1          1             1           0             0                0                  
18     11         1          1             1           1             0                0                  
19     8          1          1             1           1             0                0                  
20     2          0          0             0           0             0                0                  
21     6          0          0             0           0             0                0                  
22     12         0          0             0           0             0                0                  
23     11         0          0             0           0             0                0                  
24     11         1          1             1           0             0                0                  
25     11         2          2             2           0             0                0                  
26     7          0          0             0           0             0                0                  
27     11         1          1             1           0             0                0                  
28     19         1          1             1           0             0                0                  
29     11         0          0             0           0             0                0                  
30     7          0          0             0           0             0                0                  
31     12         1          1             1           0             0                0                  
32     16         5          5             3           1             0                0                  
33     28         14         13            10          7             6                5                  
34     19         10         9             7           6             5                5                  
35     7          1          1             1           0             0                0                  
36     12         2          2             2           0             0                0                  
37     9          1          1             1           0             0                0                  
38     8          2          2             2           1             0                0                  
39     15         10         8             8           8             7                3                  
40     15         9          7             7           5             4                3                  
41     10         8          4             3           2             1                0                  
42     12         7          5             5           2             1                1                  
43     11         6          4             4           2             1                1                  
44     9          5          3             2           2             1                0                  
45     13         7          5             4           2             1                0                  
46     14         8          6             5           5             4                3                  
47     17         13         10            6           5             4                2                  
48     20         12         11            7           6             5                3                  
49     15         7          6             4           2             1                1                  
50     12         4          4             3           2             1                0                  
51     15         5          3             3           2             1                1                  
52     6          4          3             3           3             2                2                  
53     8          4          3             3           3             2                2                  
54     10         5          4             4           2             1                1                  
55     11         2          1             1           1             0                0                  
56     15         3          2             2           1             0                0                  
57     10         5          3             3           1             0                0                  
58     7          1          1             1           0             0                0                  
59     18         8          4             4           3             2                1                  
60     12         6          2             2           2             1                1                  
61     9          4          4             4           3             2                0                  
62     16         9          7             6           4             3                3                  
63     4          4          4             4           3             2                2                  
64     14         9          6             5           4             3                3                  
65     7          2          2             2           0             0                0                  
66     13         8          5             3           3             2                2                  
67     12         10         5             5           4             3                2                  
68     9          7          6             5           5             4                2                  
69     12         6          5             4           3             2                1                  
70     13         7          6             5           3             2                1                  
71     12         8          5             4           2             1                1                  
72     10         7          4             3           3             2                1                  
73     13         7          6             5           5             4                2                  
74     10         6          4             3           3             2                2                  
75     19         13         11            7           5             4                2                  
76     19         12         9             4           4             3                2                  
77     9          6          4             3           2             1                1                  
78     9          6          4             3           3             2                1                  
79     7          5          3             2           1             0                0                  
80     16         4          2             1           1             0                0                  
----------------------------------------------------------------------------------
SUM    893        340        260           214         144           98               65                 
----------------------------------------------------------------------------------

 Total Ripple Number: A

 Detection parameters:
     maximum_peak:    3
     maxRippleLength: 100
     detection_peaks: thrsh
     num_peaks:       3
