Trial  Det1_2SD   Det2_4SD   Det3_MaxLen   Det4_Join   Det5_Cycles   68               101                
t6_Artif_Rej Det7_Spctr_Peak 1      5          1          1             1           0             0                0                  
2      3          1          1             1           0             0                0                  
3      5          1          1             1           0             0                0                  
4      9          0          0             0           0             0                0                  
5      5          0          0             0           0             0                0                  
6      8          0          0             0           0             0                0                  
7      8          1          1             1           0             0                0                  
8      4          1          1             1           0             0                0                  
9      7          0          0             0           0             0                0                  
10     8          2          2             2           0             0                0                  
11     6          3          3             3           0             0                0                  
12     3          0          0             0           0             0                0                  
13     6          2          2             2           0             0                0                  
14     7          1          1             1           0             0                0                  
15     6          0          0             0           0             0                0                  
16     4          3          3             3           0             0                0                  
17     8          2          2             2           0             0                0                  
18     9          2          2             2           1             0                0                  
19     4          1          1             1           1             0                0                  
20     4          0          0             0           0             0                0                  
21     4          0          0             0           0             0                0                  
22     6          0          0             0           0             0                0                  
23     5          0          0             0           0             0                0                  
24     4          0          0             0           0             0                0                  
25     5          1          1             1           0             0                0                  
26     6          1          1             1           0             0                0                  
27     12         2          2             2           0             0                0                  
28     13         2          2             2           0             0                0                  
29     6          2          2             2           0             0                0                  
30     4          0          0             0           0             0                0                  
31     7          0          0             0           0             0                0                  
32     6          2          2             2           1             0                0                  
33     19         12         10            7           6             5                4                  
34     18         11         9             6           5             4                4                  
35     2          0          0             0           0             0                0                  
36     4          1          1             1           0             0                0                  
37     3          1          1             1           0             0                0                  
38     7          2          2             2           0             0                0                  
39     11         6          5             4           3             2                2                  
40     10         6          5             4           3             2                2                  
41     11         8          5             4           3             2                1                  
42     12         9          7             6           4             3                3                  
43     11         9          6             5           4             3                3                  
44     8          5          3             3           3             2                0                  
45     12         6          4             4           4             3                1                  
46     12         8          6             6           4             3                2                  
47     13         12         9             4           3             2                1                  
48     14         10         9             4           3             2                1                  
49     10         7          5             4           4             3                3                  
50     7          4          4             3           2             1                0                  
51     7          6          4             2           2             1                1                  
52     8          5          3             2           2             1                1                  
53     11         6          4             3           2             1                1                  
54     8          4          2             2           1             0                0                  
55     12         3          0             0           0             0                0                  
56     13         6          4             4           4             3                2                  
57     12         7          4             4           4             3                3                  
58     6          3          3             3           0             0                0                  
59     16         14         11            9           4             3                2                  
60     11         10         7             5           4             3                2                  
61     4          2          2             2           1             0                0                  
62     17         7          3             3           1             0                0                  
63     7          4          3             3           2             1                0                  
64     14         7          4             3           3             2                1                  
65     8          2          2             2           0             0                0                  
66     12         6          4             4           3             2                1                  
67     8          6          2             2           2             1                1                  
68     9          7          5             3           2             1                1                  
69     13         9          8             6           5             4                1                  
70     13         9          8             6           5             4                1                  
71     10         8          4             3           2             1                1                  
72     10         7          3             2           2             1                1                  
73     12         7          4             4           2             1                1                  
74     7          6          3             3           2             1                1                  
75     14         11         9             3           3             2                1                  
76     15         12         9             4           4             3                2                  
77     10         8          6             3           2             1                0                  
78     10         8          5             3           2             1                0                  
79     6          4          2             1           1             0                0                  
80     8          4          2             1           1             0                0                  
----------------------------------------------------------------------------------
SUM    692        346        252           194         122           78               52                 
----------------------------------------------------------------------------------

 Total Ripple Number: 4

 Detection parameters:
     maximum_peak:    3
     maxRippleLength: 100
     detection_peaks: thrsh
     num_peaks:       3
