Trial  Det1_2SD   Det2_4SD   Det3_MaxLen   Det4_Join   Det5_Cycles   68               101                
t6_Artif_Rej Det7_Spctr_Peak 1      19         2          2             2           1             1                1                  
2      19         3          3             3           0             0                0                  
3      20         6          6             6           1             1                1                  
4      29         8          8             8           1             1                1                  
5      21         5          5             5           0             0                0                  
6      16         4          4             4           0             0                0                  
7      24         3          3             3           1             1                1                  
8      26         3          3             3           1             1                1                  
9      13         3          3             3           0             0                0                  
10     20         3          3             3           0             0                0                  
11     18         4          4             4           0             0                0                  
12     15         2          2             2           0             0                0                  
13     20         3          3             3           0             0                0                  
14     21         4          4             4           0             0                0                  
15     22         2          2             2           0             0                0                  
16     15         2          2             2           0             0                0                  
17     14         3          3             3           0             0                0                  
18     17         2          2             2           1             1                1                  
19     21         3          3             3           2             2                2                  
20     29         2          2             2           1             1                1                  
21     28         3          3             3           1             1                1                  
22     27         6          6             6           1             1                1                  
23     30         4          4             4           2             2                2                  
24     29         4          4             4           1             1                1                  
25     20         4          4             4           0             0                0                  
26     16         4          4             4           0             0                0                  
27     19         1          1             1           0             0                0                  
28     23         1          1             1           0             0                0                  
29     21         3          3             3           1             1                1                  
30     23         3          3             3           1             1                1                  
31     16         2          2             2           0             0                0                  
32     14         1          1             1           1             1                1                  
33     26         8          8             8           7             6                5                  
34     23         6          6             6           6             5                4                  
35     14         2          2             2           0             0                0                  
36     14         3          3             3           0             0                0                  
37     21         1          1             1           1             1                1                  
38     25         3          3             3           1             0                0                  
39     45         17         17            15          10            9                7                  
40     37         16         16            14          10            9                7                  
41     35         12         12            11          5             4                3                  
42     34         15         14            12          10            10               8                  
43     31         15         14            11          7             7                6                  
44     29         13         13            10          7             6                5                  
45     30         14         14            12          8             7                6                  
46     34         13         12            11          10            9                6                  
47     36         20         19            17          16            15               11                 
48     28         12         11            10          9             8                8                  
49     31         10         9             9           7             6                4                  
50     26         5          5             4           3             2                1                  
51     34         10         10            10          7             6                6                  
52     30         13         13            10          8             7                7                  
53     25         12         12            10          8             7                5                  
54     28         13         13            11          9             8                7                  
55     28         12         12            10          9             8                7                  
56     32         14         14            11          9             8                5                  
57     38         16         16            14          11            10               8                  
58     22         4          4             4           2             2                2                  
59     37         20         19            16          10            9                7                  
60     32         20         19            15          9             8                7                  
61     14         1          1             1           0             0                0                  
62     40         17         16            12          7             6                6                  
63     20         5          5             5           2             1                0                  
64     35         15         15            15          6             5                4                  
65     19         3          3             3           0             0                0                  
66     46         24         24            23          17            16               11                 
67     48         31         31            26          21            20               15                 
68     31         13         13            9           8             7                5                  
69     32         9          9             9           4             3                3                  
70     27         10         10            10          5             4                4                  
71     29         14         14            12          10            9                8                  
72     30         13         13            10          8             7                6                  
73     31         16         16            16          10            9                7                  
74     28         15         15            15          9             8                6                  
75     36         21         21            14          12            11               5                  
76     36         21         21            14          13            12               5                  
77     31         14         14            11          9             8                5                  
78     34         16         16            14          10            9                7                  
79     31         10         10            8           8             7                5                  
80     35         11         11            10          8             7                5                  
----------------------------------------------------------------------------------
SUM    2123       701        692           610         383           343              267                
----------------------------------------------------------------------------------

 Total Ripple Number: ċ

 Detection parameters:
     maximum_peak:    3
     maxRippleLength: 100
     detection_peaks: thrsh
     num_peaks:       3
