Trial  Det1_2SD   Det2_4SD   Det3_MaxLen   Det4_Join   Det5_Cycles   68               101                
t6_Artif_Rej Det7_Spctr_Peak 1      50         5          5             5           1             1                1                  
2      49         8          8             8           0             0                0                  
3      49         6          6             6           1             1                1                  
4      60         10         10            10          3             3                2                  
5      44         9          9             9           2             2                2                  
6      34         9          9             9           1             1                0                  
7      37         13         13            13          3             3                2                  
8      43         12         12            12          3             3                3                  
9      45         7          7             7           3             3                2                  
10     51         5          5             5           2             2                1                  
11     38         5          5             5           0             0                0                  
12     41         10         10            10          2             2                2                  
13     51         14         14            14          4             4                2                  
14     46         7          7             7           0             0                0                  
15     39         6          6             6           0             0                0                  
16     39         7          7             7           0             0                0                  
17     43         10         10            10          0             0                0                  
18     50         13         13            13          0             0                0                  
19     50         10         10            10          2             2                2                  
20     39         8          8             8           2             2                2                  
21     39         12         12            12          5             5                5                  
22     39         4          4             4           2             2                1                  
23     42         2          2             2           0             0                0                  
24     41         4          4             4           1             1                0                  
25     34         5          5             5           0             0                0                  
26     32         6          6             6           0             0                0                  
27     35         5          5             5           1             1                1                  
28     40         6          6             6           0             0                0                  
29     38         5          5             5           1             1                1                  
30     39         10         10            10          2             2                2                  
31     29         9          9             9           4             4                2                  
32     28         6          6             6           3             3                1                  
33     44         7          7             7           1             0                0                  
34     40         9          9             9           1             0                0                  
35     35         8          8             8           1             1                0                  
36     42         7          7             7           2             2                0                  
37     42         9          9             9           0             0                0                  
38     42         11         11            11          1             1                1                  
39     36         8          8             8           2             2                2                  
40     44         8          8             8           2             2                2                  
41     45         8          8             8           2             2                2                  
42     33         7          7             7           2             1                1                  
43     36         10         10            10          3             2                1                  
44     27         7          7             7           1             1                0                  
45     32         7          7             7           1             1                1                  
46     33         6          6             6           2             2                1                  
47     37         9          9             9           4             3                3                  
48     46         11         11            11          3             2                2                  
49     41         8          8             8           3             2                2                  
50     38         13         13            13          4             3                3                  
51     36         9          9             9           5             4                4                  
52     32         7          7             6           2             2                1                  
53     38         8          8             8           4             4                3                  
54     29         7          7             7           2             2                1                  
55     42         9          9             9           0             0                0                  
56     43         6          6             6           2             2                2                  
57     42         7          7             7           2             2                2                  
58     38         5          5             5           2             2                1                  
59     46         8          8             8           1             1                1                  
60     46         7          7             7           2             2                2                  
61     40         5          5             5           4             4                3                  
62     40         5          5             5           2             2                1                  
63     37         8          8             8           2             1                1                  
64     34         8          8             8           1             0                0                  
65     37         7          7             7           1             1                0                  
66     43         5          5             5           3             2                1                  
67     36         9          9             9           2             1                1                  
68     33         10         10            10          1             1                1                  
69     50         18         18            17          4             4                3                  
70     38         9          9             9           2             2                2                  
71     27         4          4             4           1             1                1                  
72     30         6          6             6           1             1                1                  
73     37         7          7             7           2             1                1                  
74     36         6          6             6           1             1                1                  
75     33         6          6             6           1             1                1                  
76     32         4          4             4           0             0                0                  
77     39         7          7             7           2             1                1                  
78     39         11         11            11          5             4                3                  
79     54         15         15            15          4             3                3                  
80     57         11         11            11          3             2                2                  
----------------------------------------------------------------------------------
SUM    3191       635        635           633         147           129              100                
----------------------------------------------------------------------------------

 Total Ripple Number: d

 Detection parameters:
     maximum_peak:    3
     maxRippleLength: 100
     detection_peaks: thrsh
     num_peaks:       3
