Trial  Det1_2SD   Det2_4SD   Det3_MaxLen   Det4_Join   Det5_Cycles   68               101                
t6_Artif_Rej Det7_Spctr_Peak 1      44         7          7             7           2             2                2                  
2      35         6          6             6           3             3                2                  
3      37         8          8             8           5             5                5                  
4      33         7          7             7           3             3                3                  
5      40         8          8             8           1             1                1                  
6      36         7          7             7           1             1                0                  
7      35         8          8             8           1             1                1                  
8      32         7          7             7           2             2                2                  
9      36         12         12            12          3             3                3                  
10     43         8          8             8           1             1                1                  
11     43         9          9             9           1             1                1                  
12     44         12         12            12          2             2                1                  
13     42         12         12            12          2             2                2                  
14     43         8          8             8           1             1                1                  
15     45         4          4             4           1             1                1                  
16     37         2          2             2           1             1                1                  
17     44         4          4             4           3             3                2                  
18     44         4          4             4           1             1                1                  
19     41         10         10            10          2             2                2                  
20     35         11         11            11          4             4                4                  
21     40         10         10            10          5             5                5                  
22     44         8          8             8           4             4                3                  
23     40         8          8             8           5             5                4                  
24     37         6          6             6           3             3                3                  
25     46         7          7             7           2             2                1                  
26     45         6          6             6           1             1                0                  
27     41         5          5             5           1             1                0                  
28     41         6          6             6           2             2                1                  
29     34         9          9             9           2             2                2                  
30     34         10         10            10          3             3                3                  
31     25         5          5             5           1             1                1                  
32     33         4          4             4           0             0                0                  
33     42         8          8             8           1             1                1                  
34     31         6          6             6           2             2                1                  
35     25         5          5             5           2             2                1                  
36     34         6          6             6           2             2                2                  
37     44         9          9             9           5             5                3                  
38     35         11         11            11          4             4                3                  
39     39         9          9             9           2             2                2                  
40     49         8          8             8           1             1                1                  
41     39         6          6             6           3             3                3                  
42     42         10         10            10          3             3                3                  
43     32         6          6             6           1             1                1                  
44     29         4          4             4           0             0                0                  
45     28         4          4             4           2             2                2                  
46     37         8          8             8           2             2                1                  
47     35         7          7             7           3             3                2                  
48     36         10         10            10          2             2                2                  
49     50         13         13            13          3             3                1                  
50     46         13         13            13          5             5                3                  
51     42         4          4             4           1             1                1                  
52     42         7          7             7           2             2                2                  
53     36         6          6             6           2             2                2                  
54     46         5          5             5           3             3                2                  
55     47         6          6             6           2             2                2                  
56     42         7          7             7           2             2                2                  
57     40         4          4             4           0             0                0                  
58     48         4          4             4           1             1                1                  
59     44         6          6             6           2             2                1                  
60     36         5          5             5           1             1                1                  
61     33         9          9             9           1             1                1                  
62     52         11         11            11          2             2                2                  
63     53         10         10            10          2             2                1                  
64     45         7          7             7           3             3                2                  
65     41         9          9             9           2             2                2                  
66     24         7          7             7           3             3                3                  
67     32         6          6             6           2             2                1                  
68     36         8          8             8           4             4                3                  
69     32         4          4             4           1             1                1                  
70     40         8          8             8           2             2                1                  
71     38         10         10            10          4             4                2                  
72     31         7          7             7           3             2                2                  
73     33         4          4             4           1             1                1                  
74     33         7          7             7           3             3                3                  
75     34         5          5             5           2             2                2                  
76     42         10         10            10          4             4                4                  
77     42         11         11            11          3             3                3                  
78     35         4          4             4           1             1                1                  
79     36         4          4             4           2             2                2                  
80     45         4          4             4           1             1                1                  
----------------------------------------------------------------------------------
SUM    3102       580        580           580         174           173              143                
----------------------------------------------------------------------------------

 Total Ripple Number: 

 Detection parameters:
     maximum_peak:    3
     maxRippleLength: 100
     detection_peaks: thrsh
     num_peaks:       3
