Trial  Det1_2SD   Det2_4SD   Det3_MaxLen   Det4_Join   Det5_Cycles   68               101                
t6_Artif_Rej Det7_Spctr_Peak 1      31         2          2             2           1             1                1                  
2      24         0          0             0           0             0                0                  
3      31         1          1             1           1             1                0                  
4      25         0          0             0           0             0                0                  
5      18         2          2             2           0             0                0                  
6      25         0          0             0           0             0                0                  
7      20         1          1             1           1             1                0                  
8      29         6          6             6           2             1                0                  
9      34         2          2             2           1             1                1                  
10     29         2          2             2           1             1                1                  
11     28         1          1             1           1             1                1                  
12     23         5          5             5           4             4                3                  
13     26         3          3             3           2             2                0                  
14     19         2          2             2           1             1                0                  
15     25         1          1             1           0             0                0                  
16     42         0          0             0           0             0                0                  
17     43         0          0             0           0             0                0                  
18     39         4          4             3           3             3                2                  
19     29         1          1             1           1             1                1                  
20     30         2          2             2           1             1                0                  
21     21         3          3             3           3             3                0                  
22     22         0          0             0           0             0                0                  
23     25         1          1             1           0             0                0                  
24     29         5          5             5           2             2                0                  
25     20         0          0             0           0             0                0                  
26     16         1          1             1           1             1                1                  
27     22         0          0             0           0             0                0                  
28     20         1          1             1           1             1                0                  
29     33         3          3             3           1             1                1                  
30     33         4          4             4           3             3                3                  
31     22         2          2             1           1             1                0                  
32     19         1          1             1           1             1                1                  
33     34         2          2             2           2             2                1                  
34     23         1          1             1           1             1                0                  
35     24         0          0             0           0             0                0                  
36     31         1          1             1           1             1                1                  
37     28         3          3             3           1             1                1                  
38     16         2          2             2           0             0                0                  
39     21         1          1             1           1             1                1                  
40     33         7          7             7           4             4                4                  
41     32         4          4             4           2             2                1                  
42     18         0          0             0           0             0                0                  
43     39         3          3             3           1             1                1                  
44     19         0          0             0           0             0                0                  
45     24         1          1             1           0             0                0                  
46     38         7          7             4           3             3                1                  
47     21         8          8             6           6             5                2                  
48     29         3          3             3           2             2                1                  
49     21         8          8             6           6             5                4                  
50     17         1          1             1           0             0                0                  
51     49         4          4             4           3             3                3                  
52     30         2          2             2           0             0                0                  
53     32         3          3             3           1             1                1                  
54     28         3          3             3           2             2                2                  
55     34         2          2             2           0             0                0                  
56     28         0          0             0           0             0                0                  
57     41         8          8             8           4             4                2                  
58     27         5          5             5           3             2                1                  
59     23         1          1             1           0             0                0                  
60     29         3          3             3           3             3                1                  
61     31         7          7             7           6             5                1                  
62     23         1          1             1           1             1                1                  
63     23         1          1             1           1             1                1                  
64     31         2          2             2           2             2                2                  
65     33         2          2             2           1             1                1                  
66     24         1          1             1           0             0                0                  
67     28         3          3             3           1             1                1                  
68     36         8          8             7           4             3                1                  
69     31         5          5             4           3             3                2                  
70     36         2          2             2           0             0                0                  
71     21         0          0             0           0             0                0                  
72     39         6          6             6           2             2                1                  
73     16         1          1             1           0             0                0                  
74     17         1          1             1           0             0                0                  
75     56         5          5             5           2             2                1                  
76     33         2          2             2           1             1                1                  
77     49         7          7             7           4             4                3                  
78     22         1          1             1           1             1                1                  
79     34         5          5             5           4             4                2                  
80     32         2          2             2           1             1                0                  
----------------------------------------------------------------------------------
SUM    2256       201        201           190         113           107              63                 
----------------------------------------------------------------------------------

 Total Ripple Number: ?

 Detection parameters:
     maximum_peak:    4
     maxRippleLength: 100
     detection_peaks: peaks
     num_peaks:       3
