Trial  Det1_2SD   Det2_4SD   Det3_MaxLen   Det4_Join   Det5_Cycles   68               101                
t6_Artif_Rej Det7_Spctr_Peak 1      26         0          0             0           0             0                0                  
2      26         0          0             0           0             0                0                  
3      26         0          0             0           0             0                0                  
4      36         1          1             1           0             0                0                  
5      20         1          1             1           0             0                0                  
6      31         1          1             1           1             1                1                  
7      28         1          1             1           1             1                1                  
8      31         5          5             4           4             3                2                  
9      41         3          3             3           2             2                2                  
10     36         1          1             1           1             1                1                  
11     33         1          1             1           0             0                0                  
12     23         3          3             3           2             2                2                  
13     39         4          4             4           3             3                2                  
14     30         2          2             2           1             1                1                  
15     29         3          3             3           1             1                0                  
16     41         2          2             1           1             1                0                  
17     42         0          0             0           0             0                0                  
18     49         2          2             2           1             1                0                  
19     25         0          0             0           0             0                0                  
20     31         3          3             2           1             1                1                  
21     33         4          4             4           1             1                1                  
22     25         1          1             1           0             0                0                  
23     31         0          0             0           0             0                0                  
24     30         3          3             3           3             3                3                  
25     17         0          0             0           0             0                0                  
26     31         2          2             2           2             2                1                  
27     14         0          0             0           0             0                0                  
28     29         1          1             1           0             0                0                  
29     35         1          1             1           1             1                1                  
30     27         0          0             0           0             0                0                  
31     22         1          1             1           1             1                0                  
32     24         0          0             0           0             0                0                  
33     30         2          2             2           2             2                2                  
34     28         1          1             1           1             1                1                  
35     33         0          0             0           0             0                0                  
36     26         0          0             0           0             0                0                  
37     36         2          2             2           2             2                2                  
38     22         1          1             1           1             1                0                  
39     17         0          0             0           0             0                0                  
40     30         5          5             5           4             4                1                  
41     24         2          2             2           1             1                0                  
42     25         1          1             1           1             1                1                  
43     35         4          4             4           2             2                2                  
44     18         1          1             1           0             0                0                  
45     21         0          0             0           0             0                0                  
46     42         8          8             8           6             6                2                  
47     28         12         12            10          8             7                2                  
48     24         3          3             3           2             2                1                  
49     19         6          6             6           4             3                0                  
50     27         0          0             0           0             0                0                  
51     30         3          3             3           2             2                2                  
52     24         4          4             3           3             3                0                  
53     36         5          5             4           3             2                1                  
54     33         2          2             2           1             1                0                  
55     35         1          1             1           1             1                1                  
56     24         3          3             3           1             1                1                  
57     37         9          9             9           2             2                2                  
58     30         5          5             5           3             3                1                  
59     20         0          0             0           0             0                0                  
60     31         4          4             3           3             3                3                  
61     28         9          9             8           6             5                2                  
62     21         0          0             0           0             0                0                  
63     29         0          0             0           0             0                0                  
64     23         3          3             2           2             2                1                  
65     30         2          2             2           0             0                0                  
66     23         0          0             0           0             0                0                  
67     34         2          2             2           1             1                0                  
68     38         11         11            11          7             6                2                  
69     27         6          6             5           5             5                1                  
70     33         1          1             1           0             0                0                  
71     23         1          1             1           1             1                0                  
72     43         1          1             1           1             1                1                  
73     21         1          1             1           0             0                0                  
74     22         0          0             0           0             0                0                  
75     51         2          2             2           0             0                0                  
76     31         2          2             1           1             1                1                  
77     50         6          6             5           3             3                3                  
78     17         2          2             2           1             1                1                  
79     26         7          7             6           4             3                2                  
80     19         3          3             3           2             2                0                  
----------------------------------------------------------------------------------
SUM    2335       189        189           175         114           107              58                 
----------------------------------------------------------------------------------

 Total Ripple Number: :

 Detection parameters:
     maximum_peak:    4
     maxRippleLength: 100
     detection_peaks: peaks
     num_peaks:       3
