Trial  Det1_2SD   Det2_4SD   Det3_MaxLen   Det4_Join   Det5_Cycles   68               101                
t6_Artif_Rej Det7_Spctr_Peak 1      36         0          0             0           0             0                0                  
2      22         1          1             1           0             0                0                  
3      31         0          0             0           0             0                0                  
4      27         2          2             2           2             2                2                  
5      35         1          1             1           0             0                0                  
6      41         2          2             2           0             0                0                  
7      20         4          4             4           2             2                2                  
8      20         6          6             6           4             4                3                  
9      29         3          3             3           3             3                3                  
10     25         3          3             3           3             3                3                  
11     29         3          3             3           2             2                1                  
12     21         4          4             4           3             3                1                  
13     35         4          4             4           4             4                2                  
14     22         3          3             3           2             1                0                  
15     27         3          3             3           3             3                1                  
16     34         3          3             2           2             2                1                  
17     35         1          1             1           1             1                1                  
18     46         3          3             3           3             3                2                  
19     20         1          1             1           0             0                0                  
20     24         0          0             0           0             0                0                  
21     25         3          3             3           3             3                1                  
22     40         1          1             1           0             0                0                  
23     30         1          1             1           0             0                0                  
24     33         4          4             4           2             2                1                  
25     24         0          0             0           0             0                0                  
26     21         2          2             2           2             2                1                  
27     22         1          1             1           0             0                0                  
28     15         0          0             0           0             0                0                  
29     28         3          3             3           2             2                1                  
30     28         3          3             3           1             1                1                  
31     32         5          5             5           4             4                3                  
32     28         1          1             1           1             1                1                  
33     26         2          2             2           1             1                0                  
34     22         1          1             1           1             1                0                  
35     21         0          0             0           0             0                0                  
36     23         0          0             0           0             0                0                  
37     32         0          0             0           0             0                0                  
38     27         1          1             1           0             0                0                  
39     17         0          0             0           0             0                0                  
40     33         4          4             4           1             1                0                  
41     25         6          6             6           4             4                1                  
42     34         1          1             1           1             1                1                  
43     28         1          1             1           1             1                1                  
44     19         0          0             0           0             0                0                  
45     23         0          0             0           0             0                0                  
46     39         7          7             7           2             2                1                  
47     21         6          6             6           4             4                1                  
48     24         3          3             3           1             1                1                  
49     24         5          5             4           4             3                1                  
50     17         1          1             1           0             0                0                  
51     35         5          5             5           1             1                1                  
52     22         3          3             3           2             2                0                  
53     35         5          5             5           5             4                3                  
54     45         4          4             4           3             3                1                  
55     40         1          1             1           1             1                0                  
56     27         3          3             3           1             1                0                  
57     34         6          6             6           5             5                3                  
58     36         8          8             6           5             4                1                  
59     29         0          0             0           0             0                0                  
60     31         3          3             3           2             2                1                  
61     36         6          6             5           5             5                1                  
62     27         1          1             1           1             1                1                  
63     29         2          2             2           0             0                0                  
64     31         2          2             2           2             2                1                  
65     34         0          0             0           0             0                0                  
66     23         0          0             0           0             0                0                  
67     19         1          1             1           1             1                0                  
68     23         9          9             9           7             6                3                  
69     31         6          6             6           5             4                1                  
70     26         2          2             2           2             2                1                  
71     20         3          3             3           0             0                0                  
72     36         2          2             2           2             2                2                  
73     24         2          2             2           1             1                1                  
74     24         1          1             1           0             0                0                  
75     51         3          3             3           2             2                1                  
76     27         2          2             2           1             1                0                  
77     32         5          5             5           3             3                1                  
78     24         1          1             1           1             1                1                  
79     29         5          5             5           4             3                0                  
80     20         4          4             4           2             2                0                  
----------------------------------------------------------------------------------
SUM    2260       204        204           199         133           126              62                 
----------------------------------------------------------------------------------

 Total Ripple Number: >

 Detection parameters:
     maximum_peak:    4
     maxRippleLength: 100
     detection_peaks: peaks
     num_peaks:       3
