Trial  Det1_2SD   Det2_4SD   Det3_MaxLen   Det4_Join   Det5_Cycles   68               101                
t6_Artif_Rej Det7_Spctr_Peak 1      26         0          0             0           0             0                0                  
2      31         1          1             1           0             0                0                  
3      30         3          3             3           0             0                0                  
4      21         0          0             0           0             0                0                  
5      22         0          0             0           0             0                0                  
6      29         1          1             1           0             0                0                  
7      28         0          0             0           0             0                0                  
8      27         0          0             0           0             0                0                  
9      37         1          1             1           1             1                1                  
10     31         4          4             4           1             1                1                  
11     30         1          1             1           0             0                0                  
12     27         1          1             1           1             1                1                  
13     34         2          2             2           0             0                0                  
14     32         1          1             1           1             1                1                  
15     34         2          2             2           0             0                0                  
16     24         0          0             0           0             0                0                  
17     23         1          1             1           0             0                0                  
18     30         1          1             1           0             0                0                  
19     21         1          1             1           0             0                0                  
20     19         1          1             1           1             1                1                  
21     27         4          4             4           2             2                2                  
22     28         0          0             0           0             0                0                  
23     30         1          1             1           1             1                0                  
24     45         4          4             4           1             1                0                  
25     38         4          4             4           1             1                1                  
26     22         1          1             1           1             1                0                  
27     13         0          0             0           0             0                0                  
28     19         1          1             1           0             0                0                  
29     29         0          0             0           0             0                0                  
30     21         1          1             1           1             1                1                  
31     26         1          1             1           1             1                1                  
32     28         2          2             2           0             0                0                  
33     25         3          3             3           2             2                2                  
34     23         1          1             1           1             1                1                  
35     29         0          0             0           0             0                0                  
36     28         1          1             1           1             1                1                  
37     28         0          0             0           0             0                0                  
38     20         1          1             1           1             1                1                  
39     22         1          1             1           1             1                1                  
40     24         1          1             1           0             0                0                  
41     32         1          1             1           0             0                0                  
42     27         0          0             0           0             0                0                  
43     19         0          0             0           0             0                0                  
44     23         1          1             1           0             0                0                  
45     28         0          0             0           0             0                0                  
46     39         3          3             3           1             1                1                  
47     24         2          2             2           0             0                0                  
48     25         1          1             1           0             0                0                  
49     32         3          3             3           1             1                0                  
50     27         1          1             1           0             0                0                  
51     31         1          1             1           0             0                0                  
52     29         0          0             0           0             0                0                  
53     42         2          2             2           0             0                0                  
54     30         1          1             1           0             0                0                  
55     42         0          0             0           0             0                0                  
56     35         1          1             1           0             0                0                  
57     28         1          1             1           0             0                0                  
58     37         3          3             3           1             1                0                  
59     34         1          1             1           0             0                0                  
60     30         0          0             0           0             0                0                  
61     33         2          2             2           1             1                0                  
62     34         1          1             1           1             1                1                  
63     20         0          0             0           0             0                0                  
64     21         2          2             2           0             0                0                  
65     30         1          1             1           0             0                0                  
66     30         0          0             0           0             0                0                  
67     28         0          0             0           0             0                0                  
68     31         0          0             0           0             0                0                  
69     31         0          0             0           0             0                0                  
70     19         0          0             0           0             0                0                  
71     25         1          1             1           0             0                0                  
72     27         1          1             1           0             0                0                  
73     23         0          0             0           0             0                0                  
74     23         0          0             0           0             0                0                  
75     28         2          2             2           2             2                2                  
76     31         0          0             0           0             0                0                  
77     29         0          0             0           0             0                0                  
78     27         0          0             0           0             0                0                  
79     29         1          1             1           0             0                0                  
80     25         1          1             1           1             1                1                  
----------------------------------------------------------------------------------
SUM    2239       82         82            82          27            27               21                 
----------------------------------------------------------------------------------

 Total Ripple Number: 

 Detection parameters:
     maximum_peak:    4
     maxRippleLength: 100
     detection_peaks: peaks
     num_peaks:       3
