Trial  Det1_2SD   Det2_4SD   Det3_MaxLen   Det4_Join   Det5_Cycles   Det6_Artif_Rej  
1      20         7          7             5           4             4               
2      14         2          2             2           1             1               
3      18         8          8             7           3             3               
4      25         8          8             6           5             5               
5      20         8          8             7           4             3               
6      21         12         12            8           7             7               
7      17         6          6             5           2             2               
8      28         14         14            12          10            10              
9      27         7          7             7           2             2               
10     28         13         13            13          7             7               
11     30         9          9             9           8             8               
12     18         7          7             7           1             1               
13     30         14         14            13          6             6               
14     23         12         12            11          9             9               
15     18         12         12            9           8             8               
16     11         4          4             4           1             1               
17     25         16         16            15          10            10              
18     25         10         10            10          6             6               
19     34         10         10            9           7             7               
20     32         14         14            14          9             9               
21     10         0          0             0           0             0               
22     10         4          4             4           1             1               
23     16         5          5             5           3             3               
24     30         8          8             7           2             2               
25     21         12         12            10          6             6               
26     21         9          9             8           6             6               
27     22         8          8             7           7             7               
28     21         5          5             5           4             4               
29     18         3          3             3           0             0               
30     28         13         13            11          7             6               
31     14         4          4             4           2             2               
32     14         7          7             7           4             4               
33     26         5          5             5           5             5               
34     21         2          2             2           1             1               
35     17         7          7             7           5             5               
36     35         14         14            14          8             7               
37     20         10         10            10          4             3               
38     32         18         18            18          8             8               
39     32         16         16            16          7             7               
40     16         4          4             4           2             2               
41     15         2          2             2           1             1               
42     18         5          5             5           3             3               
43     31         12         12            11          6             6               
44     22         7          7             7           4             4               
45     14         7          7             6           4             4               
46     19         6          6             6           4             4               
47     16         5          5             5           4             4               
48     24         7          7             6           5             5               
49     37         15         15            14          7             7               
50     38         21         21            17          17            17              
51     29         11         11            10          9             8               
52     24         5          5             5           3             3               
53     26         8          8             7           6             6               
54     23         10         10            9           7             7               
55     22         5          5             5           3             3               
56     28         8          8             8           2             2               
57     9          4          4             3           3             3               
58     16         5          5             5           4             4               
59     20         6          6             6           6             6               
60     24         9          9             9           8             7               
61     41         14         14            13          3             3               
62     18         3          3             3           2             2               
63     21         9          9             6           4             4               
64     20         12         12            9           5             5               
65     27         13         13            13          10            9               
66     16         1          1             1           1             1               
67     19         6          6             6           4             4               
68     29         12         12            11          8             8               
69     8          3          3             3           0             0               
70     21         9          9             8           3             3               
71     44         22         22            20          14            13              
72     24         9          9             9           6             5               
73     13         3          3             3           3             3               
74     24         5          5             5           3             3               
75     33         13         13            10          6             6               
76     22         5          5             4           3             3               
77     26         10         10            10          6             6               
78     36         16         16            15          9             9               
79     25         10         10            10          7             7               
80     23         2          2             2           2             2               
----------------------------------------------------------------------------------
SUM    1833       682        682           627         397           388             
----------------------------------------------------------------------------------

 Total Ripple Number: Ƅ

 Detection parameters:
     maximum_peak:    3
     maxRippleLength: 100
     detection_peaks: thrsh
     num_peaks:       3
