Trial  Det1_2SD   Det2_4SD   Det3_MaxLen   Det4_Join   Det5_Cycles   Det6_Artif_Rej  
1      31         11         11            9           5             5               
2      26         7          7             7           1             1               
3      25         5          5             5           1             1               
4      26         8          8             8           4             4               
5      16         7          7             7           4             3               
6      17         10         10            9           5             5               
7      29         7          7             7           2             2               
8      29         8          8             8           4             4               
9      26         6          6             6           4             4               
10     35         9          9             9           3             3               
11     27         3          3             3           0             0               
12     20         7          7             7           0             0               
13     42         12         12            11          6             6               
14     32         10         10            10          5             5               
15     22         9          9             7           6             5               
16     18         4          4             4           0             0               
17     35         12         12            12          8             8               
18     27         9          9             9           7             7               
19     27         11         11            11          7             7               
20     32         14         14            14          8             8               
21     15         0          0             0           0             0               
22     20         1          1             1           1             1               
23     25         8          8             8           3             3               
24     30         10         10            9           4             4               
25     28         14         14            12          5             5               
26     34         15         15            13          6             6               
27     34         7          7             7           1             1               
28     19         4          4             4           0             0               
29     16         4          4             4           0             0               
30     38         18         18            16          9             8               
31     17         4          4             4           2             2               
32     21         6          6             6           3             3               
33     32         12         12            10          6             6               
34     18         3          3             3           1             1               
35     17         5          5             5           1             1               
36     24         12         12            9           7             7               
37     28         7          7             7           1             0               
38     33         13         13            12          6             6               
39     31         14         14            12          9             9               
40     27         9          9             9           5             5               
41     14         2          2             2           1             1               
42     25         7          7             7           3             3               
43     35         8          8             8           2             2               
44     29         9          9             8           5             5               
45     29         3          3             3           3             3               
46     30         7          7             7           2             2               
47     17         5          5             5           2             2               
48     21         8          8             8           4             4               
49     41         16         16            16          6             6               
50     36         19         19            16          12            12              
51     28         10         10            9           6             6               
52     21         5          5             5           3             3               
53     24         7          7             7           3             3               
54     24         10         10            10          6             6               
55     23         7          7             7           6             6               
56     31         11         11            11          1             1               
57     13         3          3             3           2             2               
58     19         3          3             3           1             1               
59     30         4          4             4           3             3               
60     24         5          5             5           1             1               
61     36         8          8             8           2             2               
62     23         7          7             6           1             1               
63     22         6          6             4           3             3               
64     19         7          7             5           4             4               
65     35         9          9             9           5             5               
66     16         1          1             1           1             1               
67     27         8          8             7           4             4               
68     39         14         14            10          5             5               
69     23         2          2             2           0             0               
70     36         12         12            11          4             4               
71     36         14         14            14          8             7               
72     21         4          4             4           2             2               
73     22         5          5             5           2             2               
74     22         7          7             7           1             1               
75     27         9          9             9           5             5               
76     26         10         10            10          2             2               
77     28         12         12            9           5             5               
78     33         7          7             6           3             3               
79     31         9          9             9           3             3               
80     23         3          3             2           1             1               
----------------------------------------------------------------------------------
SUM    2108       638        638           596         283           278             
----------------------------------------------------------------------------------

 Total Ripple Number: Ė

 Detection parameters:
     maximum_peak:    3
     maxRippleLength: 100
     detection_peaks: thrsh
     num_peaks:       3
