Trial  Det1_2SD   Det2_4SD   Det3_MaxLen   Det4_Join   Det5_Cycles   Det6_Artif_Rej  
1      27         12         12            10          6             6               
2      17         7          7             7           1             1               
3      20         5          5             5           3             3               
4      26         8          8             7           3             3               
5      18         5          5             4           2             2               
6      24         7          7             6           2             2               
7      17         5          5             4           2             2               
8      41         9          9             9           6             6               
9      24         4          4             4           3             3               
10     29         5          5             5           3             3               
11     31         5          5             5           2             2               
12     23         4          4             4           0             0               
13     34         13         13            12          6             6               
14     26         11         11            11          10            9               
15     29         12         12            12          10            9               
16     23         4          4             4           0             0               
17     30         6          6             6           2             2               
18     26         7          7             7           2             2               
19     35         9          9             9           5             5               
20     22         10         10            9           6             6               
21     11         3          3             3           2             2               
22     20         1          1             1           0             0               
23     25         2          2             2           0             0               
24     21         8          8             8           4             4               
25     31         10         10            9           4             4               
26     24         11         11            10          6             6               
27     18         3          3             3           1             1               
28     21         4          4             4           1             1               
29     11         2          2             2           0             0               
30     31         14         14            13          6             5               
31     21         4          4             4           0             0               
32     25         7          7             7           2             2               
33     34         10         10            9           8             8               
34     19         3          3             3           2             2               
35     19         3          3             3           3             3               
36     27         7          7             6           4             4               
37     19         6          6             6           3             3               
38     31         8          8             8           5             5               
39     25         13         13            12          10            9               
40     25         2          2             2           0             0               
41     14         2          2             2           2             2               
42     18         3          3             3           1             1               
43     27         4          4             4           2             2               
44     18         5          5             5           1             1               
45     16         4          4             4           2             2               
46     28         7          7             7           5             5               
47     21         2          2             2           1             1               
48     25         5          5             5           3             3               
49     29         5          5             4           3             3               
50     37         18         18            15          9             9               
51     26         7          7             6           3             3               
52     33         8          8             8           2             2               
53     37         11         11            11          1             1               
54     26         10         10            9           5             5               
55     32         7          7             7           5             5               
56     24         5          5             5           1             1               
57     21         2          2             2           0             0               
58     21         3          3             3           1             1               
59     28         10         10            10          3             3               
60     27         7          7             7           3             2               
61     37         9          9             9           1             1               
62     26         6          6             6           1             1               
63     21         5          5             3           3             3               
64     28         13         13            13          8             7               
65     20         6          6             6           4             4               
66     14         4          4             4           3             3               
67     31         9          9             8           3             3               
68     31         11         11            10          4             4               
69     22         4          4             4           0             0               
70     23         4          4             4           2             2               
71     41         20         20            20          8             8               
72     38         10         10            10          2             2               
73     25         6          6             6           3             3               
74     25         6          6             6           3             3               
75     21         7          7             7           2             2               
76     22         4          4             4           3             3               
77     36         10         10            10          7             7               
78     40         15         15            13          6             6               
79     26         9          9             8           5             5               
80     30         7          7             7           3             3               
----------------------------------------------------------------------------------
SUM    2045       559        559           532         259           253             
----------------------------------------------------------------------------------

 Total Ripple Number: ý

 Detection parameters:
     maximum_peak:    3
     maxRippleLength: 100
     detection_peaks: thrsh
     num_peaks:       3
