Trial  Det1_2SD   Det2_4SD   Det3_MaxLen   Det4_Join   Det5_Cycles   Det6_Artif_Rej  
1      18         8          8             7           5             5               
2      13         4          4             4           3             3               
3      12         3          3             3           1             1               
4      5          1          1             1           1             1               
5      9          4          4             3           3             3               
6      13         5          5             4           3             3               
7      10         3          3             3           2             2               
8      13         3          3             3           1             1               
9      19         7          7             7           5             5               
10     12         1          1             1           0             0               
11     17         8          8             5           3             3               
12     10         6          6             6           5             5               
13     20         11         11            6           6             6               
14     20         9          9             8           5             5               
15     31         20         20            15          11            10              
16     15         2          2             2           2             2               
17     24         10         10            9           9             9               
18     14         10         10            9           5             5               
19     10         3          3             2           2             2               
20     27         15         15            10          8             8               
21     23         12         12            10          7             6               
22     27         17         17            14          10            9               
23     21         6          6             6           4             4               
24     25         15         15            9           7             7               
25     32         20         20            17          13            12              
26     18         11         11            11          6             6               
27     16         3          3             3           3             3               
28     9          0          0             0           0             0               
29     8          2          2             2           0             0               
30     22         9          8             8           5             5               
31     18         9          9             9           5             4               
32     16         6          6             5           4             4               
33     26         14         14            13          7             6               
34     21         11         11            9           5             4               
35     30         13         13            9           7             7               
36     26         15         15            14          9             8               
37     16         12         12            11          8             7               
38     28         16         16            15          13            12              
39     25         16         16            13          7             6               
40     20         8          8             7           3             3               
41     18         6          6             4           2             2               
42     13         3          3             3           2             2               
43     17         4          4             4           2             2               
44     15         6          6             6           5             5               
45     13         4          4             4           1             1               
46     14         3          3             2           1             1               
47     26         11         11            11          8             8               
48     22         7          7             7           3             3               
49     24         10         10            8           5             4               
50     24         13         13            12          8             8               
51     19         7          7             6           4             4               
52     17         5          5             5           4             3               
53     16         6          6             5           4             3               
54     34         20         20            17          11            10              
55     24         9          9             7           4             4               
56     17         5          5             5           1             1               
57     11         5          5             4           3             3               
58     9          1          1             1           0             0               
59     22         9          9             5           4             4               
60     22         13         13            10          9             8               
61     30         10         10            9           7             6               
62     5          1          1             1           0             0               
63     22         12         12            10          8             7               
64     10         6          6             6           5             4               
65     29         11         11            10          5             4               
66     18         10         10            7           4             4               
67     13         7          7             7           5             5               
68     35         29         29            20          17            16              
69     22         15         15            11          9             8               
70     18         6          6             6           4             4               
71     22         11         11            11          10            10              
72     20         9          9             8           7             7               
73     23         8          8             6           5             5               
74     15         9          9             8           4             3               
75     12         4          4             4           1             1               
76     22         11         11            8           8             8               
77     22         13         13            12          5             5               
78     20         7          7             6           3             3               
79     20         8          8             6           5             5               
80     24         9          9             8           4             4               
----------------------------------------------------------------------------------
SUM    1518       691        690           583         400           377             
----------------------------------------------------------------------------------

 Total Ripple Number: Ź

 Detection parameters:
     maximum_peak:    3
     maxRippleLength: 100
     detection_peaks: thrsh
     num_peaks:       3
