Trial  Det1_2SD   Det2_4SD   Det3_MaxLen   Det4_Join   Det5_Cycles   Det6_Artif_Rej  
1      18         8          8             8           3             3               
2      16         4          4             4           4             4               
3      20         4          4             4           2             2               
4      19         2          2             2           1             1               
5      16         8          7             7           4             4               
6      12         3          3             3           2             2               
7      23         9          9             9           6             6               
8      21         9          9             9           5             5               
9      18         3          3             3           1             1               
10     31         7          7             7           0             0               
11     20         6          6             5           4             4               
12     21         5          5             4           3             3               
13     38         17         17            16          12            11              
14     17         5          5             5           4             4               
15     36         15         15            11          11            10              
16     14         3          3             3           0             0               
17     18         9          9             9           6             6               
18     10         3          3             3           1             1               
19     13         4          4             4           2             2               
20     22         12         12            11          7             6               
21     16         9          9             8           5             4               
22     21         8          8             7           5             5               
23     23         8          8             8           5             5               
24     46         13         13            12          6             6               
25     29         7          7             6           4             4               
26     24         6          6             6           6             6               
27     29         12         12            10          8             8               
28     26         5          5             5           3             3               
29     21         3          3             3           2             2               
30     26         9          9             8           6             6               
31     14         4          4             4           3             2               
32     21         10         10            6           5             5               
33     32         18         18            15          7             6               
34     23         8          8             6           3             3               
35     25         7          7             6           4             4               
36     33         18         18            13          7             6               
37     21         3          3             3           1             1               
38     26         13         13            11          9             8               
39     24         9          9             8           8             7               
40     26         6          6             6           3             3               
41     16         8          8             7           5             5               
42     23         4          4             4           2             2               
43     28         9          9             9           6             6               
44     19         7          7             7           2             2               
45     9          3          3             3           3             3               
46     26         8          8             7           3             3               
47     29         8          8             8           4             4               
48     29         9          9             9           6             6               
49     17         5          5             5           3             3               
50     31         5          5             5           1             1               
51     32         16         16            13          10            10              
52     27         8          8             7           6             5               
53     25         8          8             7           6             5               
54     28         13         13            11          6             5               
55     19         6          6             4           2             2               
56     30         5          5             5           2             2               
57     5          0          0             0           0             0               
58     18         5          5             5           2             2               
59     18         4          4             4           2             2               
60     32         14         14            14          9             8               
61     35         10         10            10          6             6               
62     22         5          5             5           2             2               
63     20         9          9             9           7             7               
64     20         9          9             8           6             6               
65     21         12         12            12          9             8               
66     14         4          4             3           3             2               
67     18         7          7             6           4             4               
68     42         23         23            20          14            13              
69     18         8          8             6           3             2               
70     26         7          7             6           2             2               
71     27         8          8             8           5             4               
72     23         9          9             7           5             5               
73     18         7          7             6           2             2               
74     12         6          6             6           5             4               
75     30         12         12            12          7             7               
76     28         10         10            9           7             6               
77     19         5          5             5           3             3               
78     30         11         11            11          6             6               
79     23         4          4             4           1             1               
80     34         11         11            11          3             3               
----------------------------------------------------------------------------------
SUM    1850       634        633           576         358           338             
----------------------------------------------------------------------------------

 Total Ripple Number: Œ

 Detection parameters:
     maximum_peak:    3
     maxRippleLength: 100
     detection_peaks: thrsh
     num_peaks:       3
