Trial  Det1_2SD   Det2_4SD   Det3_MaxLen   Det4_Join   Det5_Cycles   Det6_Artif_Rej  
1      10         5          5             4           4             4               
2      3          2          2             2           1             1               
3      1          0          0             0           0             0               
4      3          1          1             1           1             1               
5      3          1          1             1           1             1               
6      2          0          0             0           0             0               
7      3          1          1             1           1             1               
8      2          1          1             1           0             0               
9      9          3          3             3           2             2               
10     5          4          4             3           1             1               
11     12         7          7             6           5             5               
12     15         8          8             6           5             5               
13     35         23         23            14          10            10              
14     7          4          4             4           4             4               
15     16         11         11            9           7             6               
16     3          2          2             2           1             1               
17     18         11         11            11          8             8               
18     9          5          5             5           4             4               
19     13         9          9             9           7             7               
20     20         13         13            12          7             6               
21     6          4          4             3           3             3               
22     17         10         10            8           8             7               
23     5          3          3             3           3             2               
24     17         10         10            9           8             8               
25     12         6          6             6           5             5               
26     2          0          0             0           0             0               
27     2          1          1             1           0             0               
28     11         5          5             5           3             3               
29     1          0          0             0           0             0               
30     8          3          3             3           2             2               
31     10         7          7             7           6             6               
32     21         15         15            11          8             8               
33     12         7          7             4           4             4               
34     17         8          8             6           6             5               
35     7          4          4             4           3             2               
36     36         17         17            13          11            10              
37     14         9          9             8           4             3               
38     24         19         19            14          10            10              
39     18         15         15            14          8             7               
40     7          3          3             3           2             2               
41     4          1          1             1           1             1               
42     5          1          1             1           1             1               
43     7          1          1             1           1             1               
44     13         5          5             5           5             5               
45     11         5          5             5           4             4               
46     9          4          4             3           3             3               
47     10         8          8             7           5             5               
48     11         7          7             7           5             5               
49     4          4          4             3           2             2               
50     7          4          4             3           3             3               
51     14         7          7             5           4             4               
52     6          4          4             3           3             3               
53     5          5          5             4           2             2               
54     13         8          8             7           7             7               
55     10         4          4             4           2             2               
56     3          1          1             1           1             1               
57     1          1          1             1           1             1               
58     5          3          3             3           2             2               
59     14         10         10            8           6             6               
60     26         18         18            15          8             8               
61     14         8          8             7           7             6               
62     8          1          1             1           1             1               
63     21         14         14            9           7             6               
64     10         8          8             8           6             5               
65     24         17         17            16          10            9               
66     6          4          4             3           3             2               
67     9          5          5             5           3             3               
68     28         20         19            15          13            12              
69     17         10         9             8           6             5               
70     19         12         12            10          4             4               
71     14         10         10            9           8             7               
72     7          5          5             5           4             4               
73     8          5          4             4           4             4               
74     5          4          4             4           3             3               
75     15         10         10            7           6             5               
76     8          7          7             6           5             5               
77     8          6          6             5           3             3               
78     5          2          2             2           2             2               
79     25         11         11            10          8             8               
80     24         15         15            13          8             8               
----------------------------------------------------------------------------------
SUM    889        532        529           450         340           322             
----------------------------------------------------------------------------------

 Total Ripple Number: ł

 Detection parameters:
     maximum_peak:    3
     maxRippleLength: 100
     detection_peaks: thrsh
     num_peaks:       3
