Trial  Det1_2SD   Det2_4SD   Det3_MaxLen   Det4_Join   Det5_Cycles   Det6_Artif_Rej  
1      31         8          8             7           2             2               
2      23         5          5             5           3             3               
3      9          0          0             0           0             0               
4      38         7          7             7           1             1               
5      22         4          4             4           2             2               
6      27         5          5             5           2             2               
7      25         6          6             6           2             2               
8      31         10         10            10          3             3               
9      23         2          2             2           0             0               
10     22         3          3             3           2             2               
11     25         3          3             3           0             0               
12     18         3          3             3           2             2               
13     33         12         12            9           7             7               
14     22         4          4             4           1             1               
15     32         12         12            11          5             5               
16     30         3          3             3           1             1               
17     27         11         11            9           8             7               
18     22         4          4             4           2             1               
19     25         5          5             5           4             4               
20     39         14         14            12          8             7               
21     25         7          7             7           3             3               
22     36         10         10            9           7             6               
23     26         3          3             3           1             1               
24     29         11         11            10          5             5               
25     19         4          4             4           2             2               
26     30         2          2             2           1             1               
27     26         6          6             6           2             2               
28     23         2          2             2           0             0               
29     19         1          1             1           0             0               
30     24         4          4             4           3             3               
31     35         9          9             9           5             5               
32     23         11         11            11          5             5               
33     27         9          9             9           6             6               
34     36         8          8             7           3             3               
35     32         4          4             4           3             3               
36     30         12         12            10          9             8               
37     11         5          5             4           2             2               
38     30         17         17            14          10            10              
39     34         14         14            13          8             7               
40     35         6          6             6           1             1               
41     17         4          4             4           0             0               
42     21         2          2             2           1             1               
43     20         4          4             4           2             2               
44     25         7          7             7           4             4               
45     20         5          5             5           3             3               
46     22         3          3             3           2             2               
47     19         7          7             6           4             4               
48     20         7          7             6           3             2               
49     23         3          3             2           1             1               
50     30         6          6             6           4             4               
51     34         10         10            10          6             6               
52     37         10         10            10          6             6               
53     40         9          9             9           3             3               
54     27         8          8             7           5             5               
55     28         7          7             7           3             3               
56     26         4          4             4           1             1               
57     18         3          3             3           0             0               
58     17         1          1             1           1             1               
59     24         3          3             3           1             1               
60     25         8          8             8           4             4               
61     31         6          6             6           1             1               
62     27         6          6             6           3             3               
63     27         10         10            10          5             5               
64     21         6          6             6           3             2               
65     33         14         14            12          5             4               
66     23         8          7             7           4             3               
67     22         11         11            10          6             6               
68     40         20         20            15          12            11              
69     24         10         10            9           6             5               
70     28         8          8             6           2             2               
71     27         7          7             7           2             2               
72     20         10         10            9           4             4               
73     21         7          7             7           2             2               
74     18         3          3             3           1             1               
75     32         11         11            10          7             6               
76     25         10         10            9           5             4               
77     24         3          3             3           1             1               
78     25         5          5             5           1             1               
79     30         14         14            14          4             3               
80     28         6          6             6           0             0               
----------------------------------------------------------------------------------
SUM    2093       552        551           514         259           244             
----------------------------------------------------------------------------------

 Total Ripple Number: ô

 Detection parameters:
     maximum_peak:    3
     maxRippleLength: 100
     detection_peaks: thrsh
     num_peaks:       3
