Trial  Det1_2SD   Det2_4SD   Det3_MaxLen   Det4_Join   Det5_Cycles   68               101                
t6_Artif_Rej Det7_Spctr_Peak 1      33         7          7             7           1             1                0                  
2      26         5          5             5           4             4                3                  
3      18         4          4             4           1             1                1                  
4      20         1          1             1           0             0                0                  
5      27         4          4             4           1             1                1                  
6      22         2          2             2           2             2                2                  
7      28         8          8             8           3             3                3                  
8      30         4          4             4           1             1                1                  
9      20         5          5             5           2             2                0                  
10     46         12         12            12          2             2                2                  
11     34         12         12            12          3             3                3                  
12     26         2          2             2           0             0                0                  
13     35         7          7             7           0             0                0                  
14     33         4          4             4           3             3                3                  
15     34         8          8             8           2             2                2                  
16     22         5          5             5           3             3                2                  
17     46         9          9             9           3             3                3                  
18     28         6          6             6           1             1                1                  
19     33         4          4             4           0             0                0                  
20     29         7          7             7           0             0                0                  
21     18         4          4             4           1             1                1                  
22     24         2          2             2           1             1                1                  
23     21         5          5             5           2             2                2                  
24     25         5          5             5           2             2                2                  
25     31         3          3             3           1             1                0                  
26     29         7          7             7           1             1                0                  
27     24         6          6             6           2             1                1                  
28     24         5          5             5           1             0                0                  
29     32         5          5             5           0             0                0                  
30     40         5          5             5           0             0                0                  
31     33         10         10            10          4             4                3                  
32     31         7          7             7           1             1                0                  
33     29         4          4             4           1             1                1                  
34     23         8          8             8           3             3                2                  
35     24         4          4             4           0             0                0                  
36     33         4          4             4           1             1                1                  
37     30         7          7             7           4             3                2                  
38     28         5          5             5           3             3                3                  
39     24         6          6             6           1             1                1                  
40     36         6          6             6           3             3                2                  
41     23         6          6             6           3             3                3                  
42     31         4          4             4           2             2                2                  
43     24         4          4             4           1             1                1                  
44     33         10         10            10          2             2                2                  
45     30         7          7             7           1             1                1                  
46     32         4          4             4           1             1                0                  
47     30         6          6             6           1             1                1                  
48     23         3          3             3           2             2                1                  
49     20         3          3             3           1             1                1                  
50     29         10         10            10          3             3                2                  
51     30         10         10            10          4             4                3                  
52     16         5          5             5           2             2                2                  
53     40         8          8             7           6             6                5                  
54     29         2          2             2           2             2                2                  
55     26         9          9             9           4             4                3                  
56     34         12         12            12          2             2                1                  
57     28         14         14            14          6             6                5                  
58     26         6          6             6           2             2                2                  
59     22         4          4             4           0             0                0                  
60     23         5          5             5           3             3                3                  
61     22         4          4             4           2             2                1                  
62     31         4          4             4           1             1                1                  
63     18         5          5             5           2             2                1                  
64     27         6          6             6           0             0                0                  
65     30         3          3             3           2             1                1                  
66     21         1          1             1           1             1                1                  
67     19         1          1             1           1             1                1                  
68     25         4          4             4           2             2                1                  
69     18         4          4             4           1             1                1                  
70     33         8          8             8           3             3                3                  
71     28         5          5             5           1             1                1                  
72     39         4          4             4           1             1                0                  
73     20         4          4             4           1             1                0                  
74     25         5          5             5           4             4                3                  
75     28         8          8             8           4             4                3                  
76     24         4          4             4           2             2                1                  
77     28         4          4             4           3             3                1                  
78     23         5          5             5           1             0                0                  
79     27         9          9             9           3             3                3                  
80     30         3          3             3           1             1                1                  
----------------------------------------------------------------------------------
SUM    2214       447        447           446         148           143              113                
----------------------------------------------------------------------------------

 Total Ripple Number: q

 Detection parameters:
     maximum_peak:    3
     maxRippleLength: 100
     detection_peaks: thrsh
     num_peaks:       3
