Trial  Det1_2SD   Det2_4SD   Det3_MaxLen   Det4_Join   Det5_Cycles   68               101                
t6_Artif_Rej Det7_Spctr_Peak 1      23         3          3             3           1             1                1                  
2      22         5          5             5           1             1                1                  
3      22         4          4             4           0             0                0                  
4      25         3          3             3           0             0                0                  
5      23         7          7             7           3             3                2                  
6      19         5          5             5           1             1                1                  
7      27         7          7             7           3             3                1                  
8      33         9          9             9           5             5                4                  
9      16         3          3             3           1             1                0                  
10     38         10         10            10          3             3                2                  
11     25         6          6             6           3             3                2                  
12     26         2          2             2           1             1                1                  
13     29         12         12            12          5             5                2                  
14     22         3          3             3           1             1                1                  
15     17         3          3             3           1             1                1                  
16     23         2          2             2           0             0                0                  
17     36         8          8             8           6             6                5                  
18     26         8          8             8           3             3                2                  
19     22         3          3             3           1             1                0                  
20     26         5          5             5           2             1                1                  
21     25         1          1             1           1             1                0                  
22     11         0          0             0           0             0                0                  
23     19         1          1             1           1             1                0                  
24     27         3          3             3           1             1                1                  
25     28         7          7             7           4             4                4                  
26     27         6          6             6           3             3                2                  
27     20         3          3             3           2             2                1                  
28     32         4          4             4           2             2                1                  
29     39         7          7             7           4             4                3                  
30     21         2          2             2           0             0                0                  
31     21         4          4             4           1             1                1                  
32     34         11         11            10          3             3                2                  
33     33         6          6             6           2             2                2                  
34     33         7          7             6           2             2                2                  
35     22         8          8             8           3             3                2                  
36     27         12         12            12          3             3                3                  
37     31         6          6             6           2             1                1                  
38     32         5          5             5           1             1                1                  
39     23         3          3             3           0             0                0                  
40     33         7          7             7           2             2                1                  
41     13         2          2             2           1             1                1                  
42     33         7          7             6           3             3                1                  
43     24         2          2             2           2             2                1                  
44     34         6          6             6           1             1                1                  
45     26         6          6             6           1             1                0                  
46     42         2          2             2           0             0                0                  
47     15         0          0             0           0             0                0                  
48     26         6          6             6           3             3                2                  
49     25         7          7             7           0             0                0                  
50     35         13         13            13          4             4                2                  
51     31         8          8             8           3             3                2                  
52     31         8          8             8           2             2                2                  
53     30         8          8             8           3             2                2                  
54     17         3          3             3           1             1                0                  
55     23         7          7             7           5             5                3                  
56     26         6          6             6           2             2                2                  
57     29         7          7             7           5             5                2                  
58     24         7          7             7           4             4                2                  
59     21         4          4             4           2             2                1                  
60     33         7          7             7           3             3                3                  
61     30         8          8             8           3             3                3                  
62     36         8          8             8           1             1                1                  
63     17         4          4             4           2             2                1                  
64     20         2          2             2           1             1                1                  
65     27         3          3             3           2             2                1                  
66     31         5          5             5           0             0                0                  
67     21         5          5             5           2             2                2                  
68     26         5          5             5           0             0                0                  
69     23         3          3             3           2             2                2                  
70     20         8          8             8           4             4                2                  
71     28         10         10            10          2             2                0                  
72     25         3          3             3           0             0                0                  
73     21         1          1             1           1             1                1                  
74     18         2          2             2           0             0                0                  
75     19         7          7             7           2             2                2                  
76     26         5          5             5           2             2                2                  
77     24         5          5             4           2             2                0                  
78     30         9          9             8           4             3                1                  
79     20         5          5             5           1             1                1                  
80     20         3          3             3           2             2                2                  
----------------------------------------------------------------------------------
SUM    2058       428        428           423         156           152              103                
----------------------------------------------------------------------------------

 Total Ripple Number: g

 Detection parameters:
     maximum_peak:    3
     maxRippleLength: 100
     detection_peaks: thrsh
     num_peaks:       3
