Trial  Det1_2SD   Det2_4SD   Det3_MaxLen   Det4_Join   Det5_Cycles   68               101                
t6_Artif_Rej Det7_Spctr_Peak 1      20         5          5             5           1             1                0                  
2      30         6          6             6           1             1                1                  
3      38         9          9             9           3             3                3                  
4      34         9          9             9           4             4                3                  
5      23         7          7             7           4             4                3                  
6      17         3          3             3           2             2                1                  
7      32         8          8             8           3             3                3                  
8      23         4          4             4           1             1                1                  
9      17         4          4             4           2             2                1                  
10     37         12         12            11          6             6                5                  
11     31         11         11            10          5             5                3                  
12     24         5          5             5           1             1                0                  
13     48         13         13            12          3             3                1                  
14     21         3          3             3           1             1                1                  
15     21         1          1             1           0             0                0                  
16     23         4          4             4           1             1                1                  
17     39         8          8             8           1             1                1                  
18     34         9          9             9           6             6                4                  
19     43         8          8             8           1             1                1                  
20     27         9          9             9           1             1                1                  
21     29         1          1             1           1             1                1                  
22     37         12         12            12          5             5                3                  
23     20         2          2             2           0             0                0                  
24     27         4          4             4           1             1                0                  
25     34         8          8             8           1             1                0                  
26     26         9          9             9           3             2                2                  
27     28         7          7             7           2             2                2                  
28     23         1          1             1           0             0                0                  
29     23         8          8             8           1             1                1                  
30     32         6          6             6           2             2                2                  
31     29         5          5             5           2             2                1                  
32     26         10         10            10          5             5                3                  
33     31         8          8             7           3             3                1                  
34     25         1          1             1           0             0                0                  
35     41         8          8             8           4             4                1                  
36     46         14         14            14          5             4                2                  
37     21         3          3             3           0             0                0                  
38     47         12         12            12          4             4                1                  
39     25         5          5             5           1             1                1                  
40     39         11         11            11          4             4                1                  
41     29         5          5             5           3             3                3                  
42     31         8          8             8           3             3                3                  
43     42         12         12            11          3             3                1                  
44     22         6          6             6           2             2                2                  
45     34         8          8             7           2             2                1                  
46     29         7          7             7           3             3                1                  
47     25         5          5             5           2             2                1                  
48     28         4          4             4           1             1                0                  
49     24         2          2             2           0             0                0                  
50     35         5          5             5           3             3                3                  
51     36         11         11            11          4             4                3                  
52     29         9          9             9           2             2                2                  
53     30         7          7             7           4             3                2                  
54     26         7          7             7           3             3                0                  
55     32         6          6             6           1             1                1                  
56     37         7          7             7           2             2                1                  
57     22         8          8             8           2             1                1                  
58     25         3          3             3           0             0                0                  
59     24         3          3             3           1             1                1                  
60     34         13         13            12          6             6                2                  
61     30         8          8             7           5             5                3                  
62     38         12         12            11          3             3                1                  
63     29         9          9             9           3             3                3                  
64     33         12         12            12          6             5                5                  
65     37         10         10            10          8             7                3                  
66     33         5          5             5           1             1                0                  
67     29         3          3             3           1             1                1                  
68     20         1          1             1           0             0                0                  
69     15         4          4             4           1             1                1                  
70     39         13         13            12          2             2                1                  
71     22         1          1             1           0             0                0                  
72     40         9          9             9           3             3                1                  
73     25         3          3             3           1             1                1                  
74     30         4          4             4           0             0                0                  
75     37         16         16            15          5             5                1                  
76     23         4          4             4           1             1                1                  
77     25         4          4             4           3             3                3                  
78     24         4          4             4           1             0                0                  
79     21         4          4             4           1             1                0                  
80     27         5          5             5           2             2                2                  
----------------------------------------------------------------------------------
SUM    2362       540        540           529         185           178              111                
----------------------------------------------------------------------------------

 Total Ripple Number: o

 Detection parameters:
     maximum_peak:    3
     maxRippleLength: 100
     detection_peaks: thrsh
     num_peaks:       3
