Trial  Det1_2SD   Det2_4SD   Det3_MaxLen   Det4_Join   Det5_Cycles   68               101                
t6_Artif_Rej Det7_Spctr_Peak 1      23         2          2             2           0             0                0                  
2      33         6          6             6           3             3                3                  
3      25         5          5             5           2             2                1                  
4      29         4          4             4           1             1                1                  
5      21         5          5             5           1             1                1                  
6      28         7          7             7           2             2                2                  
7      35         7          7             7           4             4                2                  
8      32         10         10            10          3             3                3                  
9      23         4          4             4           4             4                4                  
10     26         5          5             5           0             0                0                  
11     24         3          3             3           1             1                1                  
12     28         8          8             8           4             4                4                  
13     44         13         13            13          5             5                3                  
14     27         4          4             4           2             2                1                  
15     23         1          1             1           0             0                0                  
16     23         4          4             4           2             2                1                  
17     31         9          9             9           3             3                2                  
18     36         10         10            10          4             4                4                  
19     34         13         13            12          5             5                3                  
20     19         4          4             4           3             3                2                  
21     18         1          1             1           0             0                0                  
22     20         10         10            10          3             3                2                  
23     29         6          6             6           3             3                3                  
24     28         7          7             7           0             0                0                  
25     25         3          3             3           1             1                1                  
26     33         5          5             5           0             0                0                  
27     38         9          9             9           3             3                2                  
28     32         5          5             5           3             3                3                  
29     25         5          5             5           2             2                2                  
30     33         7          7             7           1             1                0                  
31     26         5          5             5           1             1                1                  
32     29         6          6             5           3             3                3                  
33     32         9          9             9           4             4                1                  
34     27         7          7             7           0             0                0                  
35     34         6          6             6           2             2                0                  
36     36         9          9             9           6             6                5                  
37     24         4          4             4           0             0                0                  
38     36         4          4             4           0             0                0                  
39     24         8          8             8           2             2                2                  
40     31         11         11            11          3             3                3                  
41     22         7          7             7           4             4                3                  
42     32         5          5             5           0             0                0                  
43     36         7          7             6           1             1                1                  
44     27         7          7             6           1             1                1                  
45     20         1          1             1           1             1                1                  
46     28         3          3             3           2             2                1                  
47     29         4          4             4           2             2                2                  
48     27         5          5             5           1             1                1                  
49     34         10         10            10          2             2                2                  
50     31         9          9             9           3             3                3                  
51     32         5          5             5           1             1                1                  
52     27         4          4             4           1             1                1                  
53     27         5          5             5           0             0                0                  
54     28         11         11            11          4             4                2                  
55     23         4          4             4           2             2                2                  
56     24         8          8             8           3             3                2                  
57     34         6          6             6           1             0                0                  
58     31         5          5             5           0             0                0                  
59     20         4          4             4           1             1                1                  
60     18         7          7             7           2             2                1                  
61     24         6          6             6           2             2                2                  
62     27         7          7             7           1             1                1                  
63     19         6          6             6           0             0                0                  
64     31         9          9             9           5             5                4                  
65     37         10         10            10          4             3                2                  
66     29         1          1             1           0             0                0                  
67     30         4          4             4           3             3                1                  
68     27         3          3             3           1             1                0                  
69     17         4          4             4           0             0                0                  
70     33         7          7             7           2             2                2                  
71     25         3          3             3           0             0                0                  
72     33         5          5             5           1             1                0                  
73     17         1          1             1           0             0                0                  
74     26         4          4             4           2             2                2                  
75     21         1          1             1           1             1                0                  
76     27         7          7             7           1             1                1                  
77     37         6          6             6           0             0                0                  
78     32         3          3             3           3             2                2                  
79     16         3          3             3           1             1                1                  
80     27         2          2             2           1             0                0                  
----------------------------------------------------------------------------------
SUM    2229       460        460           456         146           142              109                
----------------------------------------------------------------------------------

 Total Ripple Number: m

 Detection parameters:
     maximum_peak:    3
     maxRippleLength: 100
     detection_peaks: thrsh
     num_peaks:       3
