Trial  Det1_2SD   Det2_4SD   Det3_MaxLen   Det4_Join   Det5_Cycles   Det6_Artif_Rej  
1      35         10         9             9           1             1               
2      21         3          3             2           2             2               
3      25         6          6             6           3             3               
4      22         5          5             5           2             2               
5      21         3          3             3           0             0               
6      23         3          3             3           1             1               
7      19         6          6             6           0             0               
8      19         7          7             7           1             1               
9      21         9          9             8           4             4               
10     39         8          8             8           4             4               
11     26         8          8             8           2             2               
12     14         3          3             3           2             2               
13     36         9          9             9           3             3               
14     25         4          4             4           2             2               
15     37         13         13            13          4             4               
16     32         9          9             9           2             2               
17     32         6          6             6           2             2               
18     17         4          4             4           1             1               
19     30         9          9             9           4             4               
20     26         4          4             4           2             2               
21     24         11         11            9           5             5               
22     26         6          6             6           1             1               
23     27         8          8             5           4             4               
24     33         8          8             8           4             4               
25     37         9          9             8           4             4               
26     35         8          8             8           2             2               
27     26         3          3             3           0             0               
28     17         4          4             4           2             2               
29     22         4          4             4           1             1               
30     35         5          5             5           3             3               
31     26         9          9             8           4             4               
32     34         5          5             5           4             4               
33     25         8          8             8           3             3               
34     40         15         15            14          5             5               
35     61         17         17            15          5             5               
36     23         9          9             9           0             0               
37     22         7          7             7           2             2               
38     26         2          2             2           0             0               
39     19         9          9             9           4             4               
40     38         10         10            10          2             2               
41     24         3          3             3           1             1               
42     22         5          5             5           0             0               
43     29         5          5             5           1             1               
44     48         20         20            18          7             7               
45     23         8          8             8           3             2               
46     29         13         13            13          3             3               
47     35         9          9             9           3             2               
48     24         6          6             6           1             1               
49     15         3          3             3           1             1               
50     23         4          4             4           0             0               
51     25         3          3             3           0             0               
52     31         5          5             5           0             0               
53     26         7          7             7           3             3               
54     31         8          8             8           3             3               
55     28         10         10            10          3             3               
56     29         6          6             6           3             3               
57     30         7          7             7           3             3               
58     24         5          5             4           2             2               
59     22         3          3             3           0             0               
60     36         7          7             7           2             2               
61     42         11         11            11          7             7               
62     29         8          8             8           3             3               
63     26         6          6             6           2             2               
64     30         8          8             7           2             2               
65     20         2          2             2           0             0               
66     28         6          6             6           2             2               
67     29         8          8             8           3             3               
68     24         7          7             7           0             0               
69     31         8          8             8           3             3               
70     40         18         18            17          7             6               
71     27         11         11            11          6             6               
72     34         8          8             8           4             4               
73     28         9          9             9           3             3               
74     40         12         12            9           6             6               
75     30         9          9             6           2             2               
76     27         6          6             6           1             1               
77     18         5          5             5           3             3               
78     21         7          7             7           2             2               
79     34         9          9             8           2             2               
80     38         13         13            12          8             8               
----------------------------------------------------------------------------------
SUM    2266       594        593           568         202           199             
----------------------------------------------------------------------------------

 Total Ripple Number: Ç

 Detection parameters:
     maximum_peak:    3
     maxRippleLength: 100
     detection_peaks: thrsh
     num_peaks:       3
