Trial  Det1_2SD   Det2_4SD   Det3_MaxLen   Det4_Join   Det5_Cycles   Det6_Artif_Rej  
1      30         4          4             4           1             1               
2      33         8          8             8           3             3               
3      36         11         11            11          2             2               
4      20         5          5             5           2             2               
5      22         3          3             3           1             1               
6      28         6          6             6           3             3               
7      26         6          6             6           2             1               
8      30         3          3             3           1             1               
9      39         6          6             6           1             1               
10     24         5          5             5           1             1               
11     26         6          6             5           3             3               
12     22         5          5             5           1             1               
13     40         13         13            13          6             6               
14     32         7          7             7           2             2               
15     40         8          8             8           3             3               
16     37         11         11            11          4             4               
17     13         3          3             3           0             0               
18     23         5          5             5           1             1               
19     27         9          9             9           3             3               
20     33         5          5             5           2             2               
21     28         3          3             3           2             2               
22     23         3          3             3           0             0               
23     31         9          9             9           3             3               
24     28         9          9             9           3             3               
25     34         8          8             8           3             3               
26     26         5          5             5           1             1               
27     25         9          9             9           3             3               
28     27         10         10            10          2             2               
29     21         5          5             5           1             1               
30     28         9          9             8           3             3               
31     25         6          6             6           1             1               
32     27         5          5             5           1             1               
33     25         3          3             3           2             2               
34     31         7          7             7           3             3               
35     37         12         12            10          5             4               
36     31         8          8             8           3             3               
37     30         7          7             7           1             1               
38     22         6          6             6           1             1               
39     26         1          1             1           0             0               
40     39         7          7             7           2             2               
41     30         10         10            10          1             1               
42     25         3          3             3           0             0               
43     31         4          4             4           2             2               
44     28         6          6             6           3             3               
45     33         7          7             7           5             5               
46     23         7          7             7           2             2               
47     31         6          6             6           2             2               
48     25         3          3             3           1             1               
49     33         7          7             7           1             1               
50     14         3          3             3           0             0               
51     20         3          3             3           0             0               
52     31         5          5             5           0             0               
53     25         6          6             5           3             3               
54     21         4          4             4           1             1               
55     27         5          5             5           1             1               
56     24         6          6             6           3             3               
57     29         2          2             2           1             1               
58     17         4          4             4           1             1               
59     19         4          4             4           2             2               
60     25         4          4             4           0             0               
61     22         2          2             2           0             0               
62     28         4          4             4           1             1               
63     40         8          8             8           1             1               
64     23         0          0             0           0             0               
65     32         11         11            11          6             6               
66     39         10         10            9           6             5               
67     34         5          5             5           3             3               
68     27         4          4             4           1             0               
69     25         6          6             6           2             2               
70     27         4          4             4           1             1               
71     28         5          5             5           1             1               
72     27         5          5             5           2             2               
73     19         1          1             1           0             0               
74     34         9          9             9           2             2               
75     36         10         10            10          6             6               
76     28         9          9             9           3             3               
77     34         10         10            10          2             2               
78     23         5          5             5           1             1               
79     22         4          4             4           1             1               
80     30         7          7             7           3             3               
----------------------------------------------------------------------------------
SUM    2234       479        479           473         153           149             
----------------------------------------------------------------------------------

 Total Ripple Number: 

 Detection parameters:
     maximum_peak:    3
     maxRippleLength: 100
     detection_peaks: thrsh
     num_peaks:       3
