Trial  Det1_2SD   Det2_4SD   Det3_MaxLen   Det4_Join   Det5_Cycles   Det6_Artif_Rej  
1      22         7          7             7           4             4               
2      19         2          2             2           2             2               
3      33         6          6             6           2             2               
4      20         3          3             3           0             0               
5      27         3          3             2           2             2               
6      23         9          9             9           4             4               
7      27         6          6             5           2             2               
8      24         7          7             6           4             4               
9      23         5          5             5           3             3               
10     25         7          7             6           2             2               
11     29         8          8             7           3             3               
12     28         4          4             4           1             1               
13     23         6          6             6           2             2               
14     21         5          5             5           2             2               
15     33         8          8             8           4             4               
16     32         12         12            12          6             6               
17     22         4          4             4           3             3               
18     26         6          6             6           3             3               
19     32         14         14            12          6             5               
20     25         7          7             7           3             3               
21     28         11         11            10          2             1               
22     20         2          2             2           1             1               
23     25         7          7             7           3             3               
24     30         6          6             6           2             2               
25     28         15         15            15          4             4               
26     31         10         10            9           4             4               
27     30         10         10            10          3             3               
28     19         3          3             3           1             1               
29     15         2          2             2           0             0               
30     32         10         10            10          4             4               
31     30         10         10            10          5             4               
32     33         8          8             8           5             5               
33     23         6          6             6           2             2               
34     27         5          5             5           2             2               
35     32         11         11            11          4             4               
36     30         7          7             7           4             4               
37     23         7          7             7           2             2               
38     16         3          3             3           1             1               
39     31         4          4             3           1             1               
40     28         3          3             3           0             0               
41     30         8          8             8           3             3               
42     30         10         10            9           3             2               
43     22         6          6             6           2             1               
44     38         10         10            10          4             4               
45     29         6          6             6           3             3               
46     25         9          9             8           4             4               
47     32         10         10            10          4             3               
48     24         6          6             6           0             0               
49     27         8          8             8           3             3               
50     23         8          8             7           1             1               
51     35         6          6             5           3             3               
52     18         3          3             3           1             1               
53     24         11         11            9           4             4               
54     27         4          4             4           2             1               
55     25         6          6             6           2             2               
56     24         8          8             8           2             2               
57     31         10         10            10          3             2               
58     24         9          9             9           3             3               
59     24         6          6             6           4             3               
60     27         8          8             8           7             6               
61     36         13         13            13          8             8               
62     23         10         10            10          4             4               
63     17         2          2             2           0             0               
64     20         7          7             7           2             2               
65     25         2          2             2           0             0               
66     44         18         18            16          4             4               
67     25         8          8             7           2             2               
68     21         5          5             5           1             1               
69     23         7          7             6           3             3               
70     37         8          8             8           2             2               
71     28         4          4             4           1             1               
72     35         10         10            9           3             2               
73     21         5          5             5           4             3               
74     34         12         12            10          8             8               
75     35         12         12            11          4             4               
76     32         12         12            12          5             5               
77     34         13         13            13          7             7               
78     31         6          6             6           2             2               
79     38         18         18            17          8             8               
80     42         18         18            18          11            10              
----------------------------------------------------------------------------------
SUM    2185       611        611           586         245           232             
----------------------------------------------------------------------------------

 Total Ripple Number: è

 Detection parameters:
     maximum_peak:    3
     maxRippleLength: 100
     detection_peaks: thrsh
     num_peaks:       3
