Trial  Det1_2SD   Det2_4SD   Det3_MaxLen   Det4_Join   Det5_Cycles   Det6_Artif_Rej  
1      20         6          6             6           2             2               
2      19         3          3             3           2             2               
3      18         3          3             3           1             1               
4      35         7          7             7           3             3               
5      20         3          3             3           1             1               
6      25         3          3             3           2             2               
7      23         7          7             6           3             2               
8      28         4          4             4           1             1               
9      28         3          3             3           2             2               
10     25         6          6             6           5             5               
11     29         2          2             2           0             0               
12     17         2          2             2           1             1               
13     19         6          6             6           2             2               
14     28         6          6             6           1             1               
15     19         6          6             6           1             1               
16     31         2          2             2           0             0               
17     25         6          6             6           3             3               
18     32         5          5             5           3             3               
19     36         10         10            10          5             5               
20     30         2          2             2           1             1               
21     23         7          7             7           2             2               
22     20         2          2             2           1             1               
23     23         5          5             5           2             2               
24     26         6          6             5           3             3               
25     24         7          7             7           4             3               
26     35         9          9             9           6             6               
27     25         5          5             4           4             4               
28     28         6          6             5           2             2               
29     24         1          1             1           0             0               
30     22         2          2             2           1             1               
31     35         11         11            11          4             4               
32     19         2          2             2           0             0               
33     26         6          6             6           1             1               
34     40         14         14            13          5             5               
35     25         7          7             6           3             3               
36     32         6          6             6           1             1               
37     23         5          5             5           2             2               
38     24         4          4             4           2             2               
39     30         3          3             3           1             1               
40     23         3          3             3           0             0               
41     28         7          7             6           3             3               
42     23         6          6             6           3             2               
43     20         6          6             6           1             1               
44     36         14         14            12          6             6               
45     17         2          2             2           1             1               
46     34         11         11            10          4             4               
47     24         7          7             5           3             2               
48     19         4          4             4           2             2               
49     30         7          7             7           2             2               
50     20         4          4             3           1             1               
51     27         3          3             2           1             1               
52     27         5          5             5           3             3               
53     38         10         10            10          6             5               
54     31         6          6             6           4             4               
55     23         4          4             4           2             2               
56     31         6          6             6           3             3               
57     29         2          2             2           1             1               
58     21         5          5             5           1             1               
59     23         5          5             5           2             2               
60     31         10         10            10          4             4               
61     25         7          7             6           3             3               
62     25         3          3             3           2             2               
63     23         6          6             6           2             2               
64     22         2          2             2           1             0               
65     21         5          5             5           2             2               
66     22         6          6             6           3             3               
67     21         4          4             4           2             2               
68     18         6          6             6           2             1               
69     24         4          4             4           4             4               
70     35         11         11            10          6             5               
71     20         5          5             5           2             2               
72     19         3          3             3           1             1               
73     22         7          7             7           3             3               
74     31         7          7             7           3             3               
75     22         1          1             1           0             0               
76     25         3          3             3           1             1               
77     20         8          8             8           2             2               
78     27         7          7             6           5             5               
79     26         10         10            10          7             7               
80     29         11         11            11          6             6               
----------------------------------------------------------------------------------
SUM    2043       443        443           426         193           185             
----------------------------------------------------------------------------------

 Total Ripple Number: ¹

 Detection parameters:
     maximum_peak:    3
     maxRippleLength: 100
     detection_peaks: thrsh
     num_peaks:       3
