Trial  Det1_2SD   Det2_4SD   Det3_MaxLen   Det4_Join   Det5_Cycles   Det6_Artif_Rej  
1      26         5          5             4           3             3               
2      20         3          3             3           0             0               
3      22         3          3             3           1             1               
4      19         4          4             4           0             0               
5      21         3          3             3           0             0               
6      21         4          4             4           2             2               
7      29         11         11            11          3             2               
8      25         4          4             4           2             2               
9      25         1          1             1           0             0               
10     32         3          3             3           3             3               
11     28         5          5             5           2             2               
12     17         4          4             4           1             1               
13     22         5          5             5           4             4               
14     29         10         10            10          5             5               
15     19         5          5             5           1             1               
16     19         3          3             3           0             0               
17     35         7          7             7           3             3               
18     28         8          8             8           3             3               
19     29         12         12            12          4             4               
20     27         6          6             6           2             2               
21     28         6          6             6           3             3               
22     34         6          6             6           1             1               
23     27         4          4             4           2             2               
24     23         7          7             7           2             2               
25     26         7          7             7           5             4               
26     43         12         12            11          5             5               
27     18         10         10            8           7             7               
28     30         3          3             2           2             2               
29     19         1          1             1           0             0               
30     27         6          6             6           2             2               
31     38         10         10            10          3             3               
32     18         4          4             4           0             0               
33     26         10         10            10          4             4               
34     37         10         10            10          3             3               
35     30         6          6             6           3             3               
36     29         1          1             1           1             1               
37     18         4          4             4           1             1               
38     22         6          6             6           2             2               
39     33         10         10            10          3             3               
40     25         5          5             5           3             3               
41     30         9          9             9           3             3               
42     23         3          3             3           1             1               
43     20         2          2             2           0             0               
44     39         12         12            11          5             5               
45     15         0          0             0           0             0               
46     26         7          7             7           3             3               
47     25         11         11            8           3             2               
48     15         6          6             6           3             3               
49     27         6          6             6           2             2               
50     24         7          7             6           3             3               
51     24         4          4             3           2             2               
52     29         6          6             6           5             4               
53     34         9          9             9           6             5               
54     28         6          6             6           1             1               
55     27         6          6             6           3             3               
56     21         5          5             5           3             3               
57     29         6          6             6           1             1               
58     18         3          3             3           1             1               
59     20         5          5             5           3             3               
60     26         10         10            10          3             3               
61     37         6          6             6           4             4               
62     22         5          5             5           2             2               
63     18         6          6             6           1             1               
64     15         5          5             5           4             3               
65     21         4          4             4           3             3               
66     29         2          2             2           1             1               
67     33         9          9             8           3             3               
68     22         6          6             6           3             3               
69     20         2          2             2           2             2               
70     34         11         11            10          8             7               
71     26         6          6             6           1             1               
72     14         3          3             3           2             2               
73     32         9          9             9           3             3               
74     36         6          6             6           2             2               
75     21         0          0             0           0             0               
76     26         6          6             6           3             3               
77     28         6          6             5           2             2               
78     22         7          7             7           3             3               
79     30         13         13            13          6             6               
80     40         18         18            15          8             7               
----------------------------------------------------------------------------------
SUM    2070       487        487           470         203           195             
----------------------------------------------------------------------------------

 Total Ripple Number: Ã

 Detection parameters:
     maximum_peak:    3
     maxRippleLength: 100
     detection_peaks: thrsh
     num_peaks:       3
