Trial  Det1_2SD   Det2_4SD   Det3_MaxLen   Det4_Join   Det5_Cycles   Det6_Artif_Rej  
1      25         3          3             3           1             1               
2      23         2          2             2           1             1               
3      28         5          5             5           4             4               
4      23         3          3             3           1             1               
5      17         2          2             2           0             0               
6      36         11         11            11          9             9               
7      30         8          8             8           4             3               
8      18         5          5             5           3             3               
9      25         8          8             8           6             6               
10     17         3          3             3           2             2               
11     24         5          5             5           4             4               
12     28         4          4             4           1             1               
13     26         6          6             6           3             3               
14     20         1          1             1           1             1               
15     23         4          4             4           0             0               
16     25         4          4             4           1             1               
17     25         5          5             5           4             4               
18     20         3          3             3           1             1               
19     19         6          6             6           4             4               
20     31         7          7             7           2             2               
21     26         8          8             8           4             4               
22     30         9          9             9           4             4               
23     16         2          2             2           0             0               
24     38         21         21            21          13            13              
25     28         9          9             8           5             5               
26     26         6          6             6           3             3               
27     12         3          3             3           3             3               
28     19         3          3             3           2             2               
29     20         5          5             5           1             1               
30     23         3          3             3           3             3               
31     17         3          3             3           2             2               
32     22         4          4             4           2             2               
33     25         10         10            10          3             3               
34     25         5          5             5           3             3               
35     37         7          7             7           3             3               
36     34         8          8             8           4             4               
37     14         3          3             3           2             2               
38     25         3          3             3           3             3               
39     21         8          8             8           3             3               
40     22         3          3             3           0             0               
41     24         3          3             3           1             1               
42     37         7          7             7           6             5               
43     28         7          7             7           4             4               
44     29         6          6             6           2             2               
45     22         7          7             7           2             2               
46     33         9          9             9           4             4               
47     12         3          3             3           0             0               
48     17         3          3             3           1             0               
49     17         4          4             4           1             1               
50     19         8          8             8           4             4               
51     30         7          7             7           4             3               
52     21         3          3             3           3             2               
53     22         10         10            10          4             4               
54     23         6          6             6           2             2               
55     23         6          6             6           3             3               
56     35         9          9             9           4             4               
57     31         10         10            10          6             6               
58     16         3          3             3           1             1               
59     22         6          6             6           1             1               
60     30         9          9             9           6             6               
61     29         4          4             4           1             1               
62     34         4          4             4           1             1               
63     35         7          7             7           6             6               
64     21         1          1             1           0             0               
65     38         12         12            12          7             7               
66     28         3          3             3           1             1               
67     24         2          2             2           0             0               
68     14         2          2             2           1             1               
69     25         6          6             6           4             4               
70     16         3          3             3           3             2               
71     30         13         13            13          7             7               
72     25         4          4             4           2             2               
73     19         3          3             3           1             1               
74     28         3          3             3           1             1               
75     30         11         11            10          6             6               
76     29         4          4             4           2             2               
77     25         5          5             5           4             4               
78     27         5          5             4           3             3               
79     17         4          4             4           2             2               
80     18         3          3             3           2             2               
----------------------------------------------------------------------------------
SUM    1966       443        443           440         228           222             
----------------------------------------------------------------------------------

 Total Ripple Number: Þ

 Detection parameters:
     maximum_peak:    3
     maxRippleLength: 100
     detection_peaks: thrsh
     num_peaks:       3
