Trial  Det1_2SD   Det2_4SD   Det3_MaxLen   Det4_Join   Det5_Cycles   68               101                
t6_Artif_Rej Det7_Spctr_Peak 1      43         12         12            12          2             2                2                  
2      48         7          7             7           2             2                2                  
3      43         10         10            10          3             3                3                  
4      45         9          9             9           3             3                3                  
5      40         7          7             7           4             4                3                  
6      32         7          7             7           4             4                3                  
7      39         4          4             4           1             1                1                  
8      44         6          6             6           0             0                0                  
9      35         3          3             3           0             0                0                  
10     31         2          2             2           0             0                0                  
11     34         6          6             6           1             1                1                  
12     24         4          4             4           1             1                1                  
13     22         1          1             1           1             1                1                  
14     22         3          3             3           0             0                0                  
15     23         5          5             5           0             0                0                  
16     24         3          3             3           0             0                0                  
17     33         4          4             4           1             1                1                  
18     39         8          8             8           2             2                2                  
19     38         7          7             7           2             2                2                  
20     32         6          6             6           2             2                2                  
21     32         4          4             4           0             0                0                  
22     29         3          3             3           0             0                0                  
23     39         8          8             8           2             2                1                  
24     36         10         10            10          1             0                0                  
25     34         8          8             8           2             1                1                  
26     46         9          9             9           4             4                1                  
27     38         11         11            11          3             2                0                  
28     37         6          6             6           2             1                1                  
29     46         5          5             5           2             2                2                  
30     39         4          4             4           1             1                1                  
31     29         2          2             2           0             0                0                  
32     46         10         10            10          3             2                2                  
33     54         15         15            15          5             4                3                  
34     37         11         11            11          4             4                2                  
35     40         10         10            10          2             2                2                  
36     44         11         11            11          2             1                1                  
37     43         12         12            12          3             2                1                  
38     48         12         12            12          3             2                1                  
39     43         13         13            13          7             6                5                  
40     40         9          9             9           6             6                6                  
41     40         4          4             4           2             2                2                  
42     44         4          4             4           1             1                1                  
43     43         4          4             4           1             1                1                  
44     44         4          4             4           1             1                0                  
45     39         8          8             7           2             1                1                  
46     43         16         16            15          4             3                3                  
47     46         16         16            16          3             3                2                  
48     39         9          9             9           5             5                4                  
49     44         13         13            13          8             7                7                  
50     48         21         21            21          8             7                7                  
51     48         13         13            13          5             5                4                  
52     47         9          9             9           3             3                2                  
53     41         9          9             9           3             3                3                  
54     47         8          8             8           3             3                3                  
55     49         8          8             8           4             4                4                  
56     37         7          7             7           2             2                2                  
57     36         7          7             7           0             0                0                  
58     48         8          8             8           2             2                2                  
59     44         5          5             5           1             1                1                  
60     42         6          6             6           2             2                1                  
61     50         11         11            11          3             3                1                  
62     45         13         13            13          2             1                1                  
63     49         8          8             8           4             3                3                  
64     47         9          9             9           6             6                5                  
65     53         16         16            16          6             6                5                  
66     49         12         12            12          4             4                4                  
67     27         3          3             3           0             0                0                  
68     37         8          8             7           1             0                0                  
69     33         9          9             8           2             1                1                  
70     39         10         10            10          6             5                3                  
71     48         13         13            13          6             5                4                  
72     43         9          9             9           4             3                3                  
73     41         6          6             6           2             2                2                  
74     38         9          9             9           2             2                1                  
75     35         6          6             6           3             3                2                  
76     48         8          8             8           4             4                4                  
77     45         6          6             6           3             3                3                  
78     33         6          6             6           2             2                2                  
79     28         8          8             8           4             4                4                  
80     37         13         13            13          4             4                3                  
----------------------------------------------------------------------------------
SUM    3185       649        649           645         209           188              158                
----------------------------------------------------------------------------------

 Total Ripple Number: 

 Detection parameters:
     maximum_peak:    3
     maxRippleLength: 100
     detection_peaks: thrsh
     num_peaks:       3
