Trial  Det1_2SD   Det2_4SD   Det3_MaxLen   Det4_Join   Det5_Cycles   68               101                
t6_Artif_Rej Det7_Spctr_Peak 1      42         9          9             9           4             4                3                  
2      40         10         10            10          5             5                3                  
3      50         9          9             9           2             2                1                  
4      48         4          4             4           0             0                0                  
5      39         9          9             9           3             3                3                  
6      35         14         14            14          7             7                6                  
7      42         12         12            12          4             4                3                  
8      40         6          6             6           1             1                1                  
9      31         8          8             8           3             3                1                  
10     34         10         10            10          4             4                2                  
11     34         6          6             6           1             1                1                  
12     36         5          5             5           0             0                0                  
13     28         4          4             4           0             0                0                  
14     38         3          3             3           0             0                0                  
15     40         6          6             6           1             1                1                  
16     39         4          4             4           2             2                2                  
17     43         3          3             3           2             2                2                  
18     44         7          7             7           2             2                2                  
19     39         12         12            12          5             5                4                  
20     45         16         16            16          5             5                4                  
21     44         12         12            12          3             3                3                  
22     44         9          9             9           2             2                2                  
23     44         6          6             6           1             1                1                  
24     52         9          9             9           5             4                4                  
25     54         8          8             8           3             2                2                  
26     43         6          6             6           0             0                0                  
27     34         7          7             7           2             1                1                  
28     34         6          6             6           2             1                1                  
29     43         7          7             7           2             2                1                  
30     38         6          6             6           2             2                1                  
31     28         4          4             4           0             0                0                  
32     30         7          7             7           1             1                1                  
33     27         5          5             5           3             3                2                  
34     33         7          7             7           1             1                1                  
35     40         8          8             8           2             2                2                  
36     30         6          6             6           1             0                0                  
37     34         7          7             7           2             1                1                  
38     39         10         10            10          3             3                3                  
39     36         10         10            10          5             5                4                  
40     37         6          6             6           3             3                2                  
41     39         8          8             8           4             4                4                  
42     31         11         11            11          5             4                4                  
43     31         7          7             7           1             0                0                  
44     41         5          5             5           0             0                0                  
45     43         5          5             5           1             0                0                  
46     37         5          5             5           2             1                1                  
47     35         6          6             6           2             2                2                  
48     37         6          6             6           2             2                2                  
49     40         11         11            10          4             3                3                  
50     35         9          9             9           5             4                3                  
51     46         11         11            11          6             6                4                  
52     41         10         10            10          5             5                3                  
53     28         4          4             4           1             1                1                  
54     42         6          6             6           0             0                0                  
55     46         8          8             8           3             3                3                  
56     38         6          6             6           1             1                1                  
57     42         5          5             5           0             0                0                  
58     46         6          6             6           3             3                3                  
59     42         4          4             4           3             3                2                  
60     33         3          3             3           2             2                2                  
61     39         5          5             5           3             3                3                  
62     44         6          6             6           1             1                1                  
63     47         8          8             8           2             2                1                  
64     52         9          9             9           3             3                3                  
65     49         7          7             7           3             3                3                  
66     41         7          7             7           1             1                1                  
67     31         12         12            11          3             3                3                  
68     36         15         15            13          4             3                3                  
69     39         9          9             9           3             2                2                  
70     40         10         10            9           6             5                4                  
71     46         12         12            12          3             2                2                  
72     50         18         18            18          3             3                3                  
73     43         16         16            16          4             4                4                  
74     36         12         12            12          3             3                3                  
75     36         4          4             4           1             1                1                  
76     47         7          7             7           1             1                1                  
77     42         6          6             6           0             0                0                  
78     34         7          7             7           1             1                1                  
79     34         8          8             8           2             2                2                  
80     35         3          3             3           1             1                1                  
----------------------------------------------------------------------------------
SUM    3145       620        620           615         192           176              151                
----------------------------------------------------------------------------------

 Total Ripple Number: 

 Detection parameters:
     maximum_peak:    3
     maxRippleLength: 100
     detection_peaks: thrsh
     num_peaks:       3
