Trial  Det1_2SD   Det2_4SD   Det3_MaxLen   Det4_Join   Det5_Cycles   68               101                
t6_Artif_Rej Det7_Spctr_Peak 1      25         0          0             0           0             0                0                  
2      21         0          0             0           0             0                0                  
3      26         3          3             2           2             1                0                  
4      33         1          1             1           1             1                1                  
5      24         2          2             2           1             1                0                  
6      37         2          2             2           1             1                0                  
7      29         2          2             1           1             1                0                  
8      23         1          1             1           0             0                0                  
9      23         0          0             0           0             0                0                  
10     32         0          0             0           0             0                0                  
11     42         12         12            11          9             8                2                  
12     32         12         12            10          9             8                1                  
13     51         23         23            12          9             8                2                  
14     26         3          3             3           2             2                1                  
15     23         1          1             1           1             1                1                  
16     26         1          1             1           0             0                0                  
17     24         1          1             1           0             0                0                  
18     29         4          4             4           1             0                0                  
19     21         2          2             2           1             0                0                  
20     12         0          0             0           0             0                0                  
21     22         0          0             0           0             0                0                  
22     25         1          1             1           1             1                1                  
23     33         0          0             0           0             0                0                  
24     17         0          0             0           0             0                0                  
25     39         6          6             4           4             4                1                  
26     33         8          8             8           2             2                0                  
27     33         9          9             9           3             2                0                  
28     23         1          1             1           0             0                0                  
29     25         7          7             6           3             3                1                  
30     49         23         23            15          13            12               5                  
31     21         3          3             3           3             3                3                  
32     50         17         17            12          8             7                4                  
33     27         4          4             4           2             1                1                  
34     24         0          0             0           0             0                0                  
35     27         1          1             1           1             1                0                  
36     55         31         31            22          18            17               6                  
37     25         4          4             4           2             1                0                  
38     34         8          8             6           6             6                1                  
39     27         2          2             2           1             1                1                  
40     25         1          1             1           0             0                0                  
41     31         1          1             1           1             1                1                  
42     14         0          0             0           0             0                0                  
43     13         0          0             0           0             0                0                  
44     23         0          0             0           0             0                0                  
45     19         1          1             1           0             0                0                  
46     22         2          2             2           0             0                0                  
47     21         0          0             0           0             0                0                  
48     44         10         10            9           8             7                4                  
49     50         10         10            9           8             7                4                  
50     27         0          0             0           0             0                0                  
51     23         3          3             3           2             2                1                  
52     26         3          3             3           2             2                2                  
53     29         1          1             1           0             0                0                  
54     31         2          2             2           1             1                1                  
55     29         1          1             1           0             0                0                  
56     37         3          3             2           1             1                1                  
57     30         1          1             1           0             0                0                  
58     40         15         15            12          7             7                2                  
59     44         20         20            16          9             8                2                  
60     24         5          5             5           2             1                0                  
61     23         1          1             1           1             1                0                  
62     21         1          1             1           1             1                1                  
63     24         1          1             1           0             0                0                  
64     31         5          5             5           4             4                2                  
65     38         8          8             7           6             6                2                  
66     26         3          3             3           1             1                0                  
67     51         17         17            14          11            10               5                  
68     31         9          9             6           5             5                2                  
69     30         3          3             3           1             1                0                  
70     43         9          9             8           4             4                2                  
71     27         4          4             4           1             1                1                  
72     22         3          3             3           1             1                0                  
73     24         5          5             5           1             1                0                  
74     31         11         11            10          7             6                0                  
75     55         18         18            17          12            11               1                  
76     43         15         15            14          9             8                1                  
77     55         24         24            17          12            11               3                  
78     39         12         12            10          8             7                4                  
79     31         5          5             5           1             1                0                  
80     43         16         16            14          9             8                5                  
----------------------------------------------------------------------------------
SUM    2438       444        444           369         241           218              79                 
----------------------------------------------------------------------------------

 Total Ripple Number: O

 Detection parameters:
     maximum_peak:    4
     maxRippleLength: 100
     detection_peaks: peaks
     num_peaks:       3
