Trial  Det1_2SD   Det2_4SD   Det3_MaxLen   Det4_Join   Det5_Cycles   68               101                
t6_Artif_Rej Det7_Spctr_Peak 1      21         2          2             2           0             0                0                  
2      19         1          1             1           1             1                0                  
3      35         7          7             6           5             4                1                  
4      18         0          0             0           0             0                0                  
5      22         1          1             1           1             1                0                  
6      31         3          3             3           2             2                0                  
7      21         4          4             4           3             3                1                  
8      18         4          4             4           3             2                1                  
9      23         2          2             2           0             0                0                  
10     29         5          5             4           3             3                1                  
11     37         13         13            11          10            9                4                  
12     38         12         12            11          7             6                3                  
13     35         12         12            11          9             9                6                  
14     29         3          3             2           2             2                1                  
15     24         0          0             0           0             0                0                  
16     29         4          4             4           3             3                3                  
17     25         3          3             3           0             0                0                  
18     29         5          5             4           3             2                0                  
19     30         3          3             3           1             1                1                  
20     36         1          1             1           1             1                1                  
21     25         2          2             2           2             2                1                  
22     28         2          2             2           0             0                0                  
23     36         4          4             4           1             1                0                  
24     45         3          3             3           1             1                0                  
25     43         5          5             4           2             2                1                  
26     29         7          7             7           5             5                1                  
27     44         10         10            10          7             6                4                  
28     24         2          2             2           2             2                2                  
29     30         7          7             6           4             3                2                  
30     54         21         21            18          12            11               3                  
31     31         4          4             4           3             2                0                  
32     37         11         11            11          9             8                3                  
33     35         4          4             3           2             2                0                  
34     26         4          4             3           2             1                1                  
35     24         6          6             6           3             3                3                  
36     49         27         27            24          13            12               2                  
37     39         6          6             5           4             3                1                  
38     42         8          8             8           7             6                4                  
39     39         4          4             4           4             3                2                  
40     19         1          1             1           1             0                0                  
41     28         3          3             3           1             1                1                  
42     22         1          1             1           1             1                0                  
43     19         2          2             2           1             1                0                  
44     22         2          2             2           0             0                0                  
45     25         4          4             4           1             1                0                  
46     32         2          2             2           2             2                0                  
47     21         1          1             1           1             1                0                  
48     39         14         14            13          8             7                4                  
49     42         16         16            14          8             7                6                  
50     27         3          3             3           2             2                1                  
51     28         4          4             4           2             2                1                  
52     24         1          1             1           1             1                1                  
53     32         5          5             3           3             3                3                  
54     32         8          8             6           4             3                3                  
55     25         4          4             4           3             2                2                  
56     29         4          4             4           3             3                3                  
57     29         4          4             4           4             3                2                  
58     38         10         10            10          8             8                5                  
59     36         14         14            14          9             8                5                  
60     24         2          2             2           1             0                0                  
61     27         0          0             0           0             0                0                  
62     20         1          1             1           1             1                0                  
63     25         2          2             2           1             1                1                  
64     37         7          7             7           5             5                3                  
65     37         8          8             8           8             8                6                  
66     27         5          5             5           3             3                2                  
67     39         15         15            14          7             6                3                  
68     31         10         10            10          7             6                5                  
69     27         4          4             4           0             0                0                  
70     40         7          7             7           4             4                1                  
71     24         7          7             7           5             4                4                  
72     27         5          5             4           2             2                1                  
73     32         9          9             7           4             3                1                  
74     38         7          7             6           5             5                0                  
75     48         20         20            15          9             8                2                  
76     53         13         13            11          8             7                3                  
77     39         19         19            19          15            14               7                  
78     42         10         10            10          10            9                4                  
79     43         10         10            10          6             5                4                  
80     47         15         15            15          9             8                7                  
----------------------------------------------------------------------------------
SUM    2525       501        501           463         310           277              144                
----------------------------------------------------------------------------------

 Total Ripple Number: 

 Detection parameters:
     maximum_peak:    4
     maxRippleLength: 100
     detection_peaks: peaks
     num_peaks:       3
