Trial  Det1_2SD   Det2_4SD   Det3_MaxLen   Det4_Join   Det5_Cycles   68               101                
t6_Artif_Rej Det7_Spctr_Peak 1      16         1          1             1           0             0                0                  
2      22         1          1             1           1             1                0                  
3      26         2          2             2           1             0                0                  
4      18         1          1             1           0             0                0                  
5      32         1          1             1           1             1                0                  
6      22         4          4             4           2             2                1                  
7      25         4          4             4           1             1                0                  
8      16         2          2             2           2             1                1                  
9      18         1          1             1           0             0                0                  
10     24         5          5             5           1             1                1                  
11     29         10         10            10          6             5                3                  
12     36         12         12            12          8             7                4                  
13     37         14         14            13          10            9                4                  
14     24         5          5             4           2             2                1                  
15     28         2          2             1           1             1                1                  
16     33         3          3             3           0             0                0                  
17     29         1          1             1           0             0                0                  
18     27         6          6             4           4             3                1                  
19     18         2          2             2           1             0                0                  
20     23         0          0             0           0             0                0                  
21     20         1          1             1           0             0                0                  
22     13         1          1             1           0             0                0                  
23     33         5          5             5           3             3                3                  
24     32         6          6             6           4             3                2                  
25     44         10         10            8           5             5                3                  
26     27         9          9             8           6             6                3                  
27     31         12         12            11          7             6                3                  
28     33         5          5             5           0             0                0                  
29     35         5          5             5           3             2                0                  
30     43         20         20            17          14            13               3                  
31     25         3          3             3           3             2                0                  
32     34         14         14            13          9             8                4                  
33     20         4          4             3           2             2                0                  
34     27         7          7             7           3             2                2                  
35     27         5          5             5           3             3                2                  
36     52         23         23            21          16            15               7                  
37     29         5          5             5           3             2                0                  
38     37         10         10            10          6             5                4                  
39     25         9          9             9           5             4                3                  
40     29         3          3             3           2             1                1                  
41     25         3          3             3           2             2                2                  
42     23         3          3             3           0             0                0                  
43     21         3          3             3           1             1                0                  
44     24         2          2             1           1             1                0                  
45     19         3          3             2           2             2                0                  
46     24         6          6             6           2             1                0                  
47     31         2          2             2           1             0                0                  
48     36         11         11            9           7             6                1                  
49     36         12         12            10          5             4                2                  
50     27         3          3             3           1             1                1                  
51     23         4          4             4           3             3                3                  
52     20         4          4             4           2             2                1                  
53     33         5          5             4           3             3                1                  
54     32         5          5             4           4             3                1                  
55     27         6          6             6           1             1                1                  
56     25         5          5             5           2             2                2                  
57     21         4          4             3           2             1                1                  
58     38         14         14            13          9             9                5                  
59     38         14         14            14          9             8                3                  
60     22         1          1             1           1             0                0                  
61     23         1          1             1           0             0                0                  
62     15         1          1             1           1             1                0                  
63     22         3          3             3           3             3                2                  
64     42         9          9             8           8             8                6                  
65     39         8          8             7           7             7                5                  
66     27         4          4             4           4             4                2                  
67     49         12         12            11          7             6                0                  
68     46         8          8             7           4             3                0                  
69     37         5          5             5           2             1                0                  
70     33         7          7             6           3             3                1                  
71     21         4          4             3           3             2                1                  
72     32         5          5             5           2             2                1                  
73     36         8          8             8           6             5                3                  
74     36         8          8             6           6             6                2                  
75     53         19         19            19          12            11               3                  
76     45         16         16            15          10            9                4                  
77     46         22         22            20          15            14               5                  
78     45         14         14            13          9             8                2                  
79     43         16         16            15          7             6                4                  
80     45         20         20            17          10            9                4                  
----------------------------------------------------------------------------------
SUM    2399       534        534           492         312           274              126                
----------------------------------------------------------------------------------

 Total Ripple Number: ~

 Detection parameters:
     maximum_peak:    4
     maxRippleLength: 100
     detection_peaks: peaks
     num_peaks:       3
