Trial  Det1_2SD   Det2_4SD   Det3_MaxLen   Det4_Join   Det5_Cycles   68               101                
t6_Artif_Rej Det7_Spctr_Peak 1      35         0          0             0           0             0                0                  
2      40         2          2             2           1             1                0                  
3      33         1          1             1           0             0                0                  
4      30         0          0             0           0             0                0                  
5      32         1          1             1           0             0                0                  
6      23         0          0             0           0             0                0                  
7      23         1          1             1           1             1                0                  
8      37         2          2             2           0             0                0                  
9      27         0          0             0           0             0                0                  
10     22         1          1             1           0             0                0                  
11     25         1          1             1           0             0                0                  
12     23         1          1             1           0             0                0                  
13     29         0          0             0           0             0                0                  
14     29         0          0             0           0             0                0                  
15     27         0          0             0           0             0                0                  
16     17         0          0             0           0             0                0                  
17     32         3          3             3           3             3                1                  
18     31         3          3             3           0             0                0                  
19     32         1          1             1           1             1                0                  
20     32         0          0             0           0             0                0                  
21     35         2          2             2           0             0                0                  
22     25         2          2             2           0             0                0                  
23     29         2          2             2           0             0                0                  
24     28         0          0             0           0             0                0                  
25     22         0          0             0           0             0                0                  
26     23         1          1             1           0             0                0                  
27     30         1          1             1           0             0                0                  
28     26         0          0             0           0             0                0                  
29     27         1          1             1           0             0                0                  
30     32         3          3             3           1             1                1                  
31     33         1          1             1           0             0                0                  
32     25         0          0             0           0             0                0                  
33     36         1          1             1           0             0                0                  
34     30         2          2             2           0             0                0                  
35     26         1          1             1           0             0                0                  
36     35         3          3             3           1             0                0                  
37     40         4          4             4           2             2                1                  
38     40         0          0             0           0             0                0                  
39     31         0          0             0           0             0                0                  
40     24         1          1             1           1             1                1                  
41     23         0          0             0           0             0                0                  
42     21         0          0             0           0             0                0                  
43     32         0          0             0           0             0                0                  
44     34         0          0             0           0             0                0                  
45     34         1          1             1           0             0                0                  
46     31         4          4             4           1             1                1                  
47     24         1          1             1           0             0                0                  
48     25         0          0             0           0             0                0                  
49     33         1          1             1           0             0                0                  
50     28         0          0             0           0             0                0                  
51     32         1          1             1           1             1                1                  
52     17         1          1             1           1             1                1                  
53     32         1          1             1           1             1                0                  
54     19         0          0             0           0             0                0                  
55     37         0          0             0           0             0                0                  
56     29         0          0             0           0             0                0                  
57     40         1          1             1           1             1                0                  
58     37         0          0             0           0             0                0                  
59     33         1          1             1           1             1                1                  
60     25         0          0             0           0             0                0                  
61     29         0          0             0           0             0                0                  
62     28         2          2             2           0             0                0                  
63     18         1          1             1           0             0                0                  
64     23         0          0             0           0             0                0                  
65     21         0          0             0           0             0                0                  
66     49         4          4             4           1             1                0                  
67     27         1          1             1           0             0                0                  
68     36         1          1             1           0             0                0                  
69     31         0          0             0           0             0                0                  
70     34         0          0             0           0             0                0                  
71     43         1          1             1           0             0                0                  
72     33         3          3             3           0             0                0                  
73     31         1          1             1           0             0                0                  
74     38         2          2             2           1             1                0                  
75     36         1          1             1           1             1                0                  
76     28         2          2             2           0             0                0                  
77     32         1          1             1           0             0                0                  
78     25         1          1             1           1             1                0                  
79     34         4          4             4           1             1                0                  
80     40         2          2             2           0             0                0                  
----------------------------------------------------------------------------------
SUM    2398       81         81            81          22            21               8                  
----------------------------------------------------------------------------------

 Total Ripple Number: 

 Detection parameters:
     maximum_peak:    4
     maxRippleLength: 100
     detection_peaks: peaks
     num_peaks:       3
