Trial  Det1_2SD   Det2_4SD   Det3_MaxLen   Det4_Join   Det5_Cycles   68               101                
t6_Artif_Rej Det7_Spctr_Peak 1      30         1          1             1           1             1                0                  
2      33         0          0             0           0             0                0                  
3      42         2          2             2           1             1                0                  
4      24         0          0             0           0             0                0                  
5      35         1          1             1           0             0                0                  
6      13         1          1             1           0             0                0                  
7      30         3          3             3           1             1                0                  
8      35         1          1             1           1             1                1                  
9      23         0          0             0           0             0                0                  
10     23         1          1             1           1             0                0                  
11     23         1          1             1           0             0                0                  
12     19         0          0             0           0             0                0                  
13     31         0          0             0           0             0                0                  
14     19         0          0             0           0             0                0                  
15     21         1          1             1           0             0                0                  
16     26         2          2             2           1             1                1                  
17     26         2          2             2           1             1                1                  
18     33         1          1             1           0             0                0                  
19     24         0          0             0           0             0                0                  
20     21         0          0             0           0             0                0                  
21     36         0          0             0           0             0                0                  
22     32         1          1             1           1             1                0                  
23     29         2          2             2           0             0                0                  
24     29         1          1             1           1             1                1                  
25     31         2          2             2           2             2                0                  
26     28         0          0             0           0             0                0                  
27     19         1          1             1           1             1                0                  
28     22         0          0             0           0             0                0                  
29     15         0          0             0           0             0                0                  
30     51         11         11            11          9             9                1                  
31     26         3          3             3           2             2                1                  
32     15         0          0             0           0             0                0                  
33     28         3          3             3           1             0                0                  
34     34         0          0             0           0             0                0                  
35     19         0          0             0           0             0                0                  
36     40         4          4             4           3             3                2                  
37     39         1          1             1           1             1                0                  
38     34         1          1             1           1             1                0                  
39     17         0          0             0           0             0                0                  
40     17         1          1             1           0             0                0                  
41     30         0          0             0           0             0                0                  
42     16         1          1             1           0             0                0                  
43     9          0          0             0           0             0                0                  
44     18         1          1             1           1             1                1                  
45     21         0          0             0           0             0                0                  
46     35         3          3             3           3             3                1                  
47     27         1          1             1           0             0                0                  
48     42         0          0             0           0             0                0                  
49     24         0          0             0           0             0                0                  
50     38         0          0             0           0             0                0                  
51     29         1          1             1           1             0                0                  
52     19         0          0             0           0             0                0                  
53     28         0          0             0           0             0                0                  
54     18         0          0             0           0             0                0                  
55     17         0          0             0           0             0                0                  
56     26         0          0             0           0             0                0                  
57     28         3          3             3           2             2                0                  
58     16         1          1             1           1             1                0                  
59     25         3          3             3           2             2                0                  
60     20         0          0             0           0             0                0                  
61     10         0          0             0           0             0                0                  
62     25         1          1             1           0             0                0                  
63     18         0          0             0           0             0                0                  
64     24         0          0             0           0             0                0                  
65     17         0          0             0           0             0                0                  
66     48         0          0             0           0             0                0                  
67     37         1          1             1           1             1                0                  
68     21         0          0             0           0             0                0                  
69     16         2          2             2           1             1                0                  
70     18         1          1             1           0             0                0                  
71     43         5          5             5           1             1                0                  
72     29         1          1             1           0             0                0                  
73     24         1          1             1           1             1                0                  
74     21         0          0             0           0             0                0                  
75     33         0          0             0           0             0                0                  
76     30         1          1             1           1             1                1                  
77     27         1          1             1           1             1                1                  
78     16         0          0             0           0             0                0                  
79     16         1          1             1           0             0                0                  
80     29         1          1             1           1             1                1                  
----------------------------------------------------------------------------------
SUM    2080       78         78            78          46            43               13                 
----------------------------------------------------------------------------------

 Total Ripple Number: 

 Detection parameters:
     maximum_peak:    4
     maxRippleLength: 100
     detection_peaks: peaks
     num_peaks:       3
