Trial  Det1_2SD   Det2_4SD   Det3_MaxLen   Det4_Join   Det5_Cycles   68               101                
t6_Artif_Rej Det7_Spctr_Peak 1      29         0          0             0           0             0                0                  
2      33         0          0             0           0             0                0                  
3      31         3          3             3           0             0                0                  
4      22         1          1             1           0             0                0                  
5      19         0          0             0           0             0                0                  
6      30         0          0             0           0             0                0                  
7      26         0          0             0           0             0                0                  
8      35         1          1             1           1             1                1                  
9      27         1          1             1           0             0                0                  
10     30         0          0             0           0             0                0                  
11     33         0          0             0           0             0                0                  
12     24         0          0             0           0             0                0                  
13     21         0          0             0           0             0                0                  
14     19         0          0             0           0             0                0                  
15     36         2          2             2           0             0                0                  
16     23         0          0             0           0             0                0                  
17     34         0          0             0           0             0                0                  
18     23         0          0             0           0             0                0                  
19     22         1          1             1           0             0                0                  
20     17         0          0             0           0             0                0                  
21     25         1          1             1           0             0                0                  
22     24         0          0             0           0             0                0                  
23     22         1          1             1           1             1                0                  
24     35         0          0             0           0             0                0                  
25     23         0          0             0           0             0                0                  
26     23         0          0             0           0             0                0                  
27     26         0          0             0           0             0                0                  
28     29         0          0             0           0             0                0                  
29     31         0          0             0           0             0                0                  
30     26         2          2             2           1             1                0                  
31     27         1          1             1           1             1                1                  
32     25         0          0             0           0             0                0                  
33     35         1          1             1           0             0                0                  
34     28         1          1             1           1             0                0                  
35     15         0          0             0           0             0                0                  
36     20         0          0             0           0             0                0                  
37     40         1          1             1           0             0                0                  
38     35         1          1             1           0             0                0                  
39     27         0          0             0           0             0                0                  
40     27         0          0             0           0             0                0                  
41     29         2          2             2           2             2                0                  
42     25         0          0             0           0             0                0                  
43     21         0          0             0           0             0                0                  
44     21         0          0             0           0             0                0                  
45     31         0          0             0           0             0                0                  
46     39         0          0             0           0             0                0                  
47     22         0          0             0           0             0                0                  
48     28         1          1             1           0             0                0                  
49     31         1          1             1           0             0                0                  
50     27         0          0             0           0             0                0                  
51     30         0          0             0           0             0                0                  
52     37         0          0             0           0             0                0                  
53     32         1          1             1           1             1                0                  
54     18         1          1             1           0             0                0                  
55     21         0          0             0           0             0                0                  
56     24         0          0             0           0             0                0                  
57     31         1          1             1           0             0                0                  
58     17         0          0             0           0             0                0                  
59     34         2          2             2           2             2                2                  
60     21         0          0             0           0             0                0                  
61     19         0          0             0           0             0                0                  
62     30         0          0             0           0             0                0                  
63     18         1          1             1           1             1                0                  
64     25         1          1             1           1             1                0                  
65     27         1          1             1           1             1                0                  
66     38         1          1             1           1             1                0                  
67     42         1          1             1           0             0                0                  
68     24         3          3             3           1             1                1                  
69     26         2          2             2           1             1                1                  
70     27         1          1             1           1             1                1                  
71     37         0          0             0           0             0                0                  
72     35         1          1             1           0             0                0                  
73     26         1          1             1           1             1                1                  
74     28         3          3             3           0             0                0                  
75     35         2          2             2           1             1                1                  
76     40         2          2             2           1             1                0                  
77     25         1          1             1           1             1                1                  
78     19         0          0             0           0             0                0                  
79     28         0          0             0           0             0                0                  
80     44         5          5             5           0             0                0                  
----------------------------------------------------------------------------------
SUM    2209       53         53            53          21            20               10                 
----------------------------------------------------------------------------------

 Total Ripple Number: 


 Detection parameters:
     maximum_peak:    4
     maxRippleLength: 100
     detection_peaks: peaks
     num_peaks:       3
