Trial  Det1_2SD   Det2_4SD   Det3_MaxLen   Det4_Join   Det5_Cycles   68               101                
t6_Artif_Rej Det7_Spctr_Peak 1      26         0          0             0           0             0                0                  
2      31         1          1             1           0             0                0                  
3      44         4          4             4           1             1                1                  
4      31         2          2             2           0             0                0                  
5      15         0          0             0           0             0                0                  
6      21         1          1             1           1             0                0                  
7      20         0          0             0           0             0                0                  
8      27         0          0             0           0             0                0                  
9      24         0          0             0           0             0                0                  
10     27         0          0             0           0             0                0                  
11     33         0          0             0           0             0                0                  
12     18         0          0             0           0             0                0                  
13     30         0          0             0           0             0                0                  
14     19         0          0             0           0             0                0                  
15     31         1          1             1           1             1                1                  
16     23         0          0             0           0             0                0                  
17     24         1          1             1           1             1                1                  
18     22         1          1             1           0             0                0                  
19     21         0          0             0           0             0                0                  
20     19         0          0             0           0             0                0                  
21     24         0          0             0           0             0                0                  
22     26         0          0             0           0             0                0                  
23     22         2          2             2           1             1                0                  
24     23         1          1             1           0             0                0                  
25     22         0          0             0           0             0                0                  
26     20         0          0             0           0             0                0                  
27     26         0          0             0           0             0                0                  
28     34         1          1             1           1             1                0                  
29     26         0          0             0           0             0                0                  
30     26         1          1             1           1             1                1                  
31     26         0          0             0           0             0                0                  
32     25         1          1             1           0             0                0                  
33     25         0          0             0           0             0                0                  
34     30         2          2             2           1             0                0                  
35     18         0          0             0           0             0                0                  
36     27         1          1             1           1             1                0                  
37     36         4          4             4           2             2                1                  
38     26         0          0             0           0             0                0                  
39     15         0          0             0           0             0                0                  
40     35         1          1             1           1             1                1                  
41     31         2          2             2           0             0                0                  
42     18         0          0             0           0             0                0                  
43     21         0          0             0           0             0                0                  
44     26         0          0             0           0             0                0                  
45     16         0          0             0           0             0                0                  
46     34         3          3             2           1             1                0                  
47     21         1          1             1           0             0                0                  
48     26         2          2             2           2             2                0                  
49     29         0          0             0           0             0                0                  
50     22         0          0             0           0             0                0                  
51     30         1          1             1           0             0                0                  
52     37         0          0             0           0             0                0                  
53     32         1          1             1           0             0                0                  
54     15         0          0             0           0             0                0                  
55     18         0          0             0           0             0                0                  
56     16         0          0             0           0             0                0                  
57     23         1          1             1           1             1                1                  
58     24         0          0             0           0             0                0                  
59     29         1          1             1           0             0                0                  
60     26         0          0             0           0             0                0                  
61     24         1          1             1           1             1                0                  
62     28         0          0             0           0             0                0                  
63     20         0          0             0           0             0                0                  
64     31         1          1             1           1             1                0                  
65     16         1          1             1           1             1                0                  
66     40         2          2             2           0             0                0                  
67     39         0          0             0           0             0                0                  
68     29         1          1             1           1             1                0                  
69     19         0          0             0           0             0                0                  
70     19         3          3             3           2             2                1                  
71     30         2          2             2           0             0                0                  
72     24         0          0             0           0             0                0                  
73     30         0          0             0           0             0                0                  
74     29         0          0             0           0             0                0                  
75     29         2          2             2           1             1                1                  
76     36         1          1             1           0             0                0                  
77     21         0          0             0           0             0                0                  
78     15         0          0             0           0             0                0                  
79     19         1          1             1           0             0                0                  
80     38         2          2             2           0             0                0                  
----------------------------------------------------------------------------------
SUM    2048       54         54            53          23            21               9                  
----------------------------------------------------------------------------------

 Total Ripple Number: 	

 Detection parameters:
     maximum_peak:    4
     maxRippleLength: 100
     detection_peaks: peaks
     num_peaks:       3
