Trial  Det1_2SD   Det2_4SD   Det3_MaxLen   Det4_Join   Det5_Cycles   68               101                
t6_Artif_Rej Det7_Spctr_Peak 1      20         0          0             0           0             0                0                  
2      28         0          0             0           0             0                0                  
3      44         1          1             1           0             0                0                  
4      32         0          0             0           0             0                0                  
5      23         0          0             0           0             0                0                  
6      21         1          1             1           1             0                0                  
7      26         0          0             0           0             0                0                  
8      23         0          0             0           0             0                0                  
9      29         3          3             3           2             1                1                  
10     27         2          2             2           1             0                0                  
11     26         1          1             1           0             0                0                  
12     20         1          1             1           0             0                0                  
13     29         0          0             0           0             0                0                  
14     21         0          0             0           0             0                0                  
15     35         0          0             0           0             0                0                  
16     21         0          0             0           0             0                0                  
17     32         1          1             1           0             0                0                  
18     27         0          0             0           0             0                0                  
19     23         0          0             0           0             0                0                  
20     15         0          0             0           0             0                0                  
21     26         0          0             0           0             0                0                  
22     31         0          0             0           0             0                0                  
23     31         1          1             1           1             1                1                  
24     29         1          1             1           1             1                1                  
25     21         1          1             1           0             0                0                  
26     20         0          0             0           0             0                0                  
27     30         0          0             0           0             0                0                  
28     26         0          0             0           0             0                0                  
29     32         1          1             1           0             0                0                  
30     34         1          1             1           1             1                0                  
31     27         1          1             1           0             0                0                  
32     23         1          1             1           0             0                0                  
33     30         1          1             1           1             1                1                  
34     37         2          2             2           1             0                0                  
35     20         0          0             0           0             0                0                  
36     33         0          0             0           0             0                0                  
37     35         2          2             2           0             0                0                  
38     39         4          4             4           1             1                1                  
39     20         0          0             0           0             0                0                  
40     17         0          0             0           0             0                0                  
41     19         0          0             0           0             0                0                  
42     28         0          0             0           0             0                0                  
43     30         1          1             1           0             0                0                  
44     24         0          0             0           0             0                0                  
45     23         1          1             1           0             0                0                  
46     30         2          2             2           1             1                0                  
47     22         0          0             0           0             0                0                  
48     35         2          2             2           0             0                0                  
49     28         1          1             1           1             0                0                  
50     28         1          1             1           0             0                0                  
51     28         2          2             2           2             2                2                  
52     33         3          3             3           3             3                2                  
53     20         2          2             2           1             1                1                  
54     18         1          1             1           1             1                1                  
55     23         0          0             0           0             0                0                  
56     28         0          0             0           0             0                0                  
57     38         1          1             1           0             0                0                  
58     47         1          1             1           1             1                0                  
59     28         0          0             0           0             0                0                  
60     21         1          1             1           1             1                0                  
61     23         0          0             0           0             0                0                  
62     16         1          1             1           0             0                0                  
63     17         1          1             1           0             0                0                  
64     28         1          1             1           1             1                1                  
65     27         1          1             1           0             0                0                  
66     46         1          1             1           0             0                0                  
67     43         3          3             3           2             2                0                  
68     28         2          2             2           0             0                0                  
69     29         1          1             1           1             1                1                  
70     25         1          1             1           0             0                0                  
71     37         0          0             0           0             0                0                  
72     24         1          1             1           1             0                0                  
73     30         1          1             1           1             1                0                  
74     21         1          1             1           1             1                1                  
75     28         2          2             2           1             1                0                  
76     38         0          0             0           0             0                0                  
77     37         0          0             0           0             0                0                  
78     34         0          0             0           0             0                0                  
79     27         0          0             0           0             0                0                  
80     36         3          3             3           2             2                0                  
----------------------------------------------------------------------------------
SUM    2228       65         65            65          31            25               14                 
----------------------------------------------------------------------------------

 Total Ripple Number: 

 Detection parameters:
     maximum_peak:    4
     maxRippleLength: 100
     detection_peaks: peaks
     num_peaks:       3
