Trial  Det1_2SD   Det2_4SD   Det3_MaxLen   Det4_Join   Det5_Cycles   68               101                
t6_Artif_Rej Det7_Spctr_Peak 1      35         0          0             0           0             0                0                  
2      29         0          0             0           0             0                0                  
3      41         2          2             2           1             1                1                  
4      31         1          1             1           0             0                0                  
5      19         0          0             0           0             0                0                  
6      14         0          0             0           0             0                0                  
7      19         0          0             0           0             0                0                  
8      27         2          2             2           1             1                1                  
9      31         3          3             1           1             0                0                  
10     27         3          3             1           1             0                0                  
11     21         0          0             0           0             0                0                  
12     27         1          1             1           0             0                0                  
13     27         0          0             0           0             0                0                  
14     23         0          0             0           0             0                0                  
15     15         0          0             0           0             0                0                  
16     21         1          1             1           0             0                0                  
17     26         3          3             3           0             0                0                  
18     17         2          2             2           1             1                1                  
19     19         0          0             0           0             0                0                  
20     22         0          0             0           0             0                0                  
21     24         1          1             1           0             0                0                  
22     24         2          2             2           2             2                1                  
23     24         0          0             0           0             0                0                  
24     29         0          0             0           0             0                0                  
25     27         1          1             1           1             0                0                  
26     19         0          0             0           0             0                0                  
27     34         1          1             1           0             0                0                  
28     16         0          0             0           0             0                0                  
29     27         1          1             1           0             0                0                  
30     22         0          0             0           0             0                0                  
31     35         0          0             0           0             0                0                  
32     19         0          0             0           0             0                0                  
33     22         0          0             0           0             0                0                  
34     32         0          0             0           0             0                0                  
35     20         1          1             1           0             0                0                  
36     24         0          0             0           0             0                0                  
37     29         0          0             0           0             0                0                  
38     25         0          0             0           0             0                0                  
39     24         0          0             0           0             0                0                  
40     30         0          0             0           0             0                0                  
41     18         1          1             1           0             0                0                  
42     25         0          0             0           0             0                0                  
43     22         0          0             0           0             0                0                  
44     24         1          1             1           0             0                0                  
45     25         1          1             1           1             1                1                  
46     31         3          3             3           1             1                1                  
47     22         0          0             0           0             0                0                  
48     22         0          0             0           0             0                0                  
49     32         2          2             2           0             0                0                  
50     26         2          2             2           0             0                0                  
51     32         1          1             1           0             0                0                  
52     33         0          0             0           0             0                0                  
53     28         1          1             1           0             0                0                  
54     13         0          0             0           0             0                0                  
55     32         0          0             0           0             0                0                  
56     30         0          0             0           0             0                0                  
57     34         2          2             2           0             0                0                  
58     37         2          2             2           1             1                0                  
59     32         2          2             2           1             1                0                  
60     28         2          2             2           1             1                0                  
61     28         2          2             2           0             0                0                  
62     42         0          0             0           0             0                0                  
63     30         1          1             1           0             0                0                  
64     26         4          4             4           1             1                0                  
65     24         2          2             2           1             1                0                  
66     27         1          1             1           0             0                0                  
67     52         1          1             1           1             1                0                  
68     36         2          2             2           2             2                0                  
69     27         1          1             1           1             1                0                  
70     40         6          6             6           2             2                2                  
71     31         4          4             3           1             1                1                  
72     29         4          4             4           0             0                0                  
73     22         0          0             0           0             0                0                  
74     31         0          0             0           0             0                0                  
75     22         0          0             0           0             0                0                  
76     31         3          3             3           2             2                1                  
77     44         6          6             6           4             4                2                  
78     37         5          5             4           3             3                2                  
79     35         3          3             3           3             3                1                  
80     35         3          3             2           2             2                1                  
----------------------------------------------------------------------------------
SUM    2192       93         93            86          36            33               16                 
----------------------------------------------------------------------------------

 Total Ripple Number: 

 Detection parameters:
     maximum_peak:    4
     maxRippleLength: 100
     detection_peaks: peaks
     num_peaks:       3
