Trial  Det1_2SD   Det2_4SD   Det3_MaxLen   Det4_Join   Det5_Cycles   68               101                
t6_Artif_Rej Det7_Spctr_Peak 1      35         13         13            13          2             2                1                  
2      47         5          5             5           1             0                0                  
3      54         10         10            10          4             3                2                  
4      61         8          8             8           4             3                2                  
5      48         9          9             9           6             5                4                  
6      41         10         10            10          6             5                4                  
7      37         9          9             9           5             4                4                  
8      30         7          7             7           4             4                4                  
9      33         6          6             6           2             2                2                  
10     39         6          6             6           4             4                4                  
11     59         17         16            15          9             8                5                  
12     60         17         16            14          9             8                3                  
13     64         31         31            21          14            13               1                  
14     53         16         16            13          6             5                3                  
15     47         2          2             2           0             0                0                  
16     38         8          8             8           2             2                2                  
17     33         10         10            8           4             3                2                  
18     43         10         10            8           3             2                1                  
19     37         5          5             5           1             1                0                  
20     43         9          9             9           2             2                2                  
21     41         17         17            14          7             6                1                  
22     32         8          8             8           2             2                2                  
23     35         10         10            10          4             4                4                  
24     26         5          5             5           3             3                3                  
25     47         14         14            9           6             5                3                  
26     47         17         17            15          8             7                4                  
27     50         15         15            13          7             6                4                  
28     40         10         10            10          2             2                1                  
29     51         24         24            17          10            9                5                  
30     56         27         27            20          15            14               6                  
31     37         12         12            11          6             5                1                  
32     50         23         23            17          9             8                3                  
33     45         19         19            15          12            11               7                  
34     37         4          4             4           1             1                1                  
35     34         4          4             4           2             1                1                  
36     66         42         42            28          23            22               8                  
37     56         26         26            20          15            14               7                  
38     52         16         15            12          8             7                4                  
39     42         17         16            14          8             7                4                  
40     40         6          6             6           2             1                1                  
41     49         9          9             9           3             2                2                  
42     33         6          6             6           4             3                3                  
43     27         6          6             6           3             3                3                  
44     26         7          7             7           2             2                2                  
45     29         5          5             5           1             1                1                  
46     38         5          5             5           3             3                3                  
47     39         6          6             6           3             3                3                  
48     52         21         21            17          12            11               4                  
49     57         27         27            19          15            14               5                  
50     30         7          7             7           3             2                1                  
51     33         6          6             6           0             0                0                  
52     40         11         11            11          4             4                4                  
53     40         13         13            13          5             4                4                  
54     36         8          8             8           1             1                1                  
55     39         9          9             9           6             6                4                  
56     40         8          8             7           6             5                3                  
57     39         9          9             8           4             3                2                  
58     57         31         31            25          16            15               8                  
59     65         34         34            26          18            17               9                  
60     59         14         14            12          4             3                2                  
61     50         6          6             6           0             0                0                  
62     32         6          6             6           1             1                1                  
63     34         7          7             7           2             2                2                  
64     51         18         18            17          7             6                4                  
65     50         18         18            17          11            10               5                  
66     47         16         16            15          12            11               8                  
67     56         31         31            26          15            14               7                  
68     44         19         19            17          9             8                5                  
69     48         13         13            11          6             5                2                  
70     50         16         16            14          7             6                3                  
71     40         12         12            11          4             3                3                  
72     36         10         10            9           3             2                1                  
73     29         7          7             6           2             1                0                  
74     37         15         15            9           6             5                2                  
75     62         39         39            28          21            20               2                  
76     70         47         47            39          27            26               4                  
77     68         45         45            36          24            23               6                  
78     70         34         34            26          13            12               4                  
79     65         25         24            20          8             7                4                  
80     65         29         28            24          14            13               6                  
----------------------------------------------------------------------------------
SUM    3618       1179       1173          994         543           488              249                
----------------------------------------------------------------------------------

 Total Ripple Number: ù

 Detection parameters:
     maximum_peak:    3
     maxRippleLength: 100
     detection_peaks: thrsh
     num_peaks:       3
