Trial  Det1_2SD   Det2_4SD   Det3_MaxLen   Det4_Join   Det5_Cycles   68               101                
t6_Artif_Rej Det7_Spctr_Peak 1      29         7          7             7           2             1                1                  
2      30         8          8             8           2             1                1                  
3      45         13         13            12          6             5                1                  
4      35         9          9             8           4             3                1                  
5      38         6          6             6           2             1                1                  
6      38         15         15            15          4             3                0                  
7      27         7          7             7           4             3                1                  
8      25         5          5             5           3             2                1                  
9      33         12         12            12          4             4                4                  
10     47         14         14            13          6             5                4                  
11     48         21         21            18          12            11               6                  
12     47         23         23            21          14            13               9                  
13     49         26         26            24          12            11               7                  
14     42         15         15            14          2             1                0                  
15     39         7          7             6           1             0                0                  
16     35         6          6             6           3             3                3                  
17     41         11         11            10          5             4                0                  
18     40         14         14            13          5             4                1                  
19     39         11         11            11          3             2                0                  
20     51         15         15            15          7             7                5                  
21     42         18         18            18          10            9                7                  
22     33         8          8             8           4             3                1                  
23     42         11         11            11          5             4                2                  
24     56         15         15            15          6             5                4                  
25     53         16         16            15          8             7                4                  
26     43         16         16            16          12            11               4                  
27     49         23         23            23          11            10               5                  
28     34         13         13            13          3             2                1                  
29     48         27         27            23          12            11               4                  
30     67         36         36            31          16            15               4                  
31     49         15         15            14          6             5                2                  
32     51         19         19            19          13            12               5                  
33     58         21         21            19          13            12               3                  
34     36         16         16            14          4             3                2                  
35     39         18         18            18          5             4                4                  
36     66         39         39            35          19            18               5                  
37     62         28         28            25          13            12               4                  
38     56         16         16            15          9             8                7                  
39     55         13         13            13          7             6                4                  
40     42         11         11            11          3             2                2                  
41     40         16         16            16          5             4                4                  
42     34         8          8             8           4             3                2                  
43     28         7          7             7           5             4                3                  
44     30         6          6             6           2             1                1                  
45     30         8          8             8           4             3                0                  
46     40         11         11            11          4             3                0                  
47     38         9          9             9           4             3                1                  
48     48         19         19            15          9             8                5                  
49     52         25         25            20          12            11               8                  
50     43         14         14            12          5             4                3                  
51     41         9          9             9           6             5                3                  
52     36         13         13            12          5             4                3                  
53     48         21         21            18          7             6                5                  
54     42         16         16            13          9             8                6                  
55     32         11         11            11          10            9                8                  
56     41         12         12            12          8             7                6                  
57     40         9          9             9           4             3                2                  
58     53         21         21            20          14            13               9                  
59     51         24         24            23          15            14               7                  
60     42         12         12            12          3             2                0                  
61     39         6          6             6           0             0                0                  
62     34         6          6             6           1             0                0                  
63     37         10         10            10          2             2                1                  
64     48         19         19            19          8             7                4                  
65     51         19         19            19          9             8                6                  
66     43         15         15            15          6             5                3                  
67     53         22         22            21          11            10               5                  
68     47         21         21            19          13            12               10                 
69     52         20         20            19          8             7                5                  
70     46         16         16            16          8             7                4                  
71     42         16         16            16          10            9                8                  
72     41         18         18            17          10            9                6                  
73     44         17         17            15          7             6                4                  
74     49         16         16            15          7             6                2                  
75     66         33         33            27          20            19               7                  
76     72         37         37            33          24            23               11                 
77     62         30         30            29          21            20               12                 
78     65         29         29            27          20            19               9                  
79     63         30         30            27          18            17               11                 
80     60         31         31            29          18            17               12                 
----------------------------------------------------------------------------------
SUM    3582       1306       1306          1223        636           561              316                
----------------------------------------------------------------------------------

 Total Ripple Number: ļ

 Detection parameters:
     maximum_peak:    3
     maxRippleLength: 100
     detection_peaks: thrsh
     num_peaks:       3
