Trial  Det1_2SD   Det2_4SD   Det3_MaxLen   Det4_Join   Det5_Cycles   68               101                
t6_Artif_Rej Det7_Spctr_Peak 1      29         7          7             7           1             0                0                  
2      32         10         10            10          4             3                2                  
3      38         8          8             8           2             1                1                  
4      34         9          9             9           3             2                2                  
5      44         13         13            13          4             3                2                  
6      31         11         11            9           4             3                1                  
7      34         11         11            11          4             3                1                  
8      33         9          9             9           2             1                1                  
9      31         10         10            10          3             3                3                  
10     39         17         17            17          6             5                4                  
11     45         21         21            21          12            11               5                  
12     47         18         18            18          12            11               4                  
13     53         26         26            24          17            16               6                  
14     45         16         16            15          7             6                2                  
15     45         10         10            8           4             3                3                  
16     38         11         11            11          6             5                4                  
17     51         13         13            11          5             4                2                  
18     42         12         12            10          7             6                3                  
19     27         6          6             6           4             3                2                  
20     34         7          7             7           2             2                2                  
21     39         15         15            13          8             7                4                  
22     28         7          7             7           2             2                1                  
23     47         13         13            13          8             8                7                  
24     51         13         13            13          6             5                4                  
25     55         21         21            18          10            9                6                  
26     43         21         21            20          12            11               6                  
27     43         18         18            17          11            10               3                  
28     44         20         20            20          6             5                3                  
29     56         30         30            27          14            13               6                  
30     61         36         36            31          20            19               8                  
31     45         20         20            19          9             8                5                  
32     50         28         28            25          14            13               8                  
33     48         19         19            16          11            10               4                  
34     40         16         16            15          7             6                3                  
35     37         16         16            16          5             4                2                  
36     60         37         37            34          20            19               11                 
37     50         24         24            21          14            13               6                  
38     41         22         22            19          11            10               5                  
39     48         22         22            20          10            9                6                  
40     38         11         11            11          5             4                3                  
41     40         10         10            10          8             7                5                  
42     32         8          8             8           6             5                3                  
43     33         7          7             7           5             4                2                  
44     34         5          5             5           2             1                0                  
45     30         7          7             6           4             3                2                  
46     35         10         10            10          5             4                3                  
47     51         16         16            16          7             6                3                  
48     50         26         26            24          12            11               5                  
49     49         23         23            21          11            10               4                  
50     46         12         12            12          6             5                3                  
51     32         10         10            10          5             4                4                  
52     29         10         10            10          4             3                3                  
53     53         17         17            16          7             6                4                  
54     47         18         18            17          6             5                3                  
55     43         17         17            17          7             6                4                  
56     41         17         17            16          9             8                6                  
57     38         12         12            11          6             5                4                  
58     52         19         19            17          13            12               7                  
59     53         28         28            25          18            17               8                  
60     34         14         14            13          6             5                2                  
61     32         3          3             3           0             0                0                  
62     28         5          5             5           4             3                3                  
63     31         8          8             8           5             5                4                  
64     57         19         19            18          10            9                7                  
65     60         23         23            22          11            10               7                  
66     44         15         15            15          5             4                2                  
67     60         24         24            22          12            11               2                  
68     61         24         24            23          6             5                2                  
69     61         26         26            26          10            9                5                  
70     50         21         21            17          10            9                4                  
71     35         14         14            11          7             6                3                  
72     44         17         17            17          9             8                4                  
73     50         19         19            19          9             8                4                  
74     49         18         18            16          6             5                1                  
75     71         41         41            39          25            24               6                  
76     76         49         49            48          26            25               12                 
77     70         45         45            42          26            25               12                 
78     72         41         41            37          25            24               11                 
79     64         37         37            33          19            18               11                 
80     55         32         32            28          17            16               8                  
----------------------------------------------------------------------------------
SUM    3588       1421       1421          1329        701           627              334                
----------------------------------------------------------------------------------

 Total Ripple Number: Ŏ

 Detection parameters:
     maximum_peak:    3
     maxRippleLength: 100
     detection_peaks: thrsh
     num_peaks:       3
