Trial  Det1_2SD   Det2_4SD   Det3_MaxLen   Det4_Join   Det5_Cycles   68               101                
t6_Artif_Rej Det7_Spctr_Peak 1      25         1          1             1           0             0                0                  
2      30         2          2             2           0             0                0                  
3      32         1          1             1           0             0                0                  
4      31         1          1             1           0             0                0                  
5      25         0          0             0           0             0                0                  
6      28         1          1             1           0             0                0                  
7      28         0          0             0           0             0                0                  
8      34         0          0             0           0             0                0                  
9      24         1          1             1           0             0                0                  
10     22         1          1             1           0             0                0                  
11     29         3          3             3           0             0                0                  
12     27         1          1             1           1             1                1                  
13     18         0          0             0           0             0                0                  
14     31         4          4             4           1             1                1                  
15     22         0          0             0           0             0                0                  
16     23         1          1             1           0             0                0                  
17     33         2          2             2           0             0                0                  
18     30         0          0             0           0             0                0                  
19     22         0          0             0           0             0                0                  
20     26         0          0             0           0             0                0                  
21     32         1          1             1           0             0                0                  
22     30         1          1             1           0             0                0                  
23     35         0          0             0           0             0                0                  
24     26         2          2             2           0             0                0                  
25     39         1          1             1           1             1                1                  
26     19         0          0             0           0             0                0                  
27     35         0          0             0           0             0                0                  
28     28         1          1             1           1             1                0                  
29     33         0          0             0           0             0                0                  
30     30         1          1             1           0             0                0                  
31     28         0          0             0           0             0                0                  
32     26         0          0             0           0             0                0                  
33     24         2          2             2           0             0                0                  
34     27         1          1             1           0             0                0                  
35     23         0          0             0           0             0                0                  
36     33         2          2             2           1             1                0                  
37     26         1          1             1           1             1                0                  
38     26         1          1             1           0             0                0                  
39     28         1          1             1           0             0                0                  
40     28         0          0             0           0             0                0                  
41     34         0          0             0           0             0                0                  
42     31         0          0             0           0             0                0                  
43     35         2          2             2           0             0                0                  
44     28         0          0             0           0             0                0                  
45     31         1          1             1           1             1                0                  
46     33         0          0             0           0             0                0                  
47     28         0          0             0           0             0                0                  
48     40         1          1             1           0             0                0                  
49     21         0          0             0           0             0                0                  
50     32         2          2             2           2             2                2                  
51     26         0          0             0           0             0                0                  
52     28         0          0             0           0             0                0                  
53     21         2          2             2           0             0                0                  
54     33         1          1             1           1             1                1                  
55     28         0          0             0           0             0                0                  
56     19         0          0             0           0             0                0                  
57     18         0          0             0           0             0                0                  
58     29         2          2             2           0             0                0                  
59     33         1          1             1           0             0                0                  
60     29         2          2             2           0             0                0                  
61     34         2          2             2           0             0                0                  
62     28         0          0             0           0             0                0                  
63     21         0          0             0           0             0                0                  
64     31         0          0             0           0             0                0                  
65     31         1          1             1           1             1                1                  
66     29         1          1             1           0             0                0                  
67     35         1          1             1           1             1                1                  
68     31         1          1             1           1             1                0                  
69     32         0          0             0           0             0                0                  
70     31         0          0             0           0             0                0                  
71     34         0          0             0           0             0                0                  
72     22         0          0             0           0             0                0                  
73     33         1          1             1           0             0                0                  
74     36         0          0             0           0             0                0                  
75     31         1          1             1           0             0                0                  
76     32         0          0             0           0             0                0                  
77     28         0          0             0           0             0                0                  
78     20         1          1             1           0             0                0                  
79     27         0          0             0           0             0                0                  
80     36         0          0             0           0             0                0                  
----------------------------------------------------------------------------------
SUM    2295       57         57            57          13            13               8                  
----------------------------------------------------------------------------------

 Total Ripple Number: 

 Detection parameters:
     maximum_peak:    4
     maxRippleLength: 100
     detection_peaks: peaks
     num_peaks:       3
