Trial  Det1_2SD   Det2_4SD   Det3_MaxLen   Det4_Join   Det5_Cycles   68               101                
t6_Artif_Rej Det7_Spctr_Peak 1      38         2          2             2           1             1                0                  
2      44         4          4             4           1             1                0                  
3      42         1          1             1           0             0                0                  
4      24         0          0             0           0             0                0                  
5      25         1          1             1           1             1                0                  
6      19         0          0             0           0             0                0                  
7      30         0          0             0           0             0                0                  
8      26         1          1             1           0             0                0                  
9      39         3          3             3           0             0                0                  
10     19         0          0             0           0             0                0                  
11     32         11         9             6           3             3                0                  
12     32         1          1             1           1             1                0                  
13     17         0          0             0           0             0                0                  
14     29         0          0             0           0             0                0                  
15     22         2          2             2           1             1                0                  
16     16         0          0             0           0             0                0                  
17     23         0          0             0           0             0                0                  
18     38         2          2             2           1             1                0                  
19     31         0          0             0           0             0                0                  
20     42         1          1             1           0             0                0                  
21     23         2          2             2           0             0                0                  
22     22         3          3             3           0             0                0                  
23     30         0          0             0           0             0                0                  
24     28         0          0             0           0             0                0                  
25     31         1          1             1           0             0                0                  
26     30         0          0             0           0             0                0                  
27     20         0          0             0           0             0                0                  
28     35         1          1             1           0             0                0                  
29     31         1          1             1           0             0                0                  
30     18         1          1             1           0             0                0                  
31     27         1          1             1           1             1                0                  
32     30         0          0             0           0             0                0                  
33     26         0          0             0           0             0                0                  
34     26         0          0             0           0             0                0                  
35     21         0          0             0           0             0                0                  
36     26         0          0             0           0             0                0                  
37     27         2          2             1           1             1                0                  
38     25         0          0             0           0             0                0                  
39     26         0          0             0           0             0                0                  
40     20         0          0             0           0             0                0                  
41     27         0          0             0           0             0                0                  
42     48         0          0             0           0             0                0                  
43     31         1          1             1           1             1                1                  
44     21         1          1             1           0             0                0                  
45     42         5          5             5           1             1                0                  
46     24         0          0             0           0             0                0                  
47     25         1          1             1           0             0                0                  
48     27         1          1             1           0             0                0                  
49     24         2          2             2           0             0                0                  
50     28         1          1             1           1             1                1                  
51     28         0          0             0           0             0                0                  
52     26         1          1             1           1             1                0                  
53     25         2          2             2           0             0                0                  
54     32         1          1             1           0             0                0                  
55     30         2          2             2           0             0                0                  
56     32         0          0             0           0             0                0                  
57     22         0          0             0           0             0                0                  
58     32         0          0             0           0             0                0                  
59     27         1          1             1           0             0                0                  
60     27         0          0             0           0             0                0                  
61     27         2          2             2           2             2                0                  
62     34         3          3             3           0             0                0                  
63     21         0          0             0           0             0                0                  
64     27         2          2             2           1             1                1                  
65     27         0          0             0           0             0                0                  
66     40         0          0             0           0             0                0                  
67     22         3          3             3           0             0                0                  
68     25         1          1             1           0             0                0                  
69     18         0          0             0           0             0                0                  
70     28         0          0             0           0             0                0                  
71     26         2          2             2           2             2                2                  
72     24         0          0             0           0             0                0                  
73     29         1          1             1           0             0                0                  
74     25         1          1             1           0             0                0                  
75     29         1          1             1           0             0                0                  
76     30         0          0             0           0             0                0                  
77     26         1          1             1           0             0                0                  
78     15         0          0             0           0             0                0                  
79     22         0          0             0           0             0                0                  
80     29         2          2             2           0             0                0                  
----------------------------------------------------------------------------------
SUM    2212       79         77            73          20            20               5                  
----------------------------------------------------------------------------------

 Total Ripple Number: 

 Detection parameters:
     maximum_peak:    4
     maxRippleLength: 100
     detection_peaks: peaks
     num_peaks:       3
