Trial  Det1_2SD   Det2_4SD   Det3_MaxLen   Det4_Join   Det5_Cycles   68               101                
t6_Artif_Rej Det7_Spctr_Peak 1      34         11         11            11          5             5                2                  
2      28         6          6             6           3             3                2                  
3      38         11         11            10          3             3                2                  
4      23         8          8             8           3             3                2                  
5      25         8          8             8           3             3                2                  
6      37         7          7             7           2             1                0                  
7      31         11         11            11          3             3                2                  
8      22         8          8             8           2             2                1                  
9      33         9          9             9           5             5                1                  
10     30         6          6             5           4             4                1                  
11     38         6          6             6           5             5                3                  
12     37         10         10            10          5             5                3                  
13     46         20         20            19          10            10               9                  
14     31         7          7             7           1             1                1                  
15     41         20         20            20          11            11               3                  
16     45         13         13            12          6             6                3                  
17     45         12         12            11          4             4                3                  
18     34         10         10            10          4             4                2                  
19     35         13         13            10          4             3                2                  
20     38         15         15            12          6             5                1                  
21     33         10         10            10          4             3                0                  
22     24         4          4             4           3             3                1                  
23     27         11         11            11          4             3                1                  
24     40         16         16            16          9             8                5                  
25     45         17         17            16          10            10               8                  
26     41         9          9             9           7             7                7                  
27     27         7          7             7           3             3                1                  
28     32         8          8             8           3             3                2                  
29     32         11         11            11          4             4                2                  
30     44         18         18            16          10            9                5                  
31     39         9          9             8           6             5                3                  
32     45         10         10            10          7             7                3                  
33     36         6          6             6           2             2                2                  
34     41         10         10            10          7             7                4                  
35     44         15         15            15          10            10               7                  
36     45         13         13            13          2             2                1                  
37     39         9          9             9           3             3                3                  
38     37         11         11            11          2             2                2                  
39     28         4          4             4           2             2                2                  
40     50         12         12            11          5             5                2                  
41     36         6          6             6           3             3                2                  
42     40         10         10            10          2             2                0                  
43     27         6          6             6           2             1                1                  
44     44         16         16            16          8             8                4                  
45     46         17         17            17          7             7                3                  
46     32         9          9             9           3             3                2                  
47     28         8          8             7           2             1                1                  
48     28         10         10            10          3             2                1                  
49     42         15         15            15          6             6                1                  
50     34         11         11            11          6             6                4                  
51     33         5          5             5           1             1                1                  
52     40         10         10            10          5             4                3                  
53     33         7          7             5           4             3                2                  
54     40         11         11            9           5             4                3                  
55     46         14         14            14          9             9                6                  
56     38         15         15            15          9             8                6                  
57     32         8          8             8           2             2                2                  
58     35         7          7             6           3             3                3                  
59     35         5          5             4           1             1                1                  
60     41         12         12            12          5             4                3                  
61     39         14         14            14          2             2                2                  
62     39         8          8             8           4             4                2                  
63     49         13         13            13          7             7                5                  
64     25         5          5             5           3             3                1                  
65     28         11         11            10          2             1                0                  
66     43         13         13            12          5             4                2                  
67     28         10         10            9           2             1                1                  
68     35         9          9             9           2             2                2                  
69     32         6          6             6           1             1                0                  
70     46         14         14            13          6             5                2                  
71     41         11         11            10          5             4                2                  
72     32         7          7             7           3             3                1                  
73     40         11         11            11          4             4                1                  
74     45         17         17            14          5             4                3                  
75     35         16         16            13          5             4                3                  
76     26         4          4             4           1             1                1                  
77     32         10         10            10          3             3                3                  
78     31         12         12            12          4             4                3                  
79     52         13         13            13          5             4                4                  
80     47         9          9             8           4             3                1                  
----------------------------------------------------------------------------------
SUM    2915       836        836           801         351           326              194                
----------------------------------------------------------------------------------

 Total Ripple Number: Â

 Detection parameters:
     maximum_peak:    3
     maxRippleLength: 100
     detection_peaks: thrsh
     num_peaks:       3
