Trial  Det1_2SD   Det2_4SD   Det3_MaxLen   Det4_Join   Det5_Cycles   68               101                
t6_Artif_Rej Det7_Spctr_Peak 1      33         4          4             4           1             1                1                  
2      34         3          3             3           2             2                2                  
3      39         6          6             6           4             4                1                  
4      33         5          5             5           3             3                1                  
5      24         2          2             2           0             0                0                  
6      45         13         13            13          10            9                5                  
7      35         9          9             9           5             4                0                  
8      28         7          7             7           2             2                2                  
9      33         9          9             9           6             6                4                  
10     29         10         10            10          6             6                5                  
11     34         7          7             7           5             5                2                  
12     41         8          8             8           3             3                1                  
13     36         8          8             8           4             4                2                  
14     30         2          2             2           1             1                0                  
15     32         4          4             4           0             0                0                  
16     30         5          5             5           1             1                0                  
17     32         5          5             5           4             4                4                  
18     35         6          6             6           3             3                3                  
19     27         6          6             6           3             3                2                  
20     37         10         10            10          3             3                3                  
21     36         8          8             8           4             4                4                  
22     42         13         13            13          7             7                4                  
23     23         7          7             7           1             1                1                  
24     43         21         21            21          13            13               11                 
25     48         14         14            14          9             9                8                  
26     32         8          8             8           3             3                3                  
27     24         6          6             6           5             5                2                  
28     30         5          5             5           2             2                0                  
29     23         5          5             5           1             1                1                  
30     29         4          4             4           3             2                2                  
31     29         6          6             6           4             3                3                  
32     28         5          5             5           3             2                2                  
33     33         10         10            10          2             2                2                  
34     38         10         10            10          4             4                4                  
35     46         9          9             9           4             4                4                  
36     46         9          9             9           5             5                3                  
37     22         6          6             6           4             4                3                  
38     33         6          6             6           3             3                2                  
39     31         11         11            11          3             3                3                  
40     30         7          7             7           2             2                1                  
41     34         4          4             4           2             2                1                  
42     49         10         10            10          7             7                6                  
43     39         9          9             9           4             4                2                  
44     35         8          8             8           3             3                1                  
45     29         10         10            10          3             3                3                  
46     40         11         11            11          4             3                3                  
47     20         4          4             4           1             0                0                  
48     26         5          5             5           1             1                1                  
49     25         6          6             6           3             3                2                  
50     26         10         10            10          4             4                4                  
51     41         12         12            12          6             6                6                  
52     30         6          6             6           4             4                4                  
53     29         11         11            11          3             3                2                  
54     32         11         11            11          4             4                1                  
55     40         11         11            11          4             4                3                  
56     49         10         10            10          6             6                5                  
57     36         11         11            11          6             6                4                  
58     23         4          4             4           1             1                0                  
59     28         7          7             7           1             1                1                  
60     41         11         11            11          6             6                4                  
61     41         6          6             6           2             2                2                  
62     45         6          6             6           2             2                2                  
63     47         10         10            10          7             7                5                  
64     35         4          4             4           3             3                1                  
65     45         14         14            14          7             7                4                  
66     46         9          9             9           3             3                1                  
67     34         4          4             4           0             0                0                  
68     26         4          4             4           2             2                2                  
69     31         8          8             8           6             6                6                  
70     22         7          7             7           5             4                4                  
71     39         14         14            14          7             7                5                  
72     38         9          9             9           6             6                4                  
73     30         5          5             5           2             2                1                  
74     38         5          5             5           2             2                1                  
75     38         12         12            11          7             7                6                  
76     46         15         15            14          8             8                6                  
77     40         8          8             7           5             5                3                  
78     36         8          8             7           3             2                1                  
79     25         7          7             7           5             4                3                  
80     37         10         10            10          4             3                3                  
----------------------------------------------------------------------------------
SUM    2744       635        635           631         307           296              214                
----------------------------------------------------------------------------------

 Total Ripple Number: Ö

 Detection parameters:
     maximum_peak:    3
     maxRippleLength: 100
     detection_peaks: thrsh
     num_peaks:       3
