Trial  Det1_2SD   Det2_4SD   Det3_MaxLen   Det4_Join   Det5_Cycles   68               101                

t6_Artif_Rej Det7_Spctr_Peak 1      26         3          2             2           0             0                0                  
2      20         5          5             5           2             2                2                  
3      26         6          6             6           2             2                1                  
4      31         8          8             8           3             2                0                  
5      33         8          8             8           2             1                0                  
6      31         5          5             5           1             1                1                  
7      31         9          9             9           3             3                0                  
8      36         12         12            12          5             5                1                  
9      37         14         14            13          3             2                0                  
10     36         17         17            16          7             6                1                  
11     45         21         21            21          12            11               3                  
12     39         16         16            16          10            9                3                  
13     33         11         11            10          4             3                2                  
14     35         7          7             6           3             2                1                  
15     34         5          5             5           2             2                0                  
16     32         9          9             9           3             3                1                  
17     33         12         12            12          3             2                0                  
18     34         11         11            11          5             4                1                  
19     27         5          5             5           4             4                1                  
20     30         6          6             6           0             0                0                  
21     38         7          7             7           1             1                0                  
22     34         12         12            7           7             6                2                  
23     35         14         14            9           5             4                1                  
24     31         9          9             9           2             2                1                  
25     31         7          7             7           0             0                0                  
26     26         6          6             6           1             1                1                  
27     27         6          6             6           2             2                1                  
28     29         10         10            10          5             4                1                  
29     37         14         14            14          8             7                3                  
30     36         12         12            12          4             4                2                  
31     38         14         14            14          5             4                2                  
32     36         12         12            12          6             5                3                  
33     38         11         11            11          5             4                1                  
34     41         10         10            10          6             5                2                  
35     36         6          6             6           4             3                1                  
36     37         4          4             4           2             2                0                  
37     38         5          5             5           2             2                0                  
38     31         4          4             4           2             2                1                  
39     29         5          5             5           3             2                1                  
40     29         5          5             5           3             2                1                  
41     38         12         12            11          7             6                2                  
42     28         6          6             6           3             3                0                  
43     28         7          7             7           2             2                0                  
44     22         3          3             3           2             1                1                  
45     24         5          5             5           3             2                1                  
46     23         4          4             4           3             3                1                  
47     30         6          6             6           3             3                2                  
48     35         8          8             8           3             2                2                  
49     39         9          9             8           5             4                2                  
50     41         10         10            9           4             3                2                  
51     33         9          9             9           6             6                3                  
52     32         7          7             7           4             4                0                  
53     33         8          8             8           3             3                0                  
54     43         11         11            10          5             5                0                  
55     39         11         11            10          7             6                3                  
56     26         8          8             8           4             3                1                  
57     26         7          7             7           4             3                1                  
58     37         11         11            10          6             5                3                  
59     40         11         11            10          6             6                2                  
60     39         10         10            9           5             5                2                  
61     34         11         11            9           5             5                2                  
62     40         14         14            14          2             2                1                  
63     42         15         15            15          4             3                1                  
64     41         12         12            12          6             5                2                  
65     33         6          6             6           1             1                1                  
66     36         9          9             9           2             2                1                  
67     29         9          9             8           4             4                1                  
68     19         5          5             4           3             3                1                  
69     35         8          8             8           3             2                1                  
70     50         15         15            14          10            9                1                  
71     54         23         23            21          11            10               2                  
72     38         14         14            13          5             5                2                  
73     33         6          6             6           2             2                1                  
74     42         9          9             9           1             1                1                  
75     29         6          6             6           1             0                0                  
76     25         4          4             4           2             1                0                  
77     27         6          6             6           3             3                1                  
78     32         7          7             7           4             3                1                  
79     38         12         12            12          6             5                2                  
80     35         13         13            13          8             7                3                  
----------------------------------------------------------------------------------
SUM    2694       730        729           699         315           274              95                 

----------------------------------------------------------------------------------

 Total Ripple Number: 95

 Detection parameters:
     maximum_peak:    3
     maxRippleLength: 100
     detection_peaks: thrsh
     num_peaks:       3
