Trial  Det1_2SD   Det2_4SD   Det3_MaxLen   Det4_Join   Det5_Cycles   68               101                

t6_Artif_Rej Det7_Spctr_Peak 1      43         9          9             9           1             1                0                  
2      36         4          4             4           0             0                0                  
3      24         2          2             2           2             2                0                  
4      35         6          6             6           4             3                0                  
5      42         12         12            12          5             4                0                  
6      31         8          8             8           4             4                1                  
7      35         11         11            11          3             3                1                  
8      41         10         10            10          2             2                1                  
9      34         8          8             8           2             2                1                  
10     30         8          8             8           4             4                2                  
11     34         14         14            14          7             6                4                  
12     34         11         11            11          2             2                1                  
13     35         9          9             9           4             4                0                  
14     31         7          7             7           4             4                0                  
15     26         8          8             8           2             2                1                  
16     32         9          9             9           5             5                2                  
17     42         7          7             7           1             1                0                  
18     48         11         11            11          2             2                2                  
19     40         9          9             9           4             4                4                  
20     26         9          9             9           3             3                2                  
21     31         12         12            12          3             3                1                  
22     43         16         16            12          5             4                1                  
23     36         10         10            10          3             2                1                  
24     24         3          3             3           1             1                0                  
25     25         5          5             5           2             2                1                  
26     30         6          6             6           3             3                1                  
27     26         4          4             4           2             2                0                  
28     36         13         13            12          4             3                1                  
29     55         20         20            20          7             6                5                  
30     51         21         21            21          7             7                5                  
31     50         16         16            16          5             4                1                  
32     46         12         12            12          3             2                1                  
33     44         11         11            11          1             1                0                  
34     32         6          6             6           2             2                2                  
35     25         5          5             5           2             1                1                  
36     28         4          4             4           0             0                0                  
37     27         5          5             5           0             0                0                  
38     29         6          6             6           2             2                1                  
39     35         11         11            11          4             4                1                  
40     32         8          8             8           4             4                1                  
41     43         11         11            10          4             3                2                  
42     43         10         10            10          5             5                2                  
43     33         7          7             7           3             3                2                  
44     31         4          4             4           1             1                1                  
45     39         4          4             4           2             2                1                  
46     38         10         10            10          2             2                2                  
47     32         11         11            11          3             3                3                  
48     29         10         10            10          5             4                4                  
49     38         10         10            10          5             4                3                  
50     50         14         14            14          3             3                1                  
51     56         16         16            16          5             5                1                  
52     44         12         12            11          6             6                1                  
53     34         9          9             8           4             4                1                  
54     45         10         10            10          5             5                0                  
55     49         13         13            13          4             4                0                  
56     36         10         10            10          1             1                1                  
57     37         3          3             3           2             2                2                  
58     52         11         11            11          6             5                2                  
59     41         11         11            11          5             5                3                  
60     34         6          6             6           3             3                1                  
61     45         9          9             9           3             3                2                  
62     51         14         14            14          3             3                3                  
63     37         13         13            12          4             3                2                  
64     43         19         19            18          8             7                3                  
65     39         13         13            13          5             5                2                  
66     31         9          9             9           0             0                0                  
67     34         5          5             5           1             1                1                  
68     23         2          2             2           1             1                1                  
69     35         11         11            11          3             3                1                  
70     54         23         23            21          9             8                1                  
71     61         31         31            29          13            12               2                  
72     38         17         17            17          7             7                1                  
73     28         4          4             4           1             1                0                  
74     35         6          6             6           1             1                0                  
75     35         10         10            10          1             1                0                  
76     39         11         11            11          1             1                0                  
77     49         14         14            13          3             3                1                  
78     57         20         20            19          5             5                2                  
79     59         18         18            18          6             5                3                  
80     54         15         15            15          6             5                1                  
----------------------------------------------------------------------------------
SUM    3055       822        822           806         276           256              105                

----------------------------------------------------------------------------------

 Total Ripple Number: 105

 Detection parameters:
     maximum_peak:    3
     maxRippleLength: 100
     detection_peaks: thrsh
     num_peaks:       3
