Trial  Det1_2SD   Det2_4SD   Det3_MaxLen   Det4_Join   Det5_Cycles   Det6_Artif_Rej  
1      1          0          0             0           0             0               
2      0          0          0             0           0             0               
3      0          0          0             0           0             0               
4      1          0          0             0           0             0               
5      0          0          0             0           0             0               
6      1          0          0             0           0             0               
7      1          0          0             0           0             0               
8      0          0          0             0           0             0               
9      0          0          0             0           0             0               
10     1          0          0             0           0             0               
11     1          0          0             0           0             0               
12     0          0          0             0           0             0               
13     1          0          0             0           0             0               
14     0          0          0             0           0             0               
15     0          0          0             0           0             0               
16     1          0          0             0           0             0               
17     1          0          0             0           0             0               
18     0          0          0             0           0             0               
19     1          1          1             1           1             1               
20     0          0          0             0           0             0               
21     0          0          0             0           0             0               
22     0          0          0             0           0             0               
23     0          0          0             0           0             0               
24     0          0          0             0           0             0               
25     1          0          0             0           0             0               
26     0          0          0             0           0             0               
27     0          0          0             0           0             0               
28     3          0          0             0           0             0               
29     2          0          0             0           0             0               
30     0          0          0             0           0             0               
31     0          0          0             0           0             0               
32     0          0          0             0           0             0               
33     20         11         10            8           7             7               
34     0          0          0             0           0             0               
35     0          0          0             0           0             0               
36     1          0          0             0           0             0               
37     0          0          0             0           0             0               
38     1          1          1             1           0             0               
39     9          7          5             5           3             3               
40     5          5          3             3           3             3               
41     7          6          4             4           3             3               
42     3          3          3             3           1             1               
43     11         11         9             6           5             5               
44     13         10         8             5           5             5               
45     6          6          5             3           2             2               
46     10         7          6             5           4             4               
47     0          0          0             0           0             0               
48     11         10         9             6           6             6               
49     8          8          6             6           4             4               
50     0          0          0             0           0             0               
51     8          7          6             4           3             3               
52     7          6          3             2           2             2               
53     5          4          2             2           2             2               
54     5          5          2             2           1             1               
55     0          0          0             0           0             0               
56     0          0          0             0           0             0               
57     11         10         8             6           5             5               
58     0          0          0             0           0             0               
59     12         9          6             5           4             4               
60     13         12         9             8           7             6               
61     2          2          2             1           1             1               
62     9          7          3             3           3             3               
63     0          0          0             0           0             0               
64     11         10         8             2           2             2               
65     1          0          0             0           0             0               
66     10         8          4             4           3             2               
67     0          0          0             0           0             0               
68     11         7          6             4           4             4               
69     11         7          6             5           4             4               
70     6          4          3             3           3             3               
71     8          6          3             2           2             2               
72     0          0          0             0           0             0               
73     9          8          5             3           3             3               
74     0          0          0             0           0             0               
75     0          0          0             0           0             0               
76     18         14         13            9           8             7               
77     0          0          0             0           0             0               
78     10         9          6             4           3             3               
79     5          5          3             2           2             2               
80     5          5          3             2           2             2               
----------------------------------------------------------------------------------
SUM    298        231        171           129         108           105             
----------------------------------------------------------------------------------

 Total Ripple Number: i

 Detection parameters:
     maximum_peak:    3
     maxRippleLength: 100
     detection_peaks: thrsh
     num_peaks:       3
