Trial  Det1_2SD   Det2_4SD   Det3_MaxLen   Det4_Join   Det5_Cycles   Det6_Artif_Rej  
1      12         1          1             1           1             1               
2      9          1          1             1           0             0               
3      12         4          4             4           0             0               
4      17         2          2             2           1             1               
5      13         2          2             2           0             0               
6      10         2          2             2           0             0               
7      16         3          3             3           1             1               
8      16         2          2             2           1             1               
9      6          0          0             0           0             0               
10     18         2          2             2           0             0               
11     12         1          1             1           0             0               
12     5          0          0             0           0             0               
13     15         2          2             2           0             0               
14     12         1          1             1           0             0               
15     9          0          0             0           0             0               
16     9          1          1             1           0             0               
17     9          2          2             2           0             0               
18     9          0          0             0           0             0               
19     10         3          3             3           2             2               
20     20         1          1             1           0             0               
21     16         1          1             1           1             1               
22     14         3          3             3           1             1               
23     16         0          0             0           0             0               
24     17         1          1             1           0             0               
25     12         2          2             2           0             0               
26     11         3          3             3           0             0               
27     12         0          0             0           0             0               
28     13         1          1             1           0             0               
29     11         2          2             2           1             1               
30     14         3          3             3           1             1               
31     10         1          1             1           0             0               
32     5          0          0             0           0             0               
33     20         7          7             7           7             7               
34     6          0          0             0           0             0               
35     3          1          1             1           0             0               
36     11         1          1             1           0             0               
37     11         1          1             1           0             0               
38     15         2          2             2           1             1               
39     30         14         14            13          11            11              
40     29         15         15            14          11            11              
41     25         10         10            10          4             4               
42     13         2          2             2           2             2               
43     22         14         13            11          8             8               
44     23         13         13            13          9             9               
45     19         9          9             9           6             6               
46     25         13         12            11          10            10              
47     8          0          0             0           0             0               
48     22         12         11            10          9             9               
49     23         8          7             7           5             5               
50     11         1          1             1           1             1               
51     25         9          9             9           7             7               
52     23         11         11            10          7             7               
53     15         8          8             8           6             6               
54     21         13         13            12          10            10              
55     9          0          0             0           0             0               
56     10         0          0             0           0             0               
57     35         17         17            14          10            10              
58     12         2          2             2           0             0               
59     27         17         17            13          8             8               
60     30         21         21            15          8             8               
61     6          1          1             1           0             0               
62     30         16         16            10          7             7               
63     10         1          1             1           0             0               
64     31         16         16            14          6             6               
65     15         2          2             2           0             0               
66     37         21         21            19          16            15              
67     11         1          1             1           0             0               
68     21         12         12            10          10            10              
69     22         7          7             7           4             4               
70     13         4          4             4           1             1               
71     18         11         11            10          10            10              
72     10         0          0             0           0             0               
73     23         15         15            14          9             8               
74     9          0          0             0           0             0               
75     8          1          1             1           0             0               
76     33         20         20            15          13            12              
77     6          0          0             0           0             0               
78     26         15         15            13          9             9               
79     22         10         10            9           8             8               
80     21         10         10            10          9             9               
----------------------------------------------------------------------------------
SUM    1285       431        427           384         252           249             
----------------------------------------------------------------------------------

 Total Ripple Number: ù

 Detection parameters:
     maximum_peak:    3
     maxRippleLength: 100
     detection_peaks: thrsh
     num_peaks:       3
