Trial  Det1_2SD   Det2_4SD   Det3_MaxLen   Det4_Join   Det5_Cycles   Det6_Artif_Rej  
1      29         6          6             6           1             1               
2      35         9          9             9           2             2               
3      27         3          3             3           0             0               
4      20         6          6             6           3             3               
5      17         3          3             3           1             1               
6      31         10         10            10          3             3               
7      19         4          4             4           2             2               
8      26         3          3             3           1             1               
9      24         1          1             1           0             0               
10     38         7          7             7           2             2               
11     22         3          3             3           0             0               
12     23         7          7             7           1             1               
13     19         2          2             2           1             1               
14     30         2          2             2           1             1               
15     30         3          3             3           0             0               
16     30         2          2             2           0             0               
17     26         6          6             6           2             2               
18     23         3          3             3           2             2               
19     26         4          4             4           2             2               
20     23         2          2             2           0             0               
21     29         1          1             1           0             0               
22     20         3          3             3           1             1               
23     20         2          2             2           0             0               
24     22         4          4             4           0             0               
25     24         4          4             4           3             3               
26     20         7          7             7           3             3               
27     23         3          3             3           1             1               
28     32         7          7             7           3             3               
29     34         6          6             6           3             3               
30     27         5          5             5           3             3               
31     26         6          6             6           0             0               
32     25         3          3             3           1             1               
33     37         6          6             6           3             3               
34     31         10         10            10          5             5               
35     27         7          7             7           2             2               
36     26         5          5             5           0             0               
37     29         5          5             5           2             2               
38     20         4          4             4           2             2               
39     18         0          0             0           0             0               
40     23         4          4             4           2             2               
41     32         7          7             7           2             2               
42     28         7          7             7           4             4               
43     26         4          4             4           1             1               
44     18         3          3             3           3             3               
45     23         4          4             4           1             1               
46     20         2          2             2           0             0               
47     39         11         11            10          4             4               
48     30         4          4             4           1             1               
49     24         6          6             6           3             3               
50     29         12         12            12          6             6               
51     21         5          5             5           4             3               
52     22         4          4             4           0             0               
53     21         2          2             2           0             0               
54     23         7          7             7           1             1               
55     31         4          4             4           0             0               
56     28         5          5             5           2             2               
57     27         6          6             6           2             2               
58     18         2          2             2           1             1               
59     19         5          5             5           2             2               
60     28         3          3             3           2             2               
61     29         8          8             8           1             1               
62     19         3          3             3           1             1               
63     25         4          4             4           3             3               
64     27         1          1             1           0             0               
65     19         4          4             4           2             2               
66     30         9          9             9           2             2               
67     30         5          5             5           0             0               
68     32         7          7             7           2             2               
69     32         7          7             7           3             2               
70     28         3          3             3           0             0               
71     29         8          8             8           3             3               
72     47         14         14            14          4             3               
73     40         11         11            11          3             2               
74     36         5          5             5           1             1               
75     35         7          7             7           1             1               
76     28         7          7             7           3             3               
77     37         9          9             9           4             4               
78     40         14         14            14          4             4               
79     40         6          6             6           1             1               
80     38         7          7             7           4             4               
----------------------------------------------------------------------------------
SUM    2179       420        420           419         139           135             
----------------------------------------------------------------------------------

 Total Ripple Number: 

 Detection parameters:
     maximum_peak:    3
     maxRippleLength: 100
     detection_peaks: thrsh
     num_peaks:       3
