Trial  Det1_2SD   Det2_4SD   Det3_MaxLen   Det4_Join   Det5_Cycles   Det6_Artif_Rej  
1      16         3          3             3           1             1               
2      25         7          7             7           6             6               
3      25         7          7             7           3             3               
4      16         3          3             3           1             1               
5      18         5          5             5           3             3               
6      31         6          6             6           3             3               
7      18         6          6             6           3             3               
8      22         1          1             1           1             1               
9      22         5          5             5           3             3               
10     25         7          7             7           3             3               
11     21         3          3             3           3             3               
12     22         7          7             7           1             1               
13     16         3          3             3           3             3               
14     33         7          7             7           5             5               
15     23         5          5             5           3             3               
16     17         3          3             3           2             2               
17     34         8          8             8           5             4               
18     20         6          6             6           5             5               
19     31         8          8             8           3             3               
20     16         2          2             2           1             1               
21     18         5          5             5           4             4               
22     21         4          4             4           1             1               
23     17         5          5             5           4             4               
24     26         3          3             3           2             2               
25     21         5          5             5           3             3               
26     17         0          0             0           0             0               
27     27         7          7             7           4             4               
28     22         3          3             3           3             3               
29     31         3          3             3           3             3               
30     16         2          2             2           0             0               
31     20         2          2             2           2             2               
32     25         2          2             2           1             1               
33     35         11         11            11          7             7               
34     24         6          6             6           3             3               
35     21         8          8             8           5             5               
36     13         4          4             4           4             4               
37     20         3          3             3           2             2               
38     28         7          7             7           4             4               
39     22         4          4             4           0             0               
40     39         7          7             7           3             3               
41     21         3          3             3           1             1               
42     35         2          2             2           2             2               
43     28         4          4             4           1             1               
44     11         1          1             1           0             0               
45     15         2          2             2           1             1               
46     18         1          1             1           1             1               
47     23         5          5             5           4             4               
48     25         4          4             4           3             3               
49     22         3          3             3           2             2               
50     16         2          2             2           2             2               
51     19         3          3             3           2             1               
52     18         4          4             4           2             2               
53     15         4          4             4           2             2               
54     38         12         12            12          8             8               
55     23         5          5             5           4             4               
56     27         9          9             9           5             5               
57     43         8          8             8           6             6               
58     27         4          4             4           3             3               
59     23         1          1             1           0             0               
60     27         5          5             5           4             4               
61     29         6          6             6           4             4               
62     34         13         13            11          8             7               
63     27         4          4             4           3             3               
64     24         8          8             8           2             2               
65     29         8          8             8           4             4               
66     36         9          9             9           6             6               
67     24         6          6             6           3             3               
68     36         7          7             6           5             5               
69     32         5          5             5           3             3               
70     18         2          2             2           2             2               
71     19         5          5             5           3             3               
72     22         3          3             3           2             2               
73     29         6          6             6           3             3               
74     39         15         15            15          11            11              
75     22         7          7             7           5             4               
76     18         2          2             2           2             2               
77     33         5          5             5           3             3               
78     20         6          6             6           3             3               
79     28         4          4             4           3             3               
80     25         3          3             3           1             1               
----------------------------------------------------------------------------------
SUM    1932       399        399           396         242           238             
----------------------------------------------------------------------------------

 Total Ripple Number: î

 Detection parameters:
     maximum_peak:    3
     maxRippleLength: 100
     detection_peaks: thrsh
     num_peaks:       3
