Trial  Det1_2SD   Det2_4SD   Det3_MaxLen   Det4_Join   Det5_Cycles   Det6_Artif_Rej  
1      30         10         10            10          3             3               
2      27         6          6             6           1             1               
3      17         2          2             2           0             0               
4      28         3          3             3           1             1               
5      26         8          8             6           1             1               
6      37         9          9             9           3             3               
7      22         2          2             2           1             1               
8      30         5          5             5           2             2               
9      23         3          3             3           1             1               
10     31         7          7             6           3             3               
11     30         6          6             6           2             2               
12     33         5          5             5           2             2               
13     24         3          3             3           0             0               
14     27         7          7             7           0             0               
15     31         5          5             5           2             2               
16     21         5          5             5           3             3               
17     23         7          7             7           3             3               
18     24         7          7             7           3             3               
19     28         8          8             8           5             5               
20     25         3          3             3           0             0               
21     29         5          5             5           2             2               
22     28         11         11            11          4             4               
23     20         6          6             6           1             1               
24     23         1          1             1           1             1               
25     25         6          6             6           1             1               
26     29         5          5             5           2             2               
27     19         3          3             3           0             0               
28     35         12         12            11          5             5               
29     24         7          7             6           4             4               
30     27         4          4             4           1             1               
31     31         8          8             8           1             1               
32     26         4          4             4           1             1               
33     29         4          4             4           1             1               
34     19         6          6             6           2             2               
35     22         4          4             4           1             1               
36     24         4          4             3           2             2               
37     26         7          7             7           2             2               
38     27         6          6             6           2             2               
39     26         7          7             7           3             3               
40     39         12         12            12          5             5               
41     23         3          3             3           2             2               
42     27         8          8             8           3             3               
43     33         7          7             7           3             3               
44     27         9          9             9           6             6               
45     32         6          6             6           2             2               
46     30         5          5             5           3             3               
47     33         8          8             8           4             4               
48     16         4          4             4           1             1               
49     26         6          6             6           2             2               
50     35         11         11            11          4             4               
51     28         10         10            10          6             6               
52     26         6          6             4           2             2               
53     31         10         10            8           2             2               
54     29         9          9             9           4             4               
55     23         13         13            12          7             7               
56     34         7          7             7           4             4               
57     45         11         11            11          2             2               
58     25         7          7             7           1             1               
59     19         4          4             4           1             1               
60     31         6          6             5           3             3               
61     23         5          5             5           0             0               
62     23         8          8             8           3             3               
63     30         12         12            12          3             3               
64     24         5          5             5           2             2               
65     27         7          7             7           3             3               
66     28         6          6             5           1             1               
67     26         6          6             6           0             0               
68     35         13         13            11          3             3               
69     32         9          9             9           4             4               
70     27         3          3             3           1             1               
71     23         7          7             7           2             2               
72     32         13         13            12          5             5               
73     27         8          8             7           3             2               
74     38         11         11            11          5             5               
75     27         11         11            11          3             3               
76     27         9          9             9           4             4               
77     32         6          6             6           1             1               
78     33         12         12            11          5             5               
79     23         6          6             6           1             1               
80     31         5          5             5           1             1               
----------------------------------------------------------------------------------
SUM    2206       545        545           527         189           188             
----------------------------------------------------------------------------------

 Total Ripple Number: ¼

 Detection parameters:
     maximum_peak:    3
     maxRippleLength: 100
     detection_peaks: thrsh
     num_peaks:       3
