Trial  Det1_2SD   Det2_4SD   Det3_MaxLen   Det4_Join   Det5_Cycles   Det6_Artif_Rej  
1      30         8          8             8           4             4               
2      29         3          3             3           0             0               
3      18         2          2             2           2             2               
4      23         5          5             5           0             0               
5      25         3          3             2           2             2               
6      33         7          7             7           2             2               
7      23         4          4             4           2             2               
8      32         5          5             5           3             3               
9      22         8          8             8           2             2               
10     37         11         11            11          2             2               
11     23         4          4             4           1             1               
12     20         9          9             9           7             6               
13     26         3          3             3           1             1               
14     21         7          7             7           1             1               
15     15         4          4             4           0             0               
16     20         8          8             8           2             2               
17     31         7          7             7           1             1               
18     26         8          8             8           3             2               
19     27         4          4             4           3             3               
20     20         5          5             5           4             4               
21     29         6          6             6           3             3               
22     30         7          7             7           4             4               
23     23         3          3             3           2             2               
24     20         3          3             3           1             1               
25     17         3          3             3           0             0               
26     20         5          5             5           1             1               
27     21         5          5             5           1             1               
28     32         10         10            10          3             3               
29     24         5          5             5           1             1               
30     20         4          4             4           1             1               
31     26         4          4             4           1             1               
32     12         2          2             2           1             1               
33     32         7          7             7           1             1               
34     29         5          5             5           1             1               
35     28         3          3             3           1             1               
36     34         12         12            11          6             6               
37     29         9          9             9           3             3               
38     24         7          7             7           2             2               
39     23         6          6             6           3             3               
40     29         9          9             9           2             2               
41     29         3          3             3           3             3               
42     26         1          1             1           0             0               
43     27         7          7             7           3             3               
44     27         4          4             4           2             2               
45     25         6          6             6           3             3               
46     39         9          9             9           3             3               
47     42         9          9             9           4             4               
48     27         2          2             2           1             1               
49     21         7          7             7           4             4               
50     22         8          8             8           6             6               
51     29         6          6             6           2             2               
52     15         3          3             2           1             1               
53     16         6          6             6           2             2               
54     25         5          5             5           2             2               
55     25         9          9             9           2             2               
56     36         7          7             7           1             1               
57     39         11         11            10          3             3               
58     16         4          4             4           2             2               
59     31         6          6             6           3             3               
60     40         12         12            11          7             7               
61     33         7          7             7           2             2               
62     25         8          8             8           3             3               
63     31         6          6             6           2             2               
64     30         6          6             6           1             1               
65     29         6          6             6           3             3               
66     39         5          5             5           3             3               
67     31         5          5             5           1             1               
68     38         6          6             5           3             3               
69     23         6          6             6           4             3               
70     28         5          5             5           3             3               
71     30         7          7             7           3             3               
72     32         10         10            10          3             3               
73     39         8          8             8           1             1               
74     34         9          9             9           4             4               
75     26         9          9             9           2             2               
76     25         5          5             5           3             3               
77     30         7          7             7           6             6               
78     34         7          7             7           3             3               
79     23         3          3             3           1             1               
80     32         9          9             9           4             4               
----------------------------------------------------------------------------------
SUM    2172       489        489           483         189           186             
----------------------------------------------------------------------------------

 Total Ripple Number: º

 Detection parameters:
     maximum_peak:    3
     maxRippleLength: 100
     detection_peaks: thrsh
     num_peaks:       3
