Trial  Det1_2SD   Det2_4SD   Det3_MaxLen   Det4_Join   Det5_Cycles   Det6_Artif_Rej  
1      36         8          8             8           2             2               
2      28         4          4             4           0             0               
3      23         2          2             2           0             0               
4      28         6          6             6           1             1               
5      28         8          8             7           2             2               
6      36         9          9             9           2             2               
7      26         6          6             6           1             1               
8      27         3          3             3           0             0               
9      23         7          7             7           1             1               
10     43         10         10            10          3             3               
11     21         4          4             4           0             0               
12     24         3          3             3           1             1               
13     18         3          3             3           3             3               
14     29         8          8             8           3             3               
15     23         2          2             2           1             1               
16     27         5          5             5           1             1               
17     27         10         10            10          5             5               
18     19         7          7             6           1             1               
19     25         6          6             5           2             2               
20     18         3          3             3           1             1               
21     32         10         10            10          2             2               
22     30         5          5             5           1             1               
23     23         2          2             2           1             1               
24     26         4          4             4           0             0               
25     19         2          2             2           1             1               
26     25         4          4             4           0             0               
27     22         4          4             4           1             1               
28     30         7          7             7           3             3               
29     36         11         11            11          4             4               
30     26         6          6             6           1             1               
31     32         6          6             5           2             2               
32     22         7          7             7           2             2               
33     32         5          5             5           2             2               
34     27         7          7             7           2             2               
35     17         2          2             2           1             1               
36     27         10         10            10          3             3               
37     24         7          7             6           4             4               
38     34         3          3             3           1             1               
39     29         7          7             7           2             2               
40     43         13         13            12          2             2               
41     26         3          3             3           1             1               
42     27         4          4             4           1             1               
43     29         14         14            14          3             3               
44     24         7          7             7           2             2               
45     17         4          4             4           3             3               
46     35         10         10            10          5             5               
47     39         11         11            11          4             4               
48     28         6          6             6           1             1               
49     24         6          6             5           3             3               
50     32         8          8             7           2             2               
51     35         9          9             8           5             5               
52     22         3          3             1           1             1               
53     22         8          8             6           5             5               
54     34         8          8             8           1             1               
55     26         9          9             9           3             3               
56     28         10         10            10          6             6               
57     46         14         14            14          3             3               
58     21         2          2             2           2             2               
59     20         2          2             2           1             1               
60     34         9          9             9           5             5               
61     23         3          3             3           0             0               
62     16         7          7             7           3             3               
63     27         7          7             7           0             0               
64     22         8          8             8           0             0               
65     32         8          8             8           1             1               
66     29         7          7             7           0             0               
67     20         5          5             5           1             1               
68     28         7          7             7           1             1               
69     26         7          7             7           0             0               
70     23         4          4             4           0             0               
71     25         8          8             8           1             1               
72     34         15         15            13          5             5               
73     35         8          8             8           1             1               
74     45         9          9             9           3             3               
75     36         9          9             8           2             2               
76     40         13         13            13          5             5               
77     38         7          7             7           3             3               
78     43         10         10            10          2             2               
79     21         4          4             4           1             1               
80     39         11         11            11          4             4               
----------------------------------------------------------------------------------
SUM    2256       540        540           524         155           155             
----------------------------------------------------------------------------------

 Total Ripple Number: 

 Detection parameters:
     maximum_peak:    3
     maxRippleLength: 100
     detection_peaks: thrsh
     num_peaks:       3
