Trial  Det1_2SD   Det2_4SD   Det3_MaxLen   Det4_Join   Det5_Cycles   Det6_Artif_Rej  
1      37         9          9             9           5             5               
2      31         5          5             4           2             2               
3      20         2          2             2           0             0               
4      24         2          2             2           1             1               
5      31         7          7             7           3             3               
6      28         9          9             9           5             5               
7      26         3          3             3           1             1               
8      25         5          5             5           1             1               
9      29         7          7             7           0             0               
10     35         8          8             8           1             1               
11     21         7          7             7           0             0               
12     32         5          5             5           1             0               
13     29         2          2             2           1             1               
14     17         4          4             4           1             1               
15     18         1          1             1           1             1               
16     30         6          6             5           2             2               
17     30         7          7             7           4             4               
18     21         8          8             7           4             4               
19     22         5          5             4           3             3               
20     15         1          1             1           0             0               
21     25         7          7             7           3             3               
22     31         7          7             7           3             3               
23     12         5          5             5           0             0               
24     20         4          4             4           1             1               
25     32         5          5             5           1             1               
26     24         2          2             2           0             0               
27     19         2          2             2           0             0               
28     34         2          2             2           1             1               
29     25         3          3             3           0             0               
30     25         8          8             8           1             1               
31     34         10         10            10          1             1               
32     24         4          4             4           0             0               
33     36         10         10            10          4             4               
34     26         8          8             8           3             3               
35     26         5          5             5           3             3               
36     21         12         12            11          5             5               
37     27         4          4             4           1             1               
38     33         3          3             3           2             2               
39     26         6          6             6           0             0               
40     37         9          9             9           2             2               
41     19         4          4             4           1             1               
42     32         6          6             6           1             1               
43     32         7          7             7           3             3               
44     21         6          6             6           3             3               
45     22         2          2             2           0             0               
46     42         11         11            11          1             1               
47     45         11         11            11          3             3               
48     28         7          7             7           4             4               
49     17         3          3             3           2             2               
50     15         3          3             3           1             1               
51     34         7          7             7           4             4               
52     23         8          8             7           4             4               
53     33         5          5             5           1             1               
54     32         5          5             5           1             1               
55     34         11         11            11          2             2               
56     40         11         11            11          2             2               
57     46         12         12            12          2             2               
58     27         5          5             5           2             2               
59     20         4          4             4           2             2               
60     31         5          5             5           2             2               
61     26         3          3             3           1             1               
62     29         9          9             9           2             2               
63     24         9          9             9           3             3               
64     30         8          8             8           3             3               
65     20         9          9             9           1             1               
66     39         10         10            10          2             2               
67     31         10         10            10          3             3               
68     24         6          6             6           0             0               
69     32         10         10            10          5             4               
70     27         2          2             2           0             0               
71     25         2          2             2           0             0               
72     29         4          4             4           1             1               
73     40         8          8             8           1             1               
74     36         9          9             9           2             2               
75     28         11         11            11          1             1               
76     28         6          6             6           2             2               
77     39         10         10            10          3             3               
78     40         11         11            11          2             2               
79     23         4          4             4           1             1               
80     26         7          7             7           2             2               
----------------------------------------------------------------------------------
SUM    2247       500        500           494         143           141             
----------------------------------------------------------------------------------

 Total Ripple Number: 

 Detection parameters:
     maximum_peak:    3
     maxRippleLength: 100
     detection_peaks: thrsh
     num_peaks:       3
