Trial  Det1_2SD   Det2_4SD   Det3_MaxLen   Det4_Join   Det5_Cycles   Det6_Artif_Rej  
1      38         16         16            16          10            10              
2      34         14         14            14          7             7               
3      18         3          3             3           2             2               
4      21         4          4             4           1             1               
5      24         5          5             5           2             2               
6      23         5          5             5           2             2               
7      17         3          3             3           3             3               
8      32         4          4             4           2             2               
9      23         3          3             3           1             1               
10     30         9          9             9           3             3               
11     20         8          8             8           5             5               
12     23         5          5             5           3             2               
13     25         4          4             4           3             3               
14     16         5          5             5           1             1               
15     22         2          2             2           1             1               
16     19         3          3             3           2             2               
17     26         5          5             5           2             2               
18     27         10         10            10          7             7               
19     22         5          5             5           4             4               
20     19         5          5             5           2             2               
21     16         5          5             5           2             2               
22     30         6          6             6           2             2               
23     14         4          4             4           4             4               
24     13         2          2             2           1             1               
25     14         3          3             3           0             0               
26     17         1          1             1           0             0               
27     20         2          2             2           1             1               
28     24         4          4             4           2             2               
29     15         2          2             2           1             1               
30     19         2          2             2           1             1               
31     21         5          5             5           4             4               
32     13         1          1             1           0             0               
33     26         5          5             5           3             3               
34     22         5          5             5           3             3               
35     20         3          3             3           1             1               
36     16         3          3             3           2             2               
37     22         6          6             6           4             4               
38     20         7          7             7           5             5               
39     22         8          8             8           3             3               
40     34         14         14            14          6             6               
41     36         7          7             7           4             4               
42     28         10         10            10          3             3               
43     19         6          6             6           2             2               
44     17         2          2             2           2             2               
45     13         2          2             2           2             2               
46     19         7          7             7           2             2               
47     20         7          7             7           5             5               
48     25         6          6             6           4             4               
49     25         8          8             8           3             3               
50     32         9          9             9           6             6               
51     19         6          6             6           4             4               
52     17         3          3             3           1             1               
53     8          3          3             3           3             3               
54     40         12         12            12          9             9               
55     18         5          5             5           4             4               
56     30         10         10            10          5             5               
57     44         17         17            17          11            11              
58     28         4          4             4           3             3               
59     23         2          2             2           0             0               
60     24         6          6             6           4             4               
61     25         5          5             5           3             3               
62     20         5          5             5           3             3               
63     22         8          8             8           6             6               
64     34         12         12            12          6             6               
65     22         6          6             6           4             4               
66     31         10         10            10          4             4               
67     42         15         15            15          7             7               
68     43         11         11            11          7             7               
69     31         9          9             9           6             5               
70     26         9          9             9           4             4               
71     16         3          3             3           2             2               
72     22         4          4             4           1             1               
73     32         7          7             7           6             6               
74     55         18         18            18          9             9               
75     23         10         10            10          5             4               
76     16         3          3             3           1             1               
77     36         8          8             8           7             7               
78     24         8          8             8           5             5               
79     19         6          6             6           2             2               
80     23         7          7             7           4             4               
----------------------------------------------------------------------------------
SUM    1924       502        502           502         277           274             
----------------------------------------------------------------------------------

 Total Ripple Number: Ē

 Detection parameters:
     maximum_peak:    3
     maxRippleLength: 100
     detection_peaks: thrsh
     num_peaks:       3
