Trial  Det1_2SD   Det2_4SD   Det3_MaxLen   Det4_Join   Det5_Cycles   68               101                

t6_Artif_Rej Det7_Spctr_Peak 1      39         9          9             9           3             3                2                  
2      33         0          0             0           0             0                0                  
3      29         4          4             4           2             2                1                  
4      36         8          8             8           2             2                1                  
5      29         5          5             5           1             1                1                  
6      33         5          5             5           0             0                0                  
7      29         8          8             8           2             1                1                  
8      40         14         14            13          6             5                2                  
9      40         16         16            15          5             4                2                  
10     39         9          9             9           4             3                1                  
11     37         7          7             7           5             4                4                  
12     35         16         16            15          7             6                3                  
13     36         14         14            13          6             5                2                  
14     25         7          7             7           2             1                0                  
15     28         4          4             4           1             1                1                  
16     49         11         11            11          7             6                5                  
17     57         15         15            15          8             7                7                  
18     50         18         18            17          9             9                7                  
19     47         18         18            17          7             6                4                  
20     37         10         10            10          4             3                2                  
21     32         8          8             8           5             4                1                  
22     27         1          1             1           0             0                0                  
23     37         6          6             6           2             1                1                  
24     40         12         12            12          7             6                2                  
25     27         8          8             8           4             3                0                  
26     25         6          6             6           4             3                3                  
27     34         11         11            11          4             3                2                  
28     26         7          7             7           2             2                1                  
29     40         9          9             9           4             4                3                  
30     43         15         15            15          6             6                5                  
31     40         13         13            13          8             7                5                  
32     31         7          7             7           5             4                4                  
33     40         6          6             6           4             4                3                  
34     42         8          8             8           4             4                2                  
35     39         7          7             7           2             2                2                  
36     38         11         11            11          5             5                4                  
37     35         12         12            12          4             4                4                  
38     30         7          7             7           2             2                2                  
39     28         8          8             8           3             3                2                  
40     37         11         11            11          5             4                3                  
41     41         14         14            14          5             4                3                  
42     34         6          6             6           2             2                2                  
43     41         7          7             7           2             2                2                  
44     29         4          4             4           3             3                3                  
45     34         8          8             8           2             2                2                  
46     45         14         14            11          6             5                2                  
47     31         11         11            9           6             5                1                  
48     34         12         12            11          5             4                2                  
49     31         15         15            12          7             6                4                  
50     37         10         10            8           5             4                3                  
51     52         14         14            14          8             7                4                  
52     41         7          7             6           2             1                0                  
53     41         8          8             7           4             3                1                  
54     44         13         13            12          6             5                1                  
55     55         20         20            19          4             3                0                  
56     46         17         17            17          3             3                3                  
57     50         17         17            17          10            9                6                  
58     35         12         12            12          8             7                3                  
59     27         8          8             8           2             2                2                  
60     36         11         11            11          3             2                1                  
61     40         16         16            13          8             7                3                  
62     25         7          7             7           2             1                1                  
63     35         8          8             8           4             3                3                  
64     52         9          9             9           4             3                3                  
65     42         10         10            10          5             5                5                  
66     34         6          6             6           3             3                3                  
67     42         17         17            16          10            9                7                  
68     45         19         19            18          13            12               6                  
69     50         18         18            17          9             8                4                  
70     49         14         14            14          3             3                2                  
71     35         8          8             8           3             3                2                  
72     40         9          9             9           4             4                2                  
73     26         5          5             5           0             0                0                  
74     27         4          4             4           1             1                1                  
75     65         20         20            20          6             6                3                  
76     63         18         18            18          5             4                2                  
77     60         20         20            20          7             6                2                  
78     56         19         19            19          7             6                3                  
79     46         9          9             9           5             4                2                  
80     43         8          8             6           2             1                1                  
----------------------------------------------------------------------------------
SUM    3098       843        843           814         355           308              195                

----------------------------------------------------------------------------------

 Total Ripple Number: 195

 Detection parameters:
     maximum_peak:    3
     maxRippleLength: 100
     detection_peaks: thrsh
     num_peaks:       3
