Trial  Det1_2SD   Det2_4SD   Det3_MaxLen   Det4_Join   Det5_Cycles   68               101                

t6_Artif_Rej Det7_Spctr_Peak 1      33         7          7             7           1             1                1                  
2      31         8          8             8           0             0                0                  
3      36         4          4             4           1             1                1                  
4      47         11         11            11          2             2                2                  
5      36         8          8             8           1             1                1                  
6      41         12         12            12          4             4                4                  
7      37         6          6             6           2             1                1                  
8      37         8          8             7           4             3                2                  
9      52         14         14            14          7             6                6                  
10     57         11         11            11          6             5                5                  
11     43         5          5             5           3             2                2                  
12     43         10         10            10          3             2                2                  
13     52         15         15            15          3             2                1                  
14     45         13         13            13          3             2                2                  
15     37         5          5             5           3             2                2                  
16     50         9          9             8           2             1                1                  
17     65         10         10            9           3             2                1                  
18     61         13         13            13          5             4                3                  
19     53         13         13            12          4             3                2                  
20     39         9          9             8           2             1                1                  
21     46         12         12            12          4             3                2                  
22     37         5          5             5           3             3                3                  
23     45         4          4             4           1             1                1                  
24     38         8          8             8           4             3                3                  
25     34         10         10            10          4             3                3                  
26     42         11         11            11          3             2                2                  
27     28         9          9             9           3             3                3                  
28     35         7          7             7           2             2                2                  
29     52         13         13            13          3             2                1                  
30     43         5          5             5           2             2                1                  
31     29         5          5             5           3             2                2                  
32     35         8          8             8           3             2                2                  
33     38         11         11            11          2             1                1                  
34     37         10         10            10          3             2                1                  
35     46         9          9             9           2             2                2                  
36     45         13         13            13          2             2                2                  
37     45         13         13            13          5             4                4                  
38     34         7          7             7           3             2                2                  
39     30         3          3             3           3             3                1                  
40     33         12         12            12          8             7                3                  
41     36         12         12            12          6             5                3                  
42     34         10         10            10          3             2                2                  
43     41         6          6             6           2             1                1                  
44     28         2          2             2           0             0                0                  
45     37         10         10            10          2             2                1                  
46     50         23         23            22          10            9                3                  
47     36         18         18            16          9             8                2                  
48     32         9          9             9           6             5                3                  
49     30         12         12            11          5             4                1                  
50     35         10         10            10          4             3                2                  
51     39         8          8             8           5             4                3                  
52     40         10         10            9           7             6                5                  
53     47         13         13            12          8             7                5                  
54     55         17         17            16          7             6                5                  
55     52         19         19            18          7             6                5                  
56     44         14         14            14          9             8                6                  
57     45         19         19            19          13            12               9                  
58     40         10         10            10          4             3                1                  
59     29         6          6             6           1             1                1                  
60     34         11         11            10          5             4                3                  
61     35         17         17            14          9             8                3                  
62     34         10         10            10          3             3                1                  
63     37         11         11            11          5             4                1                  
64     35         6          6             5           2             1                0                  
65     36         7          7             7           1             1                1                  
66     36         7          7             7           2             2                2                  
67     44         13         13            13          5             4                1                  
68     47         19         19            19          11            10               5                  
69     39         19         19            18          11            10               4                  
70     41         9          9             9           1             1                1                  
71     39         6          6             6           1             1                0                  
72     54         8          8             8           4             4                3                  
73     43         8          8             8           3             3                3                  
74     34         5          5             5           2             2                2                  
75     56         17         17            17          9             9                6                  
76     54         15         15            14          5             4                2                  
77     58         18         18            17          8             7                6                  
78     43         16         16            16          7             6                4                  
79     35         15         15            14          4             3                1                  
80     26         7          7             7           4             3                2                  
----------------------------------------------------------------------------------
SUM    3277       838        838           816         332           278              190                

----------------------------------------------------------------------------------

 Total Ripple Number: 190

 Detection parameters:
     maximum_peak:    3
     maxRippleLength: 100
     detection_peaks: thrsh
     num_peaks:       3
