Trial  Det1_2SD   Det2_4SD   Det3_MaxLen   Det4_Join   Det5_Cycles   68               101                
t6_Artif_Rej Det7_Spctr_Peak 1      1          0          0             0           0             0                0                  
2      0          0          0             0           0             0                0                  
3      0          0          0             0           0             0                0                  
4      1          0          0             0           0             0                0                  
5      0          0          0             0           0             0                0                  
6      1          0          0             0           0             0                0                  
7      1          0          0             0           0             0                0                  
8      0          0          0             0           0             0                0                  
9      0          0          0             0           0             0                0                  
10     1          0          0             0           0             0                0                  
11     1          0          0             0           0             0                0                  
12     0          0          0             0           0             0                0                  
13     1          0          0             0           0             0                0                  
14     0          0          0             0           0             0                0                  
15     0          0          0             0           0             0                0                  
16     1          0          0             0           0             0                0                  
17     1          0          0             0           0             0                0                  
18     0          0          0             0           0             0                0                  
19     1          1          1             1           1             1                0                  
20     0          0          0             0           0             0                0                  
21     0          0          0             0           0             0                0                  
22     0          0          0             0           0             0                0                  
23     0          0          0             0           0             0                0                  
24     0          0          0             0           0             0                0                  
25     1          0          0             0           0             0                0                  
26     0          0          0             0           0             0                0                  
27     0          0          0             0           0             0                0                  
28     3          0          0             0           0             0                0                  
29     2          0          0             0           0             0                0                  
30     0          0          0             0           0             0                0                  
31     0          0          0             0           0             0                0                  
32     0          0          0             0           0             0                0                  
33     20         8          7             6           6             6                5                  
34     0          0          0             0           0             0                0                  
35     0          0          0             0           0             0                0                  
36     1          0          0             0           0             0                0                  
37     0          0          0             0           0             0                0                  
38     1          0          0             0           0             0                0                  
39     9          5          3             3           3             3                3                  
40     5          5          3             3           3             3                2                  
41     7          6          4             4           3             3                1                  
42     3          1          1             1           0             0                0                  
43     11         9          7             4           4             4                4                  
44     13         8          6             4           4             4                2                  
45     6          4          3             2           2             2                1                  
46     10         6          5             4           4             4                3                  
47     0          0          0             0           0             0                0                  
48     11         10         9             6           6             6                5                  
49     8          7          5             5           3             3                3                  
50     0          0          0             0           0             0                0                  
51     8          5          4             3           3             3                3                  
52     7          6          3             2           2             2                1                  
53     5          4          2             2           1             1                1                  
54     5          4          1             1           1             1                0                  
55     0          0          0             0           0             0                0                  
56     0          0          0             0           0             0                0                  
57     11         9          7             5           5             5                3                  
58     0          0          0             0           0             0                0                  
59     12         8          5             4           4             4                4                  
60     13         10         7             6           6             5                4                  
61     2          2          2             1           1             1                1                  
62     9          7          3             3           3             3                3                  
63     0          0          0             0           0             0                0                  
64     11         10         8             2           2             2                1                  
65     1          0          0             0           0             0                0                  
66     10         7          3             3           2             1                1                  
67     0          0          0             0           0             0                0                  
68     11         5          4             4           3             3                3                  
69     11         6          5             4           2             2                1                  
70     6          4          3             3           2             2                1                  
71     8          6          3             2           2             2                1                  
72     0          0          0             0           0             0                0                  
73     9          8          5             3           2             2                1                  
74     0          0          0             0           0             0                0                  
75     0          0          0             0           0             0                0                  
76     18         12         11            7           7             6                5                  
77     0          0          0             0           0             0                0                  
78     10         7          4             3           2             2                2                  
79     5          5          3             2           2             2                2                  
80     5          5          3             2           2             2                2                  
----------------------------------------------------------------------------------
SUM    298        200        140           105         93            90               69                 
----------------------------------------------------------------------------------

 Total Ripple Number: E

 Detection parameters:
     maximum_peak:    4
     maxRippleLength: 100
     detection_peaks: peaks
     num_peaks:       3
