Trial  Det1_2SD   Det2_4SD   Det3_MaxLen   Det4_Join   Det5_Cycles   68               101                
t6_Artif_Rej Det7_Spctr_Peak 1      12         0          0             0           0             0                0                  
2      9          0          0             0           0             0                0                  
3      12         0          0             0           0             0                0                  
4      17         0          0             0           0             0                0                  
5      13         0          0             0           0             0                0                  
6      10         0          0             0           0             0                0                  
7      16         0          0             0           0             0                0                  
8      16         0          0             0           0             0                0                  
9      6          0          0             0           0             0                0                  
10     18         0          0             0           0             0                0                  
11     12         0          0             0           0             0                0                  
12     5          0          0             0           0             0                0                  
13     15         0          0             0           0             0                0                  
14     12         0          0             0           0             0                0                  
15     9          0          0             0           0             0                0                  
16     9          0          0             0           0             0                0                  
17     9          0          0             0           0             0                0                  
18     9          0          0             0           0             0                0                  
19     10         0          0             0           0             0                0                  
20     20         0          0             0           0             0                0                  
21     16         0          0             0           0             0                0                  
22     14         0          0             0           0             0                0                  
23     16         0          0             0           0             0                0                  
24     17         0          0             0           0             0                0                  
25     12         0          0             0           0             0                0                  
26     11         0          0             0           0             0                0                  
27     12         0          0             0           0             0                0                  
28     13         0          0             0           0             0                0                  
29     11         0          0             0           0             0                0                  
30     14         1          1             1           0             0                0                  
31     10         0          0             0           0             0                0                  
32     5          0          0             0           0             0                0                  
33     20         5          5             5           5             5                4                  
34     6          0          0             0           0             0                0                  
35     3          0          0             0           0             0                0                  
36     11         0          0             0           0             0                0                  
37     11         0          0             0           0             0                0                  
38     15         1          1             1           1             1                1                  
39     30         9          9             9           8             8                6                  
40     29         8          8             8           7             7                5                  
41     25         2          2             2           1             1                1                  
42     13         1          1             1           1             1                0                  
43     22         11         10            9           6             6                6                  
44     23         10         10            10          7             7                7                  
45     19         8          8             8           4             4                4                  
46     25         10         9             9           7             7                5                  
47     8          0          0             0           0             0                0                  
48     22         7          6             5           3             3                3                  
49     23         5          4             4           4             4                3                  
50     11         0          0             0           0             0                0                  
51     25         5          5             5           4             4                4                  
52     23         7          7             6           5             5                5                  
53     15         5          5             5           4             4                3                  
54     21         9          9             9           7             7                6                  
55     9          0          0             0           0             0                0                  
56     10         0          0             0           0             0                0                  
57     35         8          8             7           7             7                5                  
58     12         0          0             0           0             0                0                  
59     27         10         10            7           7             7                5                  
60     30         12         12            7           7             7                6                  
61     6          0          0             0           0             0                0                  
62     30         11         11            7           6             6                6                  
63     10         0          0             0           0             0                0                  
64     31         9          9             8           5             5                4                  
65     15         0          0             0           0             0                0                  
66     37         12         12            12          9             9                7                  
67     11         0          0             0           0             0                0                  
68     21         9          9             7           7             7                5                  
69     22         5          5             5           3             3                2                  
70     13         2          2             2           0             0                0                  
71     18         9          9             8           8             8                6                  
72     10         0          0             0           0             0                0                  
73     23         8          8             8           7             6                5                  
74     9          0          0             0           0             0                0                  
75     8          0          0             0           0             0                0                  
76     33         14         14            11          10            9                5                  
77     6          0          0             0           0             0                0                  
78     26         8          8             7           7             7                6                  
79     22         6          6             6           4             4                3                  
80     21         6          6             6           5             5                4                  
----------------------------------------------------------------------------------
SUM    1285       233        229           205         166           164              132                
----------------------------------------------------------------------------------

 Total Ripple Number: 

 Detection parameters:
     maximum_peak:    4
     maxRippleLength: 100
     detection_peaks: peaks
     num_peaks:       3
