Trial  Det1_2SD   Det2_4SD   Det3_MaxLen   Det4_Join   Det5_Cycles   68               101                
t6_Artif_Rej Det7_Spctr_Peak 1      26         2          2             2           2             2                2                  
2      33         2          1             1           0             0                0                  
3      30         1          1             1           0             0                0                  
4      36         4          4             4           3             3                2                  
5      25         2          2             2           2             2                2                  
6      30         1          1             1           1             1                0                  
7      30         3          3             3           1             1                1                  
8      32         4          4             4           2             2                2                  
9      26         3          3             3           1             1                1                  
10     37         1          1             1           0             0                0                  
11     43         1          1             1           1             1                0                  
12     39         2          2             2           2             2                0                  
13     28         1          1             1           1             1                0                  
14     24         1          1             1           1             1                1                  
15     32         2          2             2           0             0                0                  
16     28         2          2             2           0             0                0                  
17     26         2          2             2           1             1                1                  
18     25         2          2             2           2             2                1                  
19     27         2          2             2           1             1                1                  
20     20         0          0             0           0             0                0                  
21     26         0          0             0           0             0                0                  
22     38         0          0             0           0             0                0                  
23     26         1          1             1           0             0                0                  
24     28         4          4             4           2             2                2                  
25     19         2          2             2           1             1                1                  
26     15         1          1             1           0             0                0                  
27     26         0          0             0           0             0                0                  
28     19         0          0             0           0             0                0                  
29     27         1          1             1           0             0                0                  
30     33         1          1             1           1             1                1                  
31     24         2          2             2           1             1                1                  
32     16         1          1             1           0             0                0                  
33     38         2          2             2           1             1                1                  
34     32         0          0             0           0             0                0                  
35     21         1          1             1           0             0                0                  
36     24         0          0             0           0             0                0                  
37     33         1          1             1           0             0                0                  
38     34         2          2             2           0             0                0                  
39     35         2          2             2           1             1                1                  
40     26         2          2             2           1             1                1                  
41     18         0          0             0           0             0                0                  
42     23         2          2             2           1             1                0                  
43     32         0          0             0           0             0                0                  
44     22         0          0             0           0             0                0                  
45     19         0          0             0           0             0                0                  
46     18         1          1             1           0             0                0                  
47     25         1          1             1           1             1                0                  
48     27         5          5             5           3             3                0                  
49     24         1          1             1           1             1                0                  
50     28         1          1             1           0             0                0                  
51     32         1          1             1           0             0                0                  
52     34         1          1             1           1             1                1                  
53     37         4          4             4           2             2                2                  
54     34         3          3             3           2             2                2                  
55     31         1          1             1           0             0                0                  
56     33         1          1             1           0             0                0                  
57     32         2          2             2           0             0                0                  
58     26         3          3             3           0             0                0                  
59     33         1          1             1           0             0                0                  
60     36         0          0             0           0             0                0                  
61     24         0          0             0           0             0                0                  
62     32         2          2             2           2             2                2                  
63     21         1          1             1           0             0                0                  
64     25         2          2             2           1             1                1                  
65     38         1          1             1           1             1                1                  
66     32         2          2             2           0             0                0                  
67     28         1          1             1           1             1                1                  
68     28         1          1             1           0             0                0                  
69     32         1          1             1           0             0                0                  
70     33         0          0             0           0             0                0                  
71     32         1          1             1           0             0                0                  
72     19         0          0             0           0             0                0                  
73     22         2          2             2           1             1                0                  
74     21         2          2             2           1             1                0                  
75     33         3          3             3           1             1                1                  
76     35         4          4             3           3             3                2                  
77     28         3          3             3           1             1                1                  
78     34         1          1             1           1             1                1                  
79     29         2          2             2           0             0                0                  
80     36         2          2             2           0             0                0                  
----------------------------------------------------------------------------------
SUM    2283       120        119           118         53            53               37                 
----------------------------------------------------------------------------------

 Total Ripple Number: %

 Detection parameters:
     maximum_peak:    4
     maxRippleLength: 100
     detection_peaks: peaks
     num_peaks:       3
