Trial  Det1_2SD   Det2_4SD   Det3_MaxLen   Det4_Join   Det5_Cycles   68               101                
t6_Artif_Rej Det7_Spctr_Peak 1      35         0          0             0           0             0                0                  
2      25         1          1             1           0             0                0                  
3      22         0          0             0           0             0                0                  
4      25         1          1             1           0             0                0                  
5      32         0          0             0           0             0                0                  
6      25         2          2             2           0             0                0                  
7      23         0          0             0           0             0                0                  
8      24         0          0             0           0             0                0                  
9      22         0          0             0           0             0                0                  
10     28         1          1             1           1             1                1                  
11     29         0          0             0           0             0                0                  
12     29         0          0             0           0             0                0                  
13     28         0          0             0           0             0                0                  
14     17         0          0             0           0             0                0                  
15     22         1          1             1           1             1                1                  
16     26         1          1             1           1             1                1                  
17     31         0          0             0           0             0                0                  
18     28         2          2             2           0             0                0                  
19     38         1          1             1           1             1                1                  
20     23         0          0             0           0             0                0                  
21     28         0          0             0           0             0                0                  
22     35         1          1             1           1             1                1                  
23     37         1          1             1           0             0                0                  
24     20         0          0             0           0             0                0                  
25     25         0          0             0           0             0                0                  
26     32         0          0             0           0             0                0                  
27     27         0          0             0           0             0                0                  
28     32         1          1             1           0             0                0                  
29     20         1          1             1           1             1                1                  
30     35         1          1             1           1             1                1                  
31     27         1          1             1           1             1                0                  
32     22         2          2             2           1             1                0                  
33     29         3          3             2           1             1                1                  
34     25         0          0             0           0             0                0                  
35     21         1          1             1           1             1                1                  
36     27         0          0             0           0             0                0                  
37     28         0          0             0           0             0                0                  
38     32         1          1             1           0             0                0                  
39     33         0          0             0           0             0                0                  
40     39         0          0             0           0             0                0                  
41     33         0          0             0           0             0                0                  
42     26         3          3             3           1             1                1                  
43     45         1          1             1           1             1                1                  
44     33         0          0             0           0             0                0                  
45     29         2          2             2           0             0                0                  
46     27         0          0             0           0             0                0                  
47     17         0          0             0           0             0                0                  
48     42         2          2             2           0             0                0                  
49     40         1          1             1           0             0                0                  
50     27         0          0             0           0             0                0                  
51     32         1          1             1           0             0                0                  
52     30         0          0             0           0             0                0                  
53     27         2          2             2           2             2                1                  
54     26         2          2             2           1             1                0                  
55     35         1          1             1           0             0                0                  
56     25         0          0             0           0             0                0                  
57     23         1          1             1           1             1                1                  
58     23         2          2             2           2             2                2                  
59     36         2          2             2           1             1                1                  
60     29         2          2             2           0             0                0                  
61     22         1          1             1           0             0                0                  
62     35         0          0             0           0             0                0                  
63     27         1          1             1           0             0                0                  
64     18         0          0             0           0             0                0                  
65     33         0          0             0           0             0                0                  
66     27         0          0             0           0             0                0                  
67     29         0          0             0           0             0                0                  
68     29         0          0             0           0             0                0                  
69     29         1          1             1           1             1                1                  
70     22         0          0             0           0             0                0                  
71     23         0          0             0           0             0                0                  
72     27         0          0             0           0             0                0                  
73     32         0          0             0           0             0                0                  
74     31         0          0             0           0             0                0                  
75     31         0          0             0           0             0                0                  
76     22         0          0             0           0             0                0                  
77     31         0          0             0           0             0                0                  
78     35         0          0             0           0             0                0                  
79     37         3          3             3           1             1                1                  
80     41         4          4             4           1             1                1                  
----------------------------------------------------------------------------------
SUM    2292       55         55            54          23            23               19                 
----------------------------------------------------------------------------------

 Total Ripple Number: 

 Detection parameters:
     maximum_peak:    4
     maxRippleLength: 100
     detection_peaks: peaks
     num_peaks:       3
