Trial  Det1_2SD   Det2_4SD   Det3_MaxLen   Det4_Join   Det5_Cycles   68               101                
t6_Artif_Rej Det7_Spctr_Peak 1      36         1          1             1           0             0                0                  
2      33         0          0             0           0             0                0                  
3      34         0          0             0           0             0                0                  
4      45         0          0             0           0             0                0                  
5      35         1          1             1           0             0                0                  
6      24         1          1             1           0             0                0                  
7      22         2          2             2           0             0                0                  
8      28         2          2             2           0             0                0                  
9      28         0          0             0           0             0                0                  
10     37         0          0             0           0             0                0                  
11     29         0          0             0           0             0                0                  
12     24         1          1             1           0             0                0                  
13     37         2          2             2           2             2                1                  
14     32         0          0             0           0             0                0                  
15     28         2          2             2           0             0                0                  
16     32         1          1             1           0             0                0                  
17     33         0          0             0           0             0                0                  
18     37         2          2             2           0             0                0                  
19     30         1          1             1           0             0                0                  
20     27         3          3             3           1             1                1                  
21     23         1          1             1           0             0                0                  
22     28         1          1             1           1             1                0                  
23     24         0          0             0           0             0                0                  
24     28         1          1             1           0             0                0                  
25     23         0          0             0           0             0                0                  
26     24         0          0             0           0             0                0                  
27     26         1          1             1           0             0                0                  
28     28         1          1             1           0             0                0                  
29     25         0          0             0           0             0                0                  
30     25         1          1             1           0             0                0                  
31     24         2          2             2           0             0                0                  
32     16         1          1             1           1             1                0                  
33     36         1          1             1           1             1                1                  
34     26         0          0             0           0             0                0                  
35     24         1          1             1           0             0                0                  
36     34         1          1             1           1             1                0                  
37     33         0          0             0           0             0                0                  
38     31         2          2             2           1             1                1                  
39     26         2          2             2           1             1                1                  
40     30         1          1             1           0             0                0                  
41     32         0          0             0           0             0                0                  
42     25         0          0             0           0             0                0                  
43     25         1          1             1           0             0                0                  
44     18         1          1             1           0             0                0                  
45     24         1          1             1           0             0                0                  
46     24         0          0             0           0             0                0                  
47     27         0          0             0           0             0                0                  
48     40         1          1             1           0             0                0                  
49     29         1          1             1           1             1                1                  
50     23         3          3             3           1             1                1                  
51     23         2          2             2           2             2                1                  
52     21         0          0             0           0             0                0                  
53     31         0          0             0           0             0                0                  
54     20         0          0             0           0             0                0                  
55     28         0          0             0           0             0                0                  
56     26         1          1             1           0             0                0                  
57     28         2          2             2           1             1                1                  
58     24         0          0             0           0             0                0                  
59     34         0          0             0           0             0                0                  
60     34         1          1             1           1             1                1                  
61     29         2          2             2           2             2                2                  
62     30         1          1             1           0             0                0                  
63     26         0          0             0           0             0                0                  
64     24         1          1             1           0             0                0                  
65     30         0          0             0           0             0                0                  
66     30         1          1             1           1             1                1                  
67     27         0          0             0           0             0                0                  
68     20         0          0             0           0             0                0                  
69     39         1          1             1           1             1                1                  
70     31         3          3             3           1             1                1                  
71     17         0          0             0           0             0                0                  
72     20         0          0             0           0             0                0                  
73     24         0          0             0           0             0                0                  
74     30         0          0             0           0             0                0                  
75     22         1          1             1           0             0                0                  
76     22         0          0             0           0             0                0                  
77     30         0          0             0           0             0                0                  
78     28         1          1             1           1             1                1                  
79     38         0          0             0           0             0                0                  
80     42         1          1             1           1             1                1                  
----------------------------------------------------------------------------------
SUM    2260       62         62            62          22            22               17                 
----------------------------------------------------------------------------------

 Total Ripple Number: 

 Detection parameters:
     maximum_peak:    4
     maxRippleLength: 100
     detection_peaks: peaks
     num_peaks:       3
