Trial  Det1_2SD   Det2_4SD   Det3_MaxLen   Det4_Join   Det5_Cycles   68               101                
t6_Artif_Rej Det7_Spctr_Peak 1      30         1          1             1           1             1                1                  
2      26         0          0             0           0             0                0                  
3      27         1          1             1           1             1                1                  
4      17         1          1             1           1             1                1                  
5      31         0          0             0           0             0                0                  
6      23         0          0             0           0             0                0                  
7      27         1          1             1           0             0                0                  
8      27         1          1             1           0             0                0                  
9      25         2          2             2           0             0                0                  
10     28         0          0             0           0             0                0                  
11     32         0          0             0           0             0                0                  
12     29         0          0             0           0             0                0                  
13     30         0          0             0           0             0                0                  
14     32         0          0             0           0             0                0                  
15     36         0          0             0           0             0                0                  
16     29         0          0             0           0             0                0                  
17     30         1          1             1           1             1                1                  
18     33         0          0             0           0             0                0                  
19     28         0          0             0           0             0                0                  
20     30         3          3             3           1             1                1                  
21     26         1          1             1           1             1                1                  
22     33         1          1             1           0             0                0                  
23     32         1          1             1           0             0                0                  
24     26         0          0             0           0             0                0                  
25     32         0          0             0           0             0                0                  
26     30         0          0             0           0             0                0                  
27     31         1          1             1           1             1                0                  
28     30         1          1             1           1             1                0                  
29     24         0          0             0           0             0                0                  
30     24         2          2             2           1             1                1                  
31     17         0          0             0           0             0                0                  
32     27         0          0             0           0             0                0                  
33     29         0          0             0           0             0                0                  
34     23         1          1             1           0             0                0                  
35     19         2          2             2           0             0                0                  
36     26         2          2             2           1             1                1                  
37     31         2          2             2           1             1                1                  
38     27         1          1             1           0             0                0                  
39     29         2          2             2           0             0                0                  
40     38         2          2             2           1             1                1                  
41     24         3          3             3           2             2                2                  
42     28         0          0             0           0             0                0                  
43     26         1          1             1           1             1                1                  
44     17         0          0             0           0             0                0                  
45     22         0          0             0           0             0                0                  
46     26         2          2             2           1             1                1                  
47     27         0          0             0           0             0                0                  
48     24         0          0             0           0             0                0                  
49     35         0          0             0           0             0                0                  
50     30         0          0             0           0             0                0                  
51     31         1          1             1           0             0                0                  
52     32         0          0             0           0             0                0                  
53     26         1          1             1           1             1                1                  
54     37         1          1             1           1             1                1                  
55     33         1          1             1           1             1                1                  
56     31         1          1             1           1             1                1                  
57     31         0          0             0           0             0                0                  
58     37         0          0             0           0             0                0                  
59     30         0          0             0           0             0                0                  
60     29         1          1             1           1             1                1                  
61     24         1          1             1           0             0                0                  
62     39         2          2             2           0             0                0                  
63     38         1          1             1           0             0                0                  
64     32         1          1             1           1             1                1                  
65     31         0          0             0           0             0                0                  
66     17         0          0             0           0             0                0                  
67     25         0          0             0           0             0                0                  
68     27         0          0             0           0             0                0                  
69     24         0          0             0           0             0                0                  
70     23         1          1             1           0             0                0                  
71     28         1          1             1           0             0                0                  
72     25         0          0             0           0             0                0                  
73     20         1          1             1           0             0                0                  
74     21         0          0             0           0             0                0                  
75     29         0          0             0           0             0                0                  
76     25         1          1             1           1             1                1                  
77     35         1          1             1           1             1                1                  
78     20         1          1             1           1             1                1                  
79     27         1          1             1           0             0                0                  
80     28         1          1             1           0             0                0                  
----------------------------------------------------------------------------------
SUM    2238       55         55            55          25            25               23                 
----------------------------------------------------------------------------------

 Total Ripple Number: 

 Detection parameters:
     maximum_peak:    4
     maxRippleLength: 100
     detection_peaks: peaks
     num_peaks:       3
