Trial  Det1_2SD   Det2_4SD   Det3_MaxLen   Det4_Join   Det5_Cycles   68               101                
t6_Artif_Rej Det7_Spctr_Peak 1      36         1          1             1           1             1                0                  
2      44         3          3             3           0             0                0                  
3      40         4          4             4           0             0                0                  
4      28         0          0             0           0             0                0                  
5      30         4          4             4           2             2                1                  
6      30         0          0             0           0             0                0                  
7      31         0          0             0           0             0                0                  
8      31         0          0             0           0             0                0                  
9      32         0          0             0           0             0                0                  
10     40         3          3             3           1             1                0                  
11     34         0          0             0           0             0                0                  
12     30         0          0             0           0             0                0                  
13     34         1          1             1           0             0                0                  
14     30         1          1             1           0             0                0                  
15     29         1          1             1           0             0                0                  
16     29         0          0             0           0             0                0                  
17     43         0          0             0           0             0                0                  
18     44         0          0             0           0             0                0                  
19     27         1          1             1           1             1                1                  
20     27         1          1             1           0             0                0                  
21     32         1          1             1           0             0                0                  
22     30         1          1             1           0             0                0                  
23     38         1          1             1           0             0                0                  
24     31         0          0             0           0             0                0                  
25     31         1          1             1           1             1                1                  
26     32         1          1             1           0             0                0                  
27     22         3          3             3           2             2                0                  
28     30         0          0             0           0             0                0                  
29     28         0          0             0           0             0                0                  
30     42         1          1             1           0             0                0                  
31     27         1          1             1           0             0                0                  
32     29         0          0             0           0             0                0                  
33     36         1          1             1           1             1                1                  
34     33         1          1             1           1             1                1                  
35     34         2          2             2           0             0                0                  
36     25         1          1             1           0             0                0                  
37     32         0          0             0           0             0                0                  
38     25         0          0             0           0             0                0                  
39     29         1          1             1           0             0                0                  
40     24         0          0             0           0             0                0                  
41     31         0          0             0           0             0                0                  
42     30         0          0             0           0             0                0                  
43     31         0          0             0           0             0                0                  
44     33         1          1             1           0             0                0                  
45     28         1          1             1           1             1                1                  
46     31         0          0             0           0             0                0                  
47     30         1          1             1           0             0                0                  
48     40         2          2             2           1             1                1                  
49     22         1          1             1           0             0                0                  
50     19         1          1             1           0             0                0                  
51     25         2          2             2           0             0                0                  
52     31         0          0             0           0             0                0                  
53     25         2          2             2           0             0                0                  
54     21         0          0             0           0             0                0                  
55     16         0          0             0           0             0                0                  
56     26         0          0             0           0             0                0                  
57     29         0          0             0           0             0                0                  
58     26         0          0             0           0             0                0                  
59     32         2          2             2           0             0                0                  
60     24         1          1             1           0             0                0                  
61     36         1          1             1           1             1                1                  
62     35         2          2             2           2             2                2                  
63     32         4          4             4           1             1                1                  
64     17         0          0             0           0             0                0                  
65     27         1          1             1           1             1                0                  
66     25         0          0             0           0             0                0                  
67     32         1          1             1           1             1                1                  
68     26         0          0             0           0             0                0                  
69     22         2          2             2           0             0                0                  
70     25         1          1             1           0             0                0                  
71     30         0          0             0           0             0                0                  
72     27         3          3             3           1             0                0                  
73     26         1          1             1           1             1                1                  
74     26         0          0             0           0             0                0                  
75     24         2          2             2           1             1                0                  
76     29         1          1             1           1             1                0                  
77     22         0          0             0           0             0                0                  
78     22         0          0             0           0             0                0                  
79     36         0          0             0           0             0                0                  
80     37         1          1             1           0             0                0                  
----------------------------------------------------------------------------------
SUM    2385       70         70            70          22            21               13                 
----------------------------------------------------------------------------------

 Total Ripple Number: 

 Detection parameters:
     maximum_peak:    4
     maxRippleLength: 100
     detection_peaks: peaks
     num_peaks:       3
