Trial  Det1_2SD   Det2_4SD   Det3_MaxLen   Det4_Join   Det5_Cycles   68               101                
t6_Artif_Rej Det7_Spctr_Peak 1      36         4          4             4           2             2                2                  
2      22         3          3             3           1             1                1                  
3      31         5          5             5           1             1                1                  
4      27         7          7             6           3             3                3                  
5      35         4          4             4           1             1                1                  
6      41         11         11            11          1             1                1                  
7      20         8          8             8           3             3                3                  
8      20         9          9             9           6             6                4                  
9      29         9          9             9           4             4                3                  
10     25         6          6             6           4             4                4                  
11     29         11         11            11          4             4                2                  
12     21         7          7             7           3             3                1                  
13     35         12         12            12          7             7                3                  
14     22         5          5             5           3             2                1                  
15     27         10         10            10          4             4                2                  
16     34         9          9             8           2             2                1                  
17     35         6          6             6           2             2                2                  
18     46         11         11            11          5             5                4                  
19     20         3          3             3           0             0                0                  
20     24         7          7             7           1             1                1                  
21     25         7          7             7           4             4                1                  
22     40         5          5             5           1             1                1                  
23     30         7          7             7           1             1                0                  
24     33         10         10            10          4             4                2                  
25     24         2          2             2           2             2                2                  
26     21         6          6             6           3             3                2                  
27     22         8          8             8           2             2                1                  
28     15         4          4             4           0             0                0                  
29     28         11         11            11          5             5                4                  
30     28         7          7             7           3             3                3                  
31     32         12         12            11          6             6                4                  
32     28         2          2             2           2             2                1                  
33     26         5          5             5           5             5                4                  
34     22         3          3             3           1             1                0                  
35     21         2          2             2           0             0                0                  
36     23         2          2             2           1             1                1                  
37     32         6          6             6           0             0                0                  
38     27         4          4             4           0             0                0                  
39     17         1          1             1           0             0                0                  
40     33         8          8             8           5             4                3                  
41     25         8          8             8           7             6                1                  
42     34         4          4             4           3             3                2                  
43     28         9          9             9           3             3                3                  
44     19         4          4             4           0             0                0                  
45     23         4          4             4           0             0                0                  
46     39         13         13            13          6             6                3                  
47     21         11         11            11          5             5                1                  
48     24         7          7             6           3             3                1                  
49     24         8          8             6           6             5                2                  
50     17         2          2             2           1             1                0                  
51     35         11         11            11          3             3                3                  
52     22         10         10            10          6             6                4                  
53     35         9          9             9           7             6                4                  
54     45         11         11            11          5             5                3                  
55     40         9          9             9           2             2                1                  
56     27         6          6             6           3             3                2                  
57     34         10         10            10          7             7                4                  
58     36         13         13            11          7             6                2                  
59     29         5          5             5           3             3                3                  
60     31         10         10            9           4             4                3                  
61     36         10         10            7           5             5                1                  
62     27         6          6             6           2             2                2                  
63     29         3          3             3           1             1                1                  
64     31         5          5             5           3             3                2                  
65     34         7          7             7           2             2                2                  
66     23         3          3             3           0             0                0                  
67     19         4          4             4           2             2                1                  
68     23         14         14            14          8             7                3                  
69     31         11         11            11          6             5                1                  
70     26         11         11            11          3             3                2                  
71     20         6          6             6           4             4                3                  
72     36         9          9             9           4             4                3                  
73     24         4          4             4           1             1                1                  
74     24         3          3             3           0             0                0                  
75     51         11         11            11          5             5                3                  
76     27         5          5             5           1             1                0                  
77     32         6          6             6           3             3                1                  
78     24         4          4             4           3             3                3                  
79     29         9          9             9           5             4                0                  
80     20         4          4             4           4             4                0                  
----------------------------------------------------------------------------------
SUM    2260       558        558           546         245           236              140                
----------------------------------------------------------------------------------

 Total Ripple Number: 

 Detection parameters:
     maximum_peak:    3
     maxRippleLength: 100
     detection_peaks: thrsh
     num_peaks:       3
