Trial  Det1_2SD   Det2_4SD   Det3_MaxLen   Det4_Join   Det5_Cycles   Det6_Artif_Rej  
1      19         5          5             5           3             3               
2      30         10         10            10          3             3               
3      40         10         10            10          1             1               
4      18         1          1             1           0             0               
5      32         10         10            10          3             3               
6      26         8          8             8           1             1               
7      25         5          5             5           3             3               
8      25         7          7             6           3             3               
9      34         8          8             8           2             2               
10     32         13         13            13          3             2               
11     30         6          6             6           2             2               
12     14         5          5             5           1             1               
13     29         5          5             4           3             3               
14     37         6          6             6           3             3               
15     32         7          7             7           2             1               
16     24         5          5             5           1             1               
17     22         4          4             4           1             1               
18     28         7          7             7           3             3               
19     29         4          4             4           2             2               
20     30         12         12            12          4             3               
21     41         12         12            12          5             5               
22     25         7          7             7           1             1               
23     28         8          8             8           1             1               
24     38         12         12            12          6             6               
25     20         7          7             7           3             2               
26     34         11         11            11          6             6               
27     17         4          4             4           2             2               
28     27         9          9             9           3             3               
29     27         6          6             6           1             1               
30     42         16         16            16          5             5               
31     28         8          8             8           2             2               
32     33         10         10            10          5             4               
33     36         12         12            12          2             2               
34     28         3          3             3           2             1               
35     24         3          3             3           0             0               
36     28         1          1             1           1             1               
37     32         4          4             4           2             2               
38     41         8          8             8           1             1               
39     32         8          8             8           2             2               
40     31         7          7             7           1             1               
41     22         7          7             7           0             0               
42     19         6          6             6           0             0               
43     29         7          7             7           2             2               
44     31         5          5             5           2             2               
45     31         7          7             7           3             3               
46     42         13         13            13          4             4               
47     28         6          6             6           0             0               
48     28         7          7             7           3             3               
49     28         6          6             5           1             1               
50     28         7          7             7           3             2               
51     24         8          8             8           4             3               
52     14         5          5             5           1             1               
53     32         11         11            10          4             4               
54     25         7          7             7           2             2               
55     37         11         11            11          7             6               
56     26         10         10            10          1             1               
57     29         11         11            10          4             4               
58     32         4          4             4           1             1               
59     39         10         10            9           2             2               
60     16         5          5             5           3             3               
61     35         12         12            12          6             6               
62     22         3          3             3           1             1               
63     33         7          7             7           1             1               
64     31         9          9             9           3             3               
65     31         4          4             4           0             0               
66     38         6          6             6           1             1               
67     24         8          8             8           2             1               
68     38         8          8             8           0             0               
69     27         9          9             9           3             3               
70     32         7          7             6           2             2               
71     22         5          5             5           1             0               
72     26         12         12            11          1             0               
73     36         15         15            15          2             2               
74     33         11         11            11          4             4               
75     31         9          9             9           1             1               
76     21         5          5             5           1             1               
77     31         10         10            10          3             3               
78     24         2          2             2           0             0               
79     29         7          7             7           3             2               
80     28         8          8             8           4             3               
----------------------------------------------------------------------------------
SUM    2320       604        604           596         181           167             
----------------------------------------------------------------------------------

 Total Ripple Number: §

 Detection parameters:
     maximum_peak:    3
     maxRippleLength: 100
     detection_peaks: thrsh
     num_peaks:       3
