Trial  Det1_2SD   Det2_4SD   Det3_MaxLen   Det4_Join   Det5_Cycles   Det6_Artif_Rej  
1      35         9          9             9           0             0               
2      40         7          7             6           3             3               
3      33         5          5             5           1             1               
4      30         1          1             1           0             0               
5      32         8          8             8           1             1               
6      23         3          3             3           1             1               
7      23         6          6             6           1             1               
8      37         8          8             8           2             2               
9      27         5          5             5           1             1               
10     22         3          3             3           2             2               
11     25         5          5             5           3             3               
12     23         3          3             3           0             0               
13     29         5          5             5           1             1               
14     29         5          5             5           1             1               
15     27         3          3             3           1             1               
16     17         5          5             5           0             0               
17     32         9          9             9           3             3               
18     31         9          8             8           4             3               
19     32         7          7             7           2             2               
20     32         3          3             3           1             1               
21     35         7          7             7           2             2               
22     25         4          4             4           2             2               
23     29         8          8             7           2             2               
24     28         7          7             7           1             1               
25     22         7          7             7           0             0               
26     23         5          5             5           1             1               
27     30         10         10            10          3             2               
28     26         3          3             3           0             0               
29     27         4          4             4           2             2               
30     32         9          9             7           2             2               
31     33         4          4             4           1             1               
32     25         2          2             2           1             1               
33     36         5          5             5           2             2               
34     30         5          5             5           2             1               
35     26         5          5             5           1             1               
36     35         11         11            11          1             0               
37     40         14         14            14          7             6               
38     40         7          7             7           1             1               
39     31         7          7             7           0             0               
40     24         4          4             4           1             1               
41     23         5          5             5           0             0               
42     21         5          5             5           3             3               
43     32         2          2             2           1             1               
44     34         5          5             5           0             0               
45     34         7          7             7           2             2               
46     31         8          8             8           2             2               
47     24         3          3             3           1             1               
48     25         6          6             6           1             1               
49     33         5          5             5           1             1               
50     28         5          5             5           1             0               
51     32         8          8             8           2             1               
52     17         5          5             5           2             2               
53     32         5          5             5           1             1               
54     19         3          3             3           0             0               
55     37         3          3             3           1             1               
56     29         4          4             4           3             3               
57     40         9          9             9           3             3               
58     37         9          9             9           2             2               
59     33         8          8             8           2             2               
60     25         3          3             3           0             0               
61     29         2          2             2           0             0               
62     28         5          5             5           0             0               
63     18         4          4             4           0             0               
64     23         4          4             4           1             1               
65     21         5          5             5           0             0               
66     49         16         16            16          7             7               
67     27         7          7             7           3             2               
68     36         10         10            10          2             2               
69     31         5          5             5           1             1               
70     34         2          2             2           1             1               
71     43         9          9             8           2             2               
72     33         10         10            10          1             1               
73     31         9          9             9           2             2               
74     38         12         12            12          3             3               
75     36         13         13            12          3             3               
76     28         7          7             7           0             0               
77     32         8          8             8           1             1               
78     25         4          4             4           1             1               
79     34         8          8             8           2             2               
80     40         9          9             9           2             2               
----------------------------------------------------------------------------------
SUM    2398       494        493           487         120           112             
----------------------------------------------------------------------------------

 Total Ripple Number: p

 Detection parameters:
     maximum_peak:    3
     maxRippleLength: 100
     detection_peaks: thrsh
     num_peaks:       3
