Trial  Det1_2SD   Det2_4SD   Det3_MaxLen   Det4_Join   Det5_Cycles   Det6_Artif_Rej  
1      29         3          3             3           0             0               
2      33         4          4             4           1             1               
3      31         11         11            11          2             2               
4      22         6          6             6           1             1               
5      19         1          1             1           0             0               
6      30         5          5             5           1             0               
7      26         4          4             4           1             1               
8      35         11         11            11          4             4               
9      27         7          7             7           1             0               
10     30         2          2             2           1             1               
11     33         5          5             5           2             2               
12     24         5          5             5           1             1               
13     21         1          1             1           1             1               
14     19         3          3             3           2             2               
15     36         10         10            10          2             1               
16     23         6          6             6           0             0               
17     34         7          7             7           2             2               
18     23         4          4             4           2             2               
19     22         2          2             2           1             1               
20     17         5          5             5           0             0               
21     25         3          3             3           1             1               
22     24         4          4             4           2             2               
23     22         4          4             4           1             1               
24     35         9          9             9           2             2               
25     23         4          4             4           1             0               
26     23         1          1             1           0             0               
27     26         5          5             5           1             0               
28     29         6          6             6           2             2               
29     31         4          4             4           1             1               
30     26         5          5             5           2             2               
31     27         10         10            10          4             4               
32     25         8          8             8           3             2               
33     35         7          7             7           1             0               
34     28         9          9             9           2             1               
35     15         1          1             1           0             0               
36     20         4          4             4           1             1               
37     40         12         12            12          7             6               
38     35         8          8             8           2             2               
39     27         2          2             2           0             0               
40     27         4          4             4           3             3               
41     29         8          8             8           3             3               
42     25         4          4             4           2             2               
43     21         2          2             2           0             0               
44     21         3          3             3           1             1               
45     31         6          6             6           3             3               
46     39         10         10            10          1             1               
47     22         5          5             5           3             3               
48     28         6          6             6           2             2               
49     31         6          6             6           3             2               
50     27         2          2             2           0             0               
51     30         6          6             6           2             2               
52     37         5          5             5           1             1               
53     32         7          7             7           4             4               
54     18         3          3             3           0             0               
55     21         1          1             1           1             0               
56     24         2          2             2           1             1               
57     31         6          6             6           2             2               
58     17         6          6             6           4             4               
59     34         7          7             7           2             2               
60     21         2          2             2           1             1               
61     19         4          4             4           1             1               
62     30         7          7             7           1             1               
63     18         5          5             5           2             2               
64     25         5          5             5           2             2               
65     27         7          7             7           2             2               
66     38         8          8             8           3             3               
67     42         15         15            15          5             5               
68     24         7          7             7           5             4               
69     26         4          4             4           3             3               
70     27         3          3             3           2             2               
71     37         7          7             7           3             3               
72     35         5          5             5           1             1               
73     26         6          6             6           1             1               
74     28         7          7             7           3             3               
75     35         10         10            10          3             3               
76     40         6          6             6           2             2               
77     25         7          7             7           2             2               
78     19         2          2             2           0             0               
79     28         5          5             5           0             0               
80     44         12         12            12          4             4               
----------------------------------------------------------------------------------
SUM    2209       441        441           441         142           130             
----------------------------------------------------------------------------------

 Total Ripple Number: 

 Detection parameters:
     maximum_peak:    3
     maxRippleLength: 100
     detection_peaks: thrsh
     num_peaks:       3
