Trial  Det1_2SD   Det2_4SD   Det3_MaxLen   Det4_Join   Det5_Cycles   Det6_Artif_Rej  
1      26         9          9             9           4             4               
2      31         6          6             6           1             1               
3      44         11         11            11          4             4               
4      31         7          7             7           3             3               
5      15         1          1             1           0             0               
6      21         3          3             3           1             0               
7      20         3          3             3           1             1               
8      27         7          7             7           4             4               
9      24         3          3             3           0             0               
10     27         3          3             3           0             0               
11     33         5          5             5           1             1               
12     18         3          3             3           1             1               
13     30         4          4             4           2             2               
14     19         3          3             3           2             2               
15     31         7          7             7           1             1               
16     23         2          2             2           0             0               
17     24         9          9             9           5             5               
18     22         2          2             2           1             0               
19     21         3          3             3           1             1               
20     19         4          4             4           0             0               
21     24         1          1             1           1             1               
22     26         7          7             7           3             3               
23     22         7          7             7           3             3               
24     23         7          7             7           3             3               
25     22         9          9             9           5             4               
26     20         3          3             3           2             2               
27     26         3          3             3           0             0               
28     34         5          5             5           1             1               
29     26         6          6             6           3             3               
30     26         7          7             7           3             3               
31     26         4          4             4           2             2               
32     25         3          3             3           2             1               
33     25         4          4             4           2             1               
34     30         8          8             8           4             3               
35     18         1          1             1           0             0               
36     27         3          3             3           2             2               
37     36         8          8             8           4             3               
38     26         6          6             6           4             4               
39     15         2          2             2           0             0               
40     35         10         10            10          4             4               
41     31         9          9             9           3             3               
42     18         5          5             5           3             3               
43     21         3          3             3           2             2               
44     26         3          3             3           0             0               
45     16         4          4             4           2             2               
46     34         7          7             6           2             2               
47     21         4          4             4           3             3               
48     26         4          4             4           3             3               
49     29         6          6             6           3             2               
50     22         6          6             6           2             1               
51     30         9          9             9           5             4               
52     37         7          7             7           3             3               
53     32         7          7             7           4             4               
54     15         2          2             2           1             1               
55     18         2          2             2           1             0               
56     16         1          1             1           1             1               
57     23         8          8             8           2             2               
58     24         4          4             4           1             1               
59     29         5          5             5           2             2               
60     26         3          3             3           1             1               
61     24         4          4             4           2             2               
62     28         3          3             3           1             1               
63     20         3          3             3           2             1               
64     31         6          6             6           2             2               
65     16         3          3             3           1             1               
66     40         9          9             9           2             2               
67     39         12         12            12          3             2               
68     29         6          6             6           2             1               
69     19         2          2             2           0             0               
70     19         7          7             7           4             4               
71     30         9          9             9           4             4               
72     24         3          3             3           2             2               
73     30         3          3             3           3             3               
74     29         2          2             2           2             2               
75     29         8          8             8           3             3               
76     36         11         11            11          4             4               
77     21         3          3             3           1             1               
78     15         2          2             2           0             0               
79     19         3          3             3           1             1               
80     38         7          7             7           3             3               
----------------------------------------------------------------------------------
SUM    2048       404        404           403         166           152             
----------------------------------------------------------------------------------

 Total Ripple Number: 

 Detection parameters:
     maximum_peak:    3
     maxRippleLength: 100
     detection_peaks: thrsh
     num_peaks:       3
