Trial  Det1_2SD   Det2_4SD   Det3_MaxLen   Det4_Join   Det5_Cycles   68               101                
t6_Artif_Rej Det7_Spctr_Peak 1      26         0          0             0           0             0                0                  
2      24         1          1             1           0             0                0                  
3      43         1          1             1           0             0                0                  
4      36         2          2             2           1             1                0                  
5      34         1          1             1           0             0                0                  
6      33         1          1             1           0             0                0                  
7      41         2          2             2           0             0                0                  
8      31         1          1             1           0             0                0                  
9      31         5          5             5           4             4                4                  
10     28         5          5             5           2             2                2                  
11     30         0          0             0           0             0                0                  
12     23         0          0             0           0             0                0                  
13     25         1          1             1           1             1                1                  
14     16         0          0             0           0             0                0                  
15     20         2          2             2           1             1                1                  
16     29         1          1             1           0             0                0                  
17     36         0          0             0           0             0                0                  
18     36         0          0             0           0             0                0                  
19     33         2          2             2           1             1                0                  
20     25         0          0             0           0             0                0                  
21     25         0          0             0           0             0                0                  
22     37         2          2             2           1             1                1                  
23     21         2          2             2           2             2                2                  
24     34         3          3             3           1             1                1                  
25     29         1          1             1           1             1                1                  
26     32         1          1             1           0             0                0                  
27     22         1          1             1           0             0                0                  
28     32         3          3             3           2             2                2                  
29     23         1          1             1           0             0                0                  
30     23         0          0             0           0             0                0                  
31     17         0          0             0           0             0                0                  
32     17         1          1             1           0             0                0                  
33     29         3          3             3           1             1                0                  
34     14         0          0             0           0             0                0                  
35     26         0          0             0           0             0                0                  
36     31         1          1             1           0             0                0                  
37     34         2          2             2           2             2                2                  
38     21         2          2             2           2             2                1                  
39     19         1          1             1           1             1                0                  
40     12         2          2             2           1             1                0                  
41     19         1          1             1           0             0                0                  
42     30         1          1             1           0             0                0                  
43     34         2          2             2           0             0                0                  
44     24         2          2             2           2             2                1                  
45     23         0          0             0           0             0                0                  
46     24         0          0             0           0             0                0                  
47     24         1          1             1           1             1                1                  
48     34         2          2             2           2             2                1                  
49     43         3          3             3           1             1                0                  
50     40         0          0             0           0             0                0                  
51     40         4          4             4           2             2                1                  
52     19         0          0             0           0             0                0                  
53     25         2          2             2           2             2                2                  
54     51         6          6             6           2             2                2                  
55     39         3          3             3           0             0                0                  
56     26         0          0             0           0             0                0                  
57     25         1          1             1           1             1                1                  
58     21         4          4             4           2             2                0                  
59     31         1          1             1           0             0                0                  
60     23         0          0             0           0             0                0                  
61     28         2          2             2           0             0                0                  
62     25         2          2             2           0             0                0                  
63     21         3          3             3           1             1                1                  
64     47         5          5             5           3             3                2                  
65     29         0          0             0           0             0                0                  
66     28         1          1             1           0             0                0                  
67     25         0          0             0           0             0                0                  
68     24         1          1             1           0             0                0                  
69     28         2          2             2           1             1                1                  
70     35         3          3             1           1             0                0                  
71     33         0          0             0           0             0                0                  
72     21         1          1             1           1             1                1                  
73     19         0          0             0           0             0                0                  
74     21         0          0             0           0             0                0                  
75     20         1          1             1           0             0                0                  
76     27         2          2             2           0             0                0                  
77     32         3          3             3           2             2                1                  
78     41         2          2             2           1             1                0                  
79     37         3          3             3           2             2                2                  
80     31         1          1             1           0             0                0                  
----------------------------------------------------------------------------------
SUM    2265       116        116           114         51            50               35                 
----------------------------------------------------------------------------------

 Total Ripple Number: #

 Detection parameters:
     maximum_peak:    4
     maxRippleLength: 100
     detection_peaks: peaks
     num_peaks:       3
