Trial  Det1_2SD   Det2_4SD   Det3_MaxLen   Det4_Join   Det5_Cycles   68               101                
t6_Artif_Rej Det7_Spctr_Peak 1      16         0          0             0           0             0                0                  
2      10         1          1             1           0             0                0                  
3      19         1          1             1           0             0                0                  
4      23         1          1             1           1             1                1                  
5      27         6          6             5           3             3                0                  
6      24         1          1             1           0             0                0                  
7      28         2          2             2           0             0                0                  
8      38         4          4             4           0             0                0                  
9      29         2          2             2           0             0                0                  
10     25         0          0             0           0             0                0                  
11     26         0          0             0           0             0                0                  
12     25         1          1             1           0             0                0                  
13     25         0          0             0           0             0                0                  
14     29         1          1             1           1             1                0                  
15     39         2          2             2           1             1                1                  
16     33         1          1             1           1             1                1                  
17     22         0          0             0           0             0                0                  
18     30         0          0             0           0             0                0                  
19     33         7          7             7           4             4                0                  
20     33         3          3             3           0             0                0                  
21     33         3          3             3           2             2                0                  
22     27         2          2             2           1             1                1                  
23     34         2          2             2           1             1                1                  
24     39         1          1             1           0             0                0                  
25     27         0          0             0           0             0                0                  
26     33         0          0             0           0             0                0                  
27     27         1          1             1           0             0                0                  
28     37         2          2             2           1             1                1                  
29     32         1          1             1           0             0                0                  
30     13         0          0             0           0             0                0                  
31     14         0          0             0           0             0                0                  
32     21         1          1             1           0             0                0                  
33     38         4          4             2           2             2                0                  
34     21         1          1             1           0             0                0                  
35     37         1          1             1           1             1                1                  
36     26         0          0             0           0             0                0                  
37     27         0          0             0           0             0                0                  
38     36         0          0             0           0             0                0                  
39     22         0          0             0           0             0                0                  
40     29         2          2             2           1             1                0                  
41     31         2          2             2           0             0                0                  
42     37         2          2             2           0             0                0                  
43     50         1          1             1           0             0                0                  
44     33         4          4             4           4             4                0                  
45     23         1          1             1           1             1                1                  
46     34         1          1             1           1             1                1                  
47     24         1          1             1           1             1                1                  
48     31         4          4             4           2             2                2                  
49     29         2          2             2           2             2                1                  
50     22         1          1             1           0             0                0                  
51     41         3          3             3           0             0                0                  
52     35         3          3             3           1             1                0                  
53     30         0          0             0           0             0                0                  
54     43         5          5             5           1             1                0                  
55     35         5          5             5           0             0                0                  
56     15         0          0             0           0             0                0                  
57     28         0          0             0           0             0                0                  
58     20         3          3             3           3             3                3                  
59     27         0          0             0           0             0                0                  
60     17         0          0             0           0             0                0                  
61     33         3          3             3           0             0                0                  
62     29         0          0             0           0             0                0                  
63     41         5          5             4           4             4                3                  
64     45         6          6             5           2             1                0                  
65     28         4          4             4           0             0                0                  
66     37         4          4             4           3             3                0                  
67     22         0          0             0           0             0                0                  
68     12         1          1             1           0             0                0                  
69     19         5          5             4           2             2                0                  
70     41         8          8             8           2             2                1                  
71     20         1          1             1           0             0                0                  
72     15         1          1             1           0             0                0                  
73     22         1          1             1           0             0                0                  
74     26         1          1             1           0             0                0                  
75     20         1          1             1           0             0                0                  
76     22         3          3             3           2             2                1                  
77     37         4          4             4           2             2                1                  
78     35         3          3             3           2             2                1                  
79     41         4          4             4           2             2                0                  
80     30         2          2             2           2             2                1                  
----------------------------------------------------------------------------------
SUM    2287       149        149           143         59            58               24                 
----------------------------------------------------------------------------------

 Total Ripple Number: 

 Detection parameters:
     maximum_peak:    4
     maxRippleLength: 100
     detection_peaks: peaks
     num_peaks:       3
