Trial  Det1_2SD   Det2_4SD   Det3_MaxLen   Det4_Join   Det5_Cycles   68               101                
t6_Artif_Rej Det7_Spctr_Peak 1      20         2          2             2           0             0                0                  
2      27         2          2             2           1             1                1                  
3      21         1          1             1           0             0                0                  
4      24         1          1             1           1             1                1                  
5      30         1          1             1           0             0                0                  
6      25         0          0             0           0             0                0                  
7      30         0          0             0           0             0                0                  
8      35         1          1             1           0             0                0                  
9      28         2          2             2           1             1                1                  
10     32         3          3             3           0             0                0                  
11     24         0          0             0           0             0                0                  
12     24         0          0             0           0             0                0                  
13     27         0          0             0           0             0                0                  
14     26         2          2             2           0             0                0                  
15     27         0          0             0           0             0                0                  
16     25         1          1             1           0             0                0                  
17     23         0          0             0           0             0                0                  
18     32         0          0             0           0             0                0                  
19     35         4          4             4           2             2                1                  
20     35         2          2             2           1             1                1                  
21     25         3          3             2           1             1                0                  
22     29         0          0             0           0             0                0                  
23     27         1          1             1           0             0                0                  
24     35         1          1             1           0             0                0                  
25     26         1          1             1           1             1                1                  
26     33         1          1             1           1             1                1                  
27     30         1          1             1           0             0                0                  
28     37         3          3             3           1             1                0                  
29     29         2          2             2           1             1                1                  
30     17         0          0             0           0             0                0                  
31     21         0          0             0           0             0                0                  
32     19         0          0             0           0             0                0                  
33     39         6          6             5           4             4                2                  
34     25         2          2             2           0             0                0                  
35     30         1          1             1           1             1                0                  
36     25         0          0             0           0             0                0                  
37     23         0          0             0           0             0                0                  
38     32         0          0             0           0             0                0                  
39     23         0          0             0           0             0                0                  
40     27         0          0             0           0             0                0                  
41     34         0          0             0           0             0                0                  
42     38         2          2             2           0             0                0                  
43     39         4          4             4           0             0                0                  
44     21         3          3             3           3             3                0                  
45     19         0          0             0           0             0                0                  
46     30         0          0             0           0             0                0                  
47     28         1          1             1           0             0                0                  
48     34         3          3             3           1             1                0                  
49     30         2          2             2           1             1                0                  
50     26         1          1             1           0             0                0                  
51     35         2          2             2           1             1                1                  
52     29         2          2             2           1             1                1                  
53     25         1          1             1           0             0                0                  
54     40         6          6             6           0             0                0                  
55     31         3          3             3           0             0                0                  
56     36         1          1             1           0             0                0                  
57     31         0          0             0           0             0                0                  
58     29         3          3             3           3             3                1                  
59     24         0          0             0           0             0                0                  
60     23         2          2             2           0             0                0                  
61     27         4          4             4           1             1                1                  
62     23         0          0             0           0             0                0                  
63     30         3          3             3           2             2                2                  
64     49         3          3             3           1             1                1                  
65     32         1          1             1           0             0                0                  
66     35         4          4             4           1             1                0                  
67     19         1          1             1           0             0                0                  
68     22         1          1             1           1             1                1                  
69     27         3          3             3           2             2                0                  
70     34         4          4             4           4             4                0                  
71     32         0          0             0           0             0                0                  
72     24         2          2             2           0             0                0                  
73     28         0          0             0           0             0                0                  
74     30         0          0             0           0             0                0                  
75     19         1          1             1           0             0                0                  
76     19         1          1             1           0             0                0                  
77     37         2          2             2           1             1                1                  
78     38         5          5             5           1             1                1                  
79     45         2          2             2           1             1                0                  
80     37         0          0             0           0             0                0                  
----------------------------------------------------------------------------------
SUM    2311       117        117           115         41            41               20                 
----------------------------------------------------------------------------------

 Total Ripple Number: 

 Detection parameters:
     maximum_peak:    4
     maxRippleLength: 100
     detection_peaks: peaks
     num_peaks:       3
