Trial  Det1_2SD   Det2_4SD   Det3_MaxLen   Det4_Join   Det5_Cycles   68               101                
t6_Artif_Rej Det7_Spctr_Peak 1      29         0          0             0           0             0                0                  
2      17         0          0             0           0             0                0                  
3      32         0          0             0           0             0                0                  
4      32         1          1             1           1             1                0                  
5      28         0          0             0           0             0                0                  
6      20         1          1             1           0             0                0                  
7      23         1          1             1           0             0                0                  
8      34         2          2             2           1             1                1                  
9      42         2          2             2           2             2                2                  
10     31         0          0             0           0             0                0                  
11     28         0          0             0           0             0                0                  
12     29         0          0             0           0             0                0                  
13     19         1          1             1           0             0                0                  
14     27         2          2             2           2             2                1                  
15     23         0          0             0           0             0                0                  
16     22         0          0             0           0             0                0                  
17     20         2          2             2           0             0                0                  
18     26         0          0             0           0             0                0                  
19     24         3          3             3           2             2                0                  
20     22         0          0             0           0             0                0                  
21     16         2          2             2           1             1                0                  
22     30         2          2             2           0             0                0                  
23     21         0          0             0           0             0                0                  
24     29         1          1             1           1             1                1                  
25     30         1          1             1           1             1                1                  
26     23         1          1             1           0             0                0                  
27     15         0          0             0           0             0                0                  
28     32         2          2             2           1             1                0                  
29     34         0          0             0           0             0                0                  
30     24         0          0             0           0             0                0                  
31     14         0          0             0           0             0                0                  
32     10         1          1             1           0             0                0                  
33     36         5          5             5           4             4                1                  
34     17         0          0             0           0             0                0                  
35     24         0          0             0           0             0                0                  
36     24         1          1             1           0             0                0                  
37     35         1          1             1           1             1                1                  
38     30         2          2             2           2             2                1                  
39     24         1          1             1           1             1                0                  
40     27         0          0             0           0             0                0                  
41     22         1          1             1           1             1                1                  
42     26         1          1             1           0             0                0                  
43     34         1          1             1           0             0                0                  
44     17         3          3             3           3             3                0                  
45     28         1          1             1           1             1                0                  
46     31         1          1             1           1             1                0                  
47     27         1          1             1           0             0                0                  
48     30         2          2             2           1             1                0                  
49     42         4          4             4           1             1                0                  
50     32         1          1             1           0             0                0                  
51     28         3          3             3           2             2                1                  
52     20         1          1             1           0             0                0                  
53     40         2          2             2           0             0                0                  
54     38         2          2             2           2             2                1                  
55     40         2          2             2           1             1                1                  
56     29         1          1             1           0             0                0                  
57     19         0          0             0           0             0                0                  
58     28         4          4             4           2             2                0                  
59     24         1          1             1           0             0                0                  
60     18         0          0             0           0             0                0                  
61     38         0          0             0           0             0                0                  
62     35         1          1             1           0             0                0                  
63     29         4          4             4           3             3                1                  
64     50         4          4             4           3             3                2                  
65     34         1          1             1           0             0                0                  
66     32         3          3             3           2             2                2                  
67     24         0          0             0           0             0                0                  
68     30         0          0             0           0             0                0                  
69     28         5          5             5           4             4                0                  
70     36         3          3             3           2             2                0                  
71     23         0          0             0           0             0                0                  
72     16         0          0             0           0             0                0                  
73     31         0          0             0           0             0                0                  
74     40         1          1             1           0             0                0                  
75     17         1          1             1           0             0                0                  
76     15         0          0             0           0             0                0                  
77     26         2          2             2           1             1                1                  
78     36         2          2             2           2             2                2                  
79     45         3          3             3           2             2                1                  
80     29         1          1             1           1             1                0                  
----------------------------------------------------------------------------------
SUM    2210       98         98            98          55            55               22                 
----------------------------------------------------------------------------------

 Total Ripple Number: 

 Detection parameters:
     maximum_peak:    4
     maxRippleLength: 100
     detection_peaks: peaks
     num_peaks:       3
