Trial  Det1_2SD   Det2_4SD   Det3_MaxLen   Det4_Join   Det5_Cycles   68               101                
t6_Artif_Rej Det7_Spctr_Peak 1      28         0          0             0           0             0                0                  
2      39         2          2             2           1             1                0                  
3      21         0          0             0           0             0                0                  
4      23         2          2             2           1             1                0                  
5      25         1          1             1           0             0                0                  
6      25         0          0             0           0             0                0                  
7      27         0          0             0           0             0                0                  
8      33         0          0             0           0             0                0                  
9      39         4          4             4           0             0                0                  
10     27         2          2             2           0             0                0                  
11     23         0          0             0           0             0                0                  
12     29         0          0             0           0             0                0                  
13     24         1          1             1           0             0                0                  
14     23         1          1             1           0             0                0                  
15     29         2          2             2           1             1                1                  
16     29         3          3             3           1             1                1                  
17     39         1          1             1           1             1                0                  
18     39         0          0             0           0             0                0                  
19     37         4          4             4           2             2                0                  
20     30         3          3             3           2             2                0                  
21     25         1          1             1           1             1                1                  
22     34         0          0             0           0             0                0                  
23     25         1          1             1           0             0                0                  
24     31         0          0             0           0             0                0                  
25     26         0          0             0           0             0                0                  
26     32         0          0             0           0             0                0                  
27     34         0          0             0           0             0                0                  
28     27         1          1             1           0             0                0                  
29     27         0          0             0           0             0                0                  
30     33         0          0             0           0             0                0                  
31     29         0          0             0           0             0                0                  
32     31         1          1             1           0             0                0                  
33     36         2          2             2           2             2                0                  
34     23         0          0             0           0             0                0                  
35     19         0          0             0           0             0                0                  
36     22         1          1             1           1             1                0                  
37     26         0          0             0           0             0                0                  
38     22         1          1             1           0             0                0                  
39     25         1          1             1           0             0                0                  
40     37         2          2             2           1             1                1                  
41     36         0          0             0           0             0                0                  
42     36         0          0             0           0             0                0                  
43     38         0          0             0           0             0                0                  
44     33         2          2             2           2             2                0                  
45     30         0          0             0           0             0                0                  
46     33         0          0             0           0             0                0                  
47     26         0          0             0           0             0                0                  
48     27         1          1             1           1             1                0                  
49     31         2          2             2           1             1                0                  
50     28         0          0             0           0             0                0                  
51     34         3          3             3           1             1                1                  
52     21         1          1             1           0             0                0                  
53     29         0          0             0           0             0                0                  
54     33         0          0             0           0             0                0                  
55     27         2          2             2           1             1                0                  
56     26         0          0             0           0             0                0                  
57     22         1          1             1           1             1                0                  
58     26         3          3             3           3             3                1                  
59     28         1          1             1           0             0                0                  
60     24         0          0             0           0             0                0                  
61     19         0          0             0           0             0                0                  
62     31         0          0             0           0             0                0                  
63     31         4          4             4           2             2                0                  
64     39         2          2             2           2             2                1                  
65     33         1          1             1           0             0                0                  
66     24         2          2             2           0             0                0                  
67     34         0          0             0           0             0                0                  
68     38         0          0             0           0             0                0                  
69     36         5          5             5           2             2                0                  
70     32         1          1             1           1             1                1                  
71     23         0          0             0           0             0                0                  
72     27         0          0             0           0             0                0                  
73     18         0          0             0           0             0                0                  
74     25         0          0             0           0             0                0                  
75     23         0          0             0           0             0                0                  
76     23         0          0             0           0             0                0                  
77     30         2          2             2           1             1                0                  
78     30         2          2             2           2             1                0                  
79     36         3          3             3           1             1                0                  
80     26         0          0             0           0             0                0                  
----------------------------------------------------------------------------------
SUM    2319       75         75            75          35            34               8                  
----------------------------------------------------------------------------------

 Total Ripple Number: 

 Detection parameters:
     maximum_peak:    4
     maxRippleLength: 100
     detection_peaks: peaks
     num_peaks:       3
