Trial  Det1_2SD   Det2_4SD   Det3_MaxLen   Det4_Join   Det5_Cycles   68               101                
t6_Artif_Rej Det7_Spctr_Peak 1      31         1          1             1           0             0                0                  
2      37         0          0             0           0             0                0                  
3      28         1          1             1           1             1                1                  
4      28         1          1             1           1             1                1                  
5      32         2          2             2           1             1                1                  
6      32         0          0             0           0             0                0                  
7      22         1          1             1           1             1                1                  
8      30         1          1             1           1             1                1                  
9      29         0          0             0           0             0                0                  
10     29         1          1             1           1             1                0                  
11     25         1          1             1           0             0                0                  
12     37         1          1             1           0             0                0                  
13     24         1          1             1           0             0                0                  
14     33         0          0             0           0             0                0                  
15     26         0          0             0           0             0                0                  
16     36         1          1             1           0             0                0                  
17     38         1          1             1           0             0                0                  
18     34         1          1             1           0             0                0                  
19     28         1          1             1           1             1                1                  
20     33         1          1             1           1             1                1                  
21     20         1          1             1           0             0                0                  
22     30         0          0             0           0             0                0                  
23     26         2          2             2           0             0                0                  
24     20         2          2             2           0             0                0                  
25     24         0          0             0           0             0                0                  
26     31         0          0             0           0             0                0                  
27     26         2          2             2           0             0                0                  
28     37         1          1             1           0             0                0                  
29     22         0          0             0           0             0                0                  
30     29         1          1             1           0             0                0                  
31     27         2          2             2           0             0                0                  
32     21         3          3             3           0             0                0                  
33     23         1          1             1           0             0                0                  
34     26         1          1             1           1             1                1                  
35     31         1          1             1           1             1                1                  
36     25         3          3             3           1             1                1                  
37     38         0          0             0           0             0                0                  
38     34         1          1             1           0             0                0                  
39     34         1          1             1           1             1                1                  
40     33         0          0             0           0             0                0                  
41     34         0          0             0           0             0                0                  
42     32         1          1             1           0             0                0                  
43     40         3          3             3           1             1                1                  
44     32         2          2             2           1             1                1                  
45     31         0          0             0           0             0                0                  
46     24         0          0             0           0             0                0                  
47     18         1          1             1           0             0                0                  
48     19         0          0             0           0             0                0                  
49     27         0          0             0           0             0                0                  
50     29         0          0             0           0             0                0                  
51     27         0          0             0           0             0                0                  
52     27         0          0             0           0             0                0                  
53     24         0          0             0           0             0                0                  
54     27         2          2             2           2             2                2                  
55     26         1          1             1           1             1                1                  
56     34         2          2             2           1             1                1                  
57     19         0          0             0           0             0                0                  
58     25         1          1             1           0             0                0                  
59     23         0          0             0           0             0                0                  
60     19         0          0             0           0             0                0                  
61     22         1          1             1           1             1                1                  
62     13         2          2             2           2             2                2                  
63     13         1          1             1           1             1                1                  
64     25         1          1             1           1             1                1                  
65     21         0          0             0           0             0                0                  
66     34         1          1             1           1             0                0                  
67     30         1          1             1           1             0                0                  
68     32         0          0             0           0             0                0                  
69     24         0          0             0           0             0                0                  
70     18         1          1             1           0             0                0                  
71     25         2          2             2           1             1                1                  
72     33         2          2             2           1             1                1                  
73     27         1          1             1           0             0                0                  
74     40         2          2             2           0             0                0                  
75     22         0          0             0           0             0                0                  
76     19         0          0             0           0             0                0                  
77     25         2          2             2           0             0                0                  
78     17         1          1             1           0             0                0                  
79     25         0          0             0           0             0                0                  
80     30         1          1             1           1             1                1                  
----------------------------------------------------------------------------------
SUM    2201       70         70            70          28            26               25                 
----------------------------------------------------------------------------------

 Total Ripple Number: 

 Detection parameters:
     maximum_peak:    4
     maxRippleLength: 100
     detection_peaks: peaks
     num_peaks:       3
