Trial  Det1_2SD   Det2_4SD   Det3_MaxLen   Det4_Join   Det5_Cycles   68               101                
t6_Artif_Rej Det7_Spctr_Peak 1      34         0          0             0           0             0                0                  
2      39         0          0             0           0             0                0                  
3      30         0          0             0           0             0                0                  
4      24         1          1             1           1             1                1                  
5      26         2          2             2           1             1                1                  
6      31         1          1             1           0             0                0                  
7      25         1          1             1           0             0                0                  
8      37         1          1             1           0             0                0                  
9      34         0          0             0           0             0                0                  
10     28         3          3             3           2             2                2                  
11     22         0          0             0           0             0                0                  
12     40         0          0             0           0             0                0                  
13     21         0          0             0           0             0                0                  
14     23         0          0             0           0             0                0                  
15     31         0          0             0           0             0                0                  
16     39         0          0             0           0             0                0                  
17     40         0          0             0           0             0                0                  
18     36         0          0             0           0             0                0                  
19     30         1          1             1           1             1                1                  
20     29         1          1             1           1             1                1                  
21     26         0          0             0           0             0                0                  
22     27         1          1             1           0             0                0                  
23     32         0          0             0           0             0                0                  
24     24         0          0             0           0             0                0                  
25     31         0          0             0           0             0                0                  
26     28         0          0             0           0             0                0                  
27     22         1          1             1           1             1                0                  
28     23         1          1             1           0             0                0                  
29     25         0          0             0           0             0                0                  
30     37         1          1             1           1             1                1                  
31     17         1          1             1           1             1                1                  
32     27         2          2             2           1             1                1                  
33     26         2          2             2           1             1                1                  
34     19         0          0             0           0             0                0                  
35     34         0          0             0           0             0                0                  
36     34         1          1             1           0             0                0                  
37     34         0          0             0           0             0                0                  
38     31         0          0             0           0             0                0                  
39     30         0          0             0           0             0                0                  
40     29         0          0             0           0             0                0                  
41     23         1          1             1           0             0                0                  
42     27         0          0             0           0             0                0                  
43     29         0          0             0           0             0                0                  
44     33         2          2             2           2             2                2                  
45     28         1          1             1           1             0                0                  
46     27         0          0             0           0             0                0                  
47     19         1          1             1           0             0                0                  
48     20         0          0             0           0             0                0                  
49     30         1          1             1           0             0                0                  
50     39         3          3             3           0             0                0                  
51     33         2          2             2           1             1                1                  
52     22         1          1             1           1             1                1                  
53     28         1          1             1           0             0                0                  
54     31         1          1             1           0             0                0                  
55     34         1          1             1           0             0                0                  
56     32         2          2             2           2             2                2                  
57     18         0          0             0           0             0                0                  
58     29         5          5             5           2             2                1                  
59     17         1          1             1           0             0                0                  
60     15         0          0             0           0             0                0                  
61     19         0          0             0           0             0                0                  
62     18         1          1             1           0             0                0                  
63     22         1          1             1           1             1                1                  
64     31         2          2             2           1             1                1                  
65     25         0          0             0           0             0                0                  
66     36         2          2             2           1             0                0                  
67     41         2          2             2           2             1                1                  
68     34         1          1             1           1             1                1                  
69     27         0          0             0           0             0                0                  
70     30         0          0             0           0             0                0                  
71     33         0          0             0           0             0                0                  
72     29         0          0             0           0             0                0                  
73     24         0          0             0           0             0                0                  
74     36         2          2             2           0             0                0                  
75     17         1          1             1           1             1                1                  
76     25         0          0             0           0             0                0                  
77     25         0          0             0           0             0                0                  
78     31         1          1             1           0             0                0                  
79     32         1          1             1           0             0                0                  
80     31         2          2             2           2             2                2                  
----------------------------------------------------------------------------------
SUM    2275       60         60            60          29            26               24                 
----------------------------------------------------------------------------------

 Total Ripple Number: 

 Detection parameters:
     maximum_peak:    4
     maxRippleLength: 100
     detection_peaks: peaks
     num_peaks:       3
