Trial  Det1_2SD   Det2_4SD   Det3_MaxLen   Det4_Join   Det5_Cycles   68               101                
t6_Artif_Rej Det7_Spctr_Peak 1      30         0          0             0           0             0                0                  
2      40         0          0             0           0             0                0                  
3      26         0          0             0           0             0                0                  
4      27         3          3             2           1             1                0                  
5      28         0          0             0           0             0                0                  
6      24         0          0             0           0             0                0                  
7      25         0          0             0           0             0                0                  
8      29         0          0             0           0             0                0                  
9      38         0          0             0           0             0                0                  
10     28         0          0             0           0             0                0                  
11     26         0          0             0           0             0                0                  
12     21         0          0             0           0             0                0                  
13     25         0          0             0           0             0                0                  
14     27         0          0             0           0             0                0                  
15     27         2          2             2           1             1                0                  
16     25         1          1             1           1             1                1                  
17     28         1          1             1           1             1                1                  
18     35         0          0             0           0             0                0                  
19     34         0          0             0           0             0                0                  
20     22         0          0             0           0             0                0                  
21     27         0          0             0           0             0                0                  
22     31         1          1             1           1             1                1                  
23     22         1          1             1           0             0                0                  
24     23         0          0             0           0             0                0                  
25     30         0          0             0           0             0                0                  
26     37         1          1             1           0             0                0                  
27     36         0          0             0           0             0                0                  
28     27         0          0             0           0             0                0                  
29     36         0          0             0           0             0                0                  
30     39         0          0             0           0             0                0                  
31     30         1          1             1           1             1                1                  
32     21         2          2             2           2             2                2                  
33     34         3          3             3           2             2                2                  
34     18         1          1             1           0             0                0                  
35     26         1          1             1           0             0                0                  
36     30         0          0             0           0             0                0                  
37     30         0          0             0           0             0                0                  
38     25         0          0             0           0             0                0                  
39     24         1          1             1           1             1                1                  
40     22         2          2             2           1             1                1                  
41     26         1          1             1           0             0                0                  
42     30         1          1             1           0             0                0                  
43     36         0          0             0           0             0                0                  
44     27         5          5             5           4             4                2                  
45     24         2          2             2           1             1                1                  
46     23         0          0             0           0             0                0                  
47     27         0          0             0           0             0                0                  
48     20         0          0             0           0             0                0                  
49     24         1          1             1           0             0                0                  
50     29         2          2             2           0             0                0                  
51     39         1          1             1           1             1                1                  
52     23         0          0             0           0             0                0                  
53     26         1          1             1           0             0                0                  
54     30         0          0             0           0             0                0                  
55     34         0          0             0           0             0                0                  
56     27         0          0             0           0             0                0                  
57     24         0          0             0           0             0                0                  
58     31         3          3             3           2             2                0                  
59     27         1          1             1           0             0                0                  
60     20         0          0             0           0             0                0                  
61     24         1          1             1           1             1                1                  
62     28         1          1             1           1             1                1                  
63     22         3          3             3           1             1                0                  
64     24         3          3             3           1             1                0                  
65     28         4          4             4           0             0                0                  
66     25         0          0             0           0             0                0                  
67     33         1          1             1           0             0                0                  
68     21         1          1             1           0             0                0                  
69     17         1          1             1           0             0                0                  
70     22         1          1             1           0             0                0                  
71     23         1          1             1           1             1                0                  
72     19         0          0             0           0             0                0                  
73     29         1          1             1           1             1                1                  
74     33         2          2             2           2             2                1                  
75     23         0          0             0           0             0                0                  
76     23         0          0             0           0             0                0                  
77     35         1          1             1           1             1                0                  
78     38         1          1             1           1             1                0                  
79     29         3          3             3           3             3                3                  
80     24         2          2             2           2             2                2                  
----------------------------------------------------------------------------------
SUM    2200       66         66            65          35            35               23                 
----------------------------------------------------------------------------------

 Total Ripple Number: 

 Detection parameters:
     maximum_peak:    4
     maxRippleLength: 100
     detection_peaks: peaks
     num_peaks:       3
