Trial  Det1_2SD   Det2_4SD   Det3_MaxLen   Det4_Join   Det5_Cycles   68               101                
t6_Artif_Rej Det7_Spctr_Peak 1      29         0          0             0           0             0                0                  
2      39         2          2             2           0             0                0                  
3      27         0          0             0           0             0                0                  
4      26         1          1             1           0             0                0                  
5      38         0          0             0           0             0                0                  
6      30         1          1             1           1             1                1                  
7      30         1          1             1           1             1                1                  
8      23         0          0             0           0             0                0                  
9      30         0          0             0           0             0                0                  
10     29         1          1             1           0             0                0                  
11     26         0          0             0           0             0                0                  
12     29         0          0             0           0             0                0                  
13     21         0          0             0           0             0                0                  
14     24         2          2             2           0             0                0                  
15     31         1          1             1           0             0                0                  
16     32         4          4             4           1             1                1                  
17     27         2          2             2           1             1                1                  
18     29         0          0             0           0             0                0                  
19     33         0          0             0           0             0                0                  
20     22         0          0             0           0             0                0                  
21     21         0          0             0           0             0                0                  
22     26         1          1             1           0             0                0                  
23     21         1          1             1           0             0                0                  
24     26         0          0             0           0             0                0                  
25     32         0          0             0           0             0                0                  
26     38         0          0             0           0             0                0                  
27     24         1          1             1           0             0                0                  
28     32         1          1             1           0             0                0                  
29     31         1          1             1           1             1                1                  
30     35         3          3             3           2             2                1                  
31     28         2          2             2           2             2                1                  
32     28         3          3             3           2             2                2                  
33     26         1          1             1           1             1                1                  
34     24         0          0             0           0             0                0                  
35     22         1          1             1           0             0                0                  
36     29         0          0             0           0             0                0                  
37     25         1          1             1           0             0                0                  
38     19         1          1             1           0             0                0                  
39     25         1          1             1           0             0                0                  
40     28         1          1             1           1             1                1                  
41     29         0          0             0           0             0                0                  
42     30         0          0             0           0             0                0                  
43     26         0          0             0           0             0                0                  
44     27         5          5             4           3             3                1                  
45     22         0          0             0           0             0                0                  
46     21         1          1             1           0             0                0                  
47     23         1          1             1           0             0                0                  
48     18         0          0             0           0             0                0                  
49     30         1          1             1           1             1                0                  
50     35         2          2             2           1             1                0                  
51     26         2          2             2           0             0                0                  
52     21         1          1             1           0             0                0                  
53     17         1          1             1           0             0                0                  
54     23         2          2             2           1             1                1                  
55     31         1          1             1           1             1                1                  
56     23         0          0             0           0             0                0                  
57     16         0          0             0           0             0                0                  
58     20         2          2             2           1             1                0                  
59     32         1          1             1           0             0                0                  
60     16         1          1             1           1             1                1                  
61     26         2          2             2           1             1                0                  
62     26         2          2             2           2             2                1                  
63     21         2          2             2           1             1                1                  
64     22         2          2             2           1             1                1                  
65     21         1          1             1           0             0                0                  
66     26         0          0             0           0             0                0                  
67     36         0          0             0           0             0                0                  
68     29         0          0             0           0             0                0                  
69     18         0          0             0           0             0                0                  
70     23         0          0             0           0             0                0                  
71     20         0          0             0           0             0                0                  
72     25         0          0             0           0             0                0                  
73     26         0          0             0           0             0                0                  
74     26         2          2             2           1             1                1                  
75     30         2          2             2           1             1                0                  
76     30         1          1             1           0             0                0                  
77     30         1          1             1           1             0                0                  
78     29         1          1             1           0             0                0                  
79     25         0          0             0           0             0                0                  
80     22         1          1             1           0             0                0                  
----------------------------------------------------------------------------------
SUM    2112       72         72            71          30            29               19                 
----------------------------------------------------------------------------------

 Total Ripple Number: 

 Detection parameters:
     maximum_peak:    4
     maxRippleLength: 100
     detection_peaks: peaks
     num_peaks:       3
