Trial  Det1_2SD   Det2_4SD   Det3_MaxLen   Det4_Join   Det5_Cycles   68               101                
t6_Artif_Rej Det7_Spctr_Peak 1      20         1          1             1           0             0                0                  
2      11         0          0             0           0             0                0                  
3      16         0          0             0           0             0                0                  
4      23         2          2             2           1             1                0                  
5      31         7          7             7           3             3                2                  
6      22         1          1             1           1             1                1                  
7      26         3          3             3           2             2                1                  
8      40         2          2             2           2             2                0                  
9      23         1          1             1           1             1                1                  
10     21         0          0             0           0             0                0                  
11     26         0          0             0           0             0                0                  
12     15         1          1             1           0             0                0                  
13     20         1          1             1           1             1                1                  
14     19         1          1             1           1             1                0                  
15     28         2          2             2           2             2                2                  
16     18         0          0             0           0             0                0                  
17     22         0          0             0           0             0                0                  
18     42         2          2             2           0             0                0                  
19     33         9          9             8           2             2                1                  
20     29         2          2             2           0             0                0                  
21     26         1          1             1           0             0                0                  
22     36         0          0             0           0             0                0                  
23     33         0          0             0           0             0                0                  
24     40         3          3             3           0             0                0                  
25     17         0          0             0           0             0                0                  
26     24         0          0             0           0             0                0                  
27     20         1          1             1           0             0                0                  
28     29         3          3             3           1             1                1                  
29     24         1          1             1           0             0                0                  
30     14         0          0             0           0             0                0                  
31     18         0          0             0           0             0                0                  
32     19         1          1             1           0             0                0                  
33     41         5          5             4           2             2                1                  
34     15         0          0             0           0             0                0                  
35     25         2          2             2           2             2                1                  
36     26         0          0             0           0             0                0                  
37     17         1          1             1           1             1                1                  
38     23         1          1             1           0             0                0                  
39     27         1          1             1           0             0                0                  
40     14         0          0             0           0             0                0                  
41     17         0          0             0           0             0                0                  
42     29         1          1             1           1             1                1                  
43     35         4          4             4           1             1                1                  
44     30         7          7             6           5             5                0                  
45     22         3          3             3           1             1                0                  
46     35         2          2             2           1             1                1                  
47     27         1          1             1           1             1                1                  
48     25         2          2             2           1             1                0                  
49     36         6          6             6           2             2                0                  
50     23         0          0             0           0             0                0                  
51     36         4          4             4           3             3                2                  
52     20         2          2             2           0             0                0                  
53     42         2          2             2           2             2                1                  
54     43         2          2             2           0             0                0                  
55     24         2          2             2           0             0                0                  
56     26         0          0             0           0             0                0                  
57     42         1          1             1           0             0                0                  
58     33         5          5             5           3             3                1                  
59     20         1          1             1           0             0                0                  
60     23         0          0             0           0             0                0                  
61     35         1          1             1           1             1                1                  
62     23         1          1             1           1             1                1                  
63     36         7          7             7           6             6                2                  
64     52         8          8             8           6             5                3                  
65     33         4          4             4           2             2                2                  
66     33         2          2             2           2             2                2                  
67     16         1          1             1           0             0                0                  
68     11         0          0             0           0             0                0                  
69     29         2          2             2           1             1                0                  
70     53         9          9             9           7             7                4                  
71     31         1          1             1           1             1                1                  
72     14         0          0             0           0             0                0                  
73     24         1          1             1           0             0                0                  
74     27         1          1             1           0             0                0                  
75     7          0          0             0           0             0                0                  
76     27         4          4             4           2             2                0                  
77     40         8          8             8           3             3                0                  
78     47         8          8             8           1             1                0                  
79     50         6          6             6           1             1                0                  
80     38         1          1             1           0             0                0                  
----------------------------------------------------------------------------------
SUM    2187       165        165           162         77            76               37                 
----------------------------------------------------------------------------------

 Total Ripple Number: %

 Detection parameters:
     maximum_peak:    4
     maxRippleLength: 100
     detection_peaks: peaks
     num_peaks:       3
