Trial  Det1_2SD   Det2_4SD   Det3_MaxLen   Det4_Join   Det5_Cycles   68               101                
t6_Artif_Rej Det7_Spctr_Peak 1      22         0          0             0           0             0                0                  
2      20         0          0             0           0             0                0                  
3      19         0          0             0           0             0                0                  
4      20         1          1             1           1             1                1                  
5      31         2          2             2           0             0                0                  
6      13         0          0             0           0             0                0                  
7      28         3          3             3           2             2                0                  
8      43         2          2             2           1             1                0                  
9      19         0          0             0           0             0                0                  
10     13         0          0             0           0             0                0                  
11     20         1          1             1           1             1                1                  
12     14         3          3             3           2             2                1                  
13     12         0          0             0           0             0                0                  
14     27         1          1             1           0             0                0                  
15     24         1          1             1           0             0                0                  
16     21         1          1             1           1             1                0                  
17     20         0          0             0           0             0                0                  
18     38         2          2             2           0             0                0                  
19     30         7          7             7           2             2                1                  
20     30         4          4             4           2             2                1                  
21     21         5          5             3           3             3                1                  
22     33         3          3             3           2             2                2                  
23     30         2          2             2           0             0                0                  
24     34         1          1             1           1             1                1                  
25     21         1          1             1           1             1                1                  
26     24         0          0             0           0             0                0                  
27     27         0          0             0           0             0                0                  
28     35         3          3             3           2             2                1                  
29     27         3          3             3           1             1                0                  
30     16         1          1             1           0             0                0                  
31     10         0          0             0           0             0                0                  
32     13         1          1             1           1             1                0                  
33     31         6          6             6           3             3                0                  
34     22         0          0             0           0             0                0                  
35     28         1          1             1           0             0                0                  
36     31         1          1             1           0             0                0                  
37     23         0          0             0           0             0                0                  
38     35         0          0             0           0             0                0                  
39     30         2          2             2           0             0                0                  
40     18         0          0             0           0             0                0                  
41     22         0          0             0           0             0                0                  
42     30         2          2             2           2             2                1                  
43     38         5          5             5           1             1                1                  
44     26         6          6             6           4             3                0                  
45     29         2          2             2           2             2                0                  
46     28         0          0             0           0             0                0                  
47     28         0          0             0           0             0                0                  
48     38         1          1             1           1             1                1                  
49     41         4          4             4           2             2                2                  
50     31         3          3             3           3             3                2                  
51     46         3          3             3           2             2                0                  
52     32         0          0             0           0             0                0                  
53     34         1          1             1           0             0                0                  
54     41         4          4             4           1             1                0                  
55     32         2          2             2           1             1                1                  
56     20         2          2             2           1             1                1                  
57     29         1          1             1           1             1                0                  
58     40         3          3             3           3             3                3                  
59     27         3          3             3           2             2                2                  
60     21         3          3             3           2             2                2                  
61     29         0          0             0           0             0                0                  
62     17         0          0             0           0             0                0                  
63     40         5          5             5           3             3                1                  
64     49         8          8             8           4             3                2                  
65     26         3          3             3           2             2                2                  
66     37         3          3             3           2             2                1                  
67     25         0          0             0           0             0                0                  
68     19         0          0             0           0             0                0                  
69     31         5          5             5           4             4                2                  
70     40         7          7             7           6             6                3                  
71     33         1          1             1           0             0                0                  
72     25         0          0             0           0             0                0                  
73     31         0          0             0           0             0                0                  
74     28         1          1             1           0             0                0                  
75     12         0          0             0           0             0                0                  
76     22         0          0             0           0             0                0                  
77     40         5          5             5           2             2                0                  
78     47         5          5             4           2             2                0                  
79     52         8          8             8           1             1                1                  
80     22         4          4             4           0             0                0                  
----------------------------------------------------------------------------------
SUM    2231       158        158           155         80            78               39                 
----------------------------------------------------------------------------------

 Total Ripple Number: '

 Detection parameters:
     maximum_peak:    4
     maxRippleLength: 100
     detection_peaks: peaks
     num_peaks:       3
