Trial  Det1_2SD   Det2_4SD   Det3_MaxLen   Det4_Join   Det5_Cycles   68               101                
t6_Artif_Rej Det7_Spctr_Peak 1      33         1          1             1           1             1                1                  
2      29         0          0             0           0             0                0                  
3      17         0          0             0           0             0                0                  
4      19         2          2             2           2             2                0                  
5      27         0          0             0           0             0                0                  
6      19         1          1             1           0             0                0                  
7      22         0          0             0           0             0                0                  
8      25         1          1             1           0             0                0                  
9      33         1          1             1           1             1                1                  
10     21         0          0             0           0             0                0                  
11     32         0          0             0           0             0                0                  
12     25         1          1             1           0             0                0                  
13     22         0          0             0           0             0                0                  
14     29         2          2             2           1             1                1                  
15     26         0          0             0           0             0                0                  
16     23         0          0             0           0             0                0                  
17     22         3          3             3           0             0                0                  
18     27         0          0             0           0             0                0                  
19     19         1          1             1           0             0                0                  
20     30         1          1             1           0             0                0                  
21     26         2          2             2           1             1                1                  
22     34         1          1             1           1             1                1                  
23     24         0          0             0           0             0                0                  
24     32         0          0             0           0             0                0                  
25     22         1          1             1           0             0                0                  
26     19         1          1             1           0             0                0                  
27     26         1          1             1           0             0                0                  
28     21         2          2             2           2             2                1                  
29     34         2          2             2           1             1                1                  
30     28         2          2             2           1             1                1                  
31     17         0          0             0           0             0                0                  
32     23         0          0             0           0             0                0                  
33     35         3          3             3           2             2                1                  
34     28         0          0             0           0             0                0                  
35     27         1          1             1           0             0                0                  
36     30         1          1             1           0             0                0                  
37     36         1          1             1           0             0                0                  
38     24         0          0             0           0             0                0                  
39     31         2          2             2           0             0                0                  
40     23         0          0             0           0             0                0                  
41     16         0          0             0           0             0                0                  
42     26         0          0             0           0             0                0                  
43     33         2          2             2           1             1                1                  
44     29         7          7             6           4             3                1                  
45     30         3          3             3           1             1                0                  
46     26         0          0             0           0             0                0                  
47     20         1          1             1           0             0                0                  
48     18         0          0             0           0             0                0                  
49     30         0          0             0           0             0                0                  
50     32         0          0             0           0             0                0                  
51     32         1          1             1           0             0                0                  
52     28         2          2             2           1             1                1                  
53     33         2          2             2           0             0                0                  
54     33         1          1             1           0             0                0                  
55     34         2          2             2           0             0                0                  
56     26         1          1             1           1             1                1                  
57     31         1          1             1           0             0                0                  
58     40         6          6             5           5             5                4                  
59     28         1          1             1           1             1                1                  
60     24         1          1             1           1             1                1                  
61     37         0          0             0           0             0                0                  
62     27         1          1             1           0             0                0                  
63     33         5          5             5           2             2                1                  
64     33         2          2             2           1             1                1                  
65     37         0          0             0           0             0                0                  
66     41         2          2             2           1             1                0                  
67     39         2          2             2           1             1                1                  
68     17         0          0             0           0             0                0                  
69     28         7          7             6           4             4                2                  
70     46         4          4             3           1             1                1                  
71     37         0          0             0           0             0                0                  
72     30         0          0             0           0             0                0                  
73     26         0          0             0           0             0                0                  
74     36         0          0             0           0             0                0                  
75     21         1          1             1           0             0                0                  
76     20         1          1             1           1             1                1                  
77     31         6          6             6           3             2                1                  
78     41         5          5             5           3             2                1                  
79     41         3          3             3           2             2                2                  
80     33         1          1             1           0             0                0                  
----------------------------------------------------------------------------------
SUM    2263       105        105           101         47            44               30                 
----------------------------------------------------------------------------------

 Total Ripple Number: 

 Detection parameters:
     maximum_peak:    4
     maxRippleLength: 100
     detection_peaks: peaks
     num_peaks:       3
