Trial  Det1_2SD   Det2_4SD   Det3_MaxLen   Det4_Join   Det5_Cycles   68               101                
t6_Artif_Rej Det7_Spctr_Peak 1      31         1          1             1           1             1                1                  
2      28         1          1             1           1             1                1                  
3      29         2          2             2           0             0                0                  
4      36         1          1             1           0             0                0                  
5      21         0          0             0           0             0                0                  
6      43         1          1             1           1             1                1                  
7      19         2          2             2           0             0                0                  
8      32         2          2             2           0             0                0                  
9      40         3          3             3           1             1                1                  
10     28         0          0             0           0             0                0                  
11     39         2          2             2           0             0                0                  
12     27         3          3             3           0             0                0                  
13     23         0          0             0           0             0                0                  
14     24         0          0             0           0             0                0                  
15     39         0          0             0           0             0                0                  
16     22         0          0             0           0             0                0                  
17     27         2          2             2           0             0                0                  
18     32         1          1             1           0             0                0                  
19     31         2          2             2           0             0                0                  
20     23         1          1             1           1             1                0                  
21     24         1          1             1           0             0                0                  
22     32         3          3             3           1             1                1                  
23     21         1          1             1           0             0                0                  
24     17         1          1             1           1             1                1                  
25     24         1          1             1           0             0                0                  
26     34         3          3             3           1             1                1                  
27     28         0          0             0           0             0                0                  
28     33         1          1             1           0             0                0                  
29     31         1          1             1           0             0                0                  
30     15         0          0             0           0             0                0                  
31     25         0          0             0           0             0                0                  
32     23         0          0             0           0             0                0                  
33     27         0          0             0           0             0                0                  
34     26         0          0             0           0             0                0                  
35     36         1          1             1           1             1                1                  
36     30         1          1             1           1             1                1                  
37     30         1          1             1           1             1                1                  
38     25         1          1             1           1             1                1                  
39     20         1          1             1           0             0                0                  
40     19         2          2             2           0             0                0                  
41     31         1          1             1           1             1                0                  
42     32         1          1             1           0             0                0                  
43     23         1          1             1           0             0                0                  
44     24         0          0             0           0             0                0                  
45     26         3          3             3           0             0                0                  
46     31         2          2             2           1             1                1                  
47     27         2          2             2           1             1                1                  
48     20         2          2             2           0             0                0                  
49     24         1          1             1           0             0                0                  
50     28         0          0             0           0             0                0                  
51     28         0          0             0           0             0                0                  
52     20         0          0             0           0             0                0                  
53     26         1          1             1           0             0                0                  
54     19         1          1             1           0             0                0                  
55     23         1          1             1           0             0                0                  
56     30         2          2             2           0             0                0                  
57     30         1          1             1           0             0                0                  
58     18         0          0             0           0             0                0                  
59     25         2          2             2           1             1                1                  
60     25         2          2             2           1             1                1                  
61     33         2          2             2           1             1                1                  
62     21         0          0             0           0             0                0                  
63     26         0          0             0           0             0                0                  
64     32         1          1             1           0             0                0                  
65     35         4          4             4           1             1                1                  
66     29         3          3             3           2             2                2                  
67     27         0          0             0           0             0                0                  
68     30         1          1             1           0             0                0                  
69     21         0          0             0           0             0                0                  
70     31         1          1             1           0             0                0                  
71     25         0          0             0           0             0                0                  
72     24         1          1             1           0             0                0                  
73     30         1          1             1           0             0                0                  
74     28         2          2             2           0             0                0                  
75     29         1          1             1           1             1                1                  
76     23         0          0             0           0             0                0                  
77     25         1          1             1           1             1                0                  
78     18         1          1             1           1             1                1                  
79     21         0          0             0           0             0                0                  
80     24         1          1             1           0             0                0                  
----------------------------------------------------------------------------------
SUM    2156       86         86            86          24            24               21                 
----------------------------------------------------------------------------------

 Total Ripple Number: 

 Detection parameters:
     maximum_peak:    4
     maxRippleLength: 100
     detection_peaks: peaks
     num_peaks:       3
