Trial  Det1_2SD   Det2_4SD   Det3_MaxLen   Det4_Join   Det5_Cycles   68               101                
t6_Artif_Rej Det7_Spctr_Peak 1      28         0          0             0           0             0                0                  
2      29         0          0             0           0             0                0                  
3      31         0          0             0           0             0                0                  
4      32         1          1             1           0             0                0                  
5      26         2          2             2           0             0                0                  
6      32         1          1             1           0             0                0                  
7      32         0          0             0           0             0                0                  
8      35         1          1             1           0             0                0                  
9      37         2          2             2           1             1                1                  
10     29         2          2             2           1             1                1                  
11     27         2          2             2           0             0                0                  
12     21         1          1             1           1             1                1                  
13     34         1          1             1           1             1                1                  
14     28         1          1             1           0             0                0                  
15     25         0          0             0           0             0                0                  
16     22         0          0             0           0             0                0                  
17     34         1          1             1           1             1                1                  
18     34         1          1             1           0             0                0                  
19     25         0          0             0           0             0                0                  
20     34         0          0             0           0             0                0                  
21     30         0          0             0           0             0                0                  
22     29         1          1             1           1             1                1                  
23     31         0          0             0           0             0                0                  
24     34         0          0             0           0             0                0                  
25     32         1          1             1           1             1                1                  
26     30         1          1             1           1             1                1                  
27     32         0          0             0           0             0                0                  
28     29         4          4             4           0             0                0                  
29     27         1          1             1           0             0                0                  
30     29         0          0             0           0             0                0                  
31     41         0          0             0           0             0                0                  
32     32         0          0             0           0             0                0                  
33     31         0          0             0           0             0                0                  
34     27         1          1             1           0             0                0                  
35     30         0          0             0           0             0                0                  
36     27         1          1             1           1             1                0                  
37     27         1          1             1           0             0                0                  
38     32         1          1             1           0             0                0                  
39     27         0          0             0           0             0                0                  
40     30         1          1             1           1             1                1                  
41     34         3          3             3           3             3                3                  
42     28         0          0             0           0             0                0                  
43     28         1          1             1           1             1                1                  
44     34         1          1             1           0             0                0                  
45     39         0          0             0           0             0                0                  
46     28         0          0             0           0             0                0                  
47     25         0          0             0           0             0                0                  
48     21         1          1             1           0             0                0                  
49     21         0          0             0           0             0                0                  
50     28         1          1             1           0             0                0                  
51     23         0          0             0           0             0                0                  
52     23         0          0             0           0             0                0                  
53     31         0          0             0           0             0                0                  
54     31         2          2             2           2             2                1                  
55     29         1          1             1           1             1                1                  
56     25         0          0             0           0             0                0                  
57     29         0          0             0           0             0                0                  
58     30         0          0             0           0             0                0                  
59     23         1          1             1           0             0                0                  
60     24         0          0             0           0             0                0                  
61     24         0          0             0           0             0                0                  
62     31         0          0             0           0             0                0                  
63     27         1          1             1           1             1                1                  
64     30         0          0             0           0             0                0                  
65     30         1          1             1           1             1                1                  
66     25         0          0             0           0             0                0                  
67     27         1          1             1           0             0                0                  
68     33         2          2             2           0             0                0                  
69     18         1          1             1           0             0                0                  
70     24         0          0             0           0             0                0                  
71     28         0          0             0           0             0                0                  
72     25         0          0             0           0             0                0                  
73     33         1          1             1           0             0                0                  
74     34         1          1             1           1             1                1                  
75     33         0          0             0           0             0                0                  
76     32         1          1             1           0             0                0                  
77     32         0          0             0           0             0                0                  
78     39         0          0             0           0             0                0                  
79     35         0          0             0           0             0                0                  
80     24         1          1             1           0             0                0                  
----------------------------------------------------------------------------------
SUM    2340       50         50            50          20            20               18                 
----------------------------------------------------------------------------------

 Total Ripple Number: 

 Detection parameters:
     maximum_peak:    4
     maxRippleLength: 100
     detection_peaks: peaks
     num_peaks:       3
