Trial  Det1_2SD   Det2_4SD   Det3_MaxLen   Det4_Join   Det5_Cycles   68               101                
t6_Artif_Rej Det7_Spctr_Peak 1      28         2          2             2           1             0                0                  
2      16         1          1             1           0             0                0                  
3      24         2          2             2           0             0                0                  
4      31         3          3             3           1             1                1                  
5      30         0          0             0           0             0                0                  
6      39         2          2             2           1             1                1                  
7      24         1          1             1           0             0                0                  
8      32         1          1             1           1             1                0                  
9      24         1          1             1           0             0                0                  
10     28         2          2             2           0             0                0                  
11     32         3          3             3           0             0                0                  
12     26         3          3             3           1             1                0                  
13     23         2          2             2           1             1                1                  
14     33         1          1             1           0             0                0                  
15     29         1          1             1           0             0                0                  
16     34         5          5             5           1             1                1                  
17     31         3          3             3           0             0                0                  
18     27         2          2             2           1             1                1                  
19     29         3          3             3           1             1                1                  
20     28         3          3             3           2             2                2                  
21     25         3          3             3           1             1                1                  
22     26         1          1             1           0             0                0                  
23     31         0          0             0           0             0                0                  
24     22         1          1             1           0             0                0                  
25     29         5          5             5           1             1                1                  
26     34         2          2             2           0             0                0                  
27     32         0          0             0           0             0                0                  
28     28         1          1             1           0             0                0                  
29     34         4          4             4           0             0                0                  
30     28         3          3             3           0             0                0                  
31     24         2          2             2           0             0                0                  
32     29         2          2             2           1             1                1                  
33     27         1          1             1           1             1                1                  
34     35         1          1             1           1             1                1                  
35     28         2          2             2           0             0                0                  
36     25         3          3             3           1             1                1                  
37     19         4          4             4           2             2                2                  
38     21         0          0             0           0             0                0                  
39     20         0          0             0           0             0                0                  
40     28         2          2             2           0             0                0                  
41     28         1          1             1           0             0                0                  
42     31         4          4             4           1             1                1                  
43     33         4          4             4           1             1                1                  
44     26         1          1             1           0             0                0                  
45     24         0          0             0           0             0                0                  
46     23         1          1             1           0             0                0                  
47     27         2          2             2           0             0                0                  
48     29         2          2             2           0             0                0                  
49     26         1          1             1           0             0                0                  
50     17         1          1             1           1             1                1                  
51     24         3          3             3           1             1                1                  
52     29         3          3             3           0             0                0                  
53     25         2          2             2           1             1                0                  
54     26         1          1             1           0             0                0                  
55     25         2          2             2           0             0                0                  
56     23         2          2             2           0             0                0                  
57     24         2          2             2           1             1                1                  
58     35         3          3             3           2             2                2                  
59     26         2          2             2           0             0                0                  
60     27         1          1             1           0             0                0                  
61     29         3          3             3           1             1                1                  
62     23         1          1             1           0             0                0                  
63     26         1          1             1           0             0                0                  
64     28         0          0             0           0             0                0                  
65     29         4          4             4           1             1                1                  
66     27         1          1             1           0             0                0                  
67     29         1          1             1           0             0                0                  
68     35         1          1             1           0             0                0                  
69     29         2          2             2           0             0                0                  
70     20         1          1             1           0             0                0                  
71     23         0          0             0           0             0                0                  
72     35         2          2             2           0             0                0                  
73     27         1          1             1           0             0                0                  
74     26         1          1             1           0             0                0                  
75     27         1          1             1           0             0                0                  
76     27         0          0             0           0             0                0                  
77     29         0          0             0           0             0                0                  
78     25         0          0             0           0             0                0                  
79     29         2          2             2           1             1                1                  
80     32         1          1             1           1             1                1                  
----------------------------------------------------------------------------------
SUM    2196       139        139           139         31            30               27                 
----------------------------------------------------------------------------------

 Total Ripple Number: 

 Detection parameters:
     maximum_peak:    4
     maxRippleLength: 100
     detection_peaks: peaks
     num_peaks:       3
