Trial  Det1_2SD   Det2_4SD   Det3_MaxLen   Det4_Join   Det5_Cycles   68               101                
t6_Artif_Rej Det7_Spctr_Peak 1      24         3          3             3           0             0                0                  
2      19         1          1             1           0             0                0                  
3      20         2          2             2           0             0                0                  
4      31         3          3             3           0             0                0                  
5      28         4          4             4           0             0                0                  
6      25         8          8             8           2             2                2                  
7      25         7          7             7           1             1                0                  
8      26         3          3             3           1             1                0                  
9      25         3          3             3           1             1                0                  
10     22         1          1             1           0             0                0                  
11     30         6          6             6           3             3                3                  
12     19         5          5             5           2             2                1                  
13     42         17         17            16          5             5                3                  
14     30         7          7             7           5             5                3                  
15     18         2          2             2           1             1                1                  
16     21         3          3             3           0             0                0                  
17     28         7          7             7           1             1                0                  
18     29         6          6             6           3             3                3                  
19     31         7          7             7           2             2                2                  
20     19         6          6             6           2             2                2                  
21     24         4          4             4           2             2                2                  
22     24         3          3             3           1             1                0                  
23     26         7          7             7           2             2                2                  
24     33         6          6             6           3             3                3                  
25     44         6          6             6           1             1                1                  
26     29         6          6             6           4             4                3                  
27     19         3          3             3           1             1                1                  
28     26         4          4             4           1             1                0                  
29     31         5          5             5           3             3                0                  
30     37         8          8             8           2             2                0                  
31     37         11         11            11          5             5                2                  
32     20         5          5             5           0             0                0                  
33     31         4          4             4           2             2                0                  
34     29         4          4             4           0             0                0                  
35     24         5          5             5           2             2                2                  
36     27         6          6             6           3             3                1                  
37     27         7          7             7           2             2                1                  
38     24         3          3             3           0             0                0                  
39     19         3          3             3           2             2                2                  
40     21         2          2             2           1             1                0                  
41     19         5          5             5           1             1                1                  
42     23         1          1             1           0             0                0                  
43     27         5          5             5           2             2                1                  
44     29         8          8             8           4             4                3                  
45     29         5          5             5           2             2                1                  
46     35         7          7             7           4             4                3                  
47     43         7          7             7           3             3                3                  
48     25         6          6             6           2             2                2                  
49     28         2          2             2           1             1                1                  
50     33         5          5             5           1             1                1                  
51     18         4          4             4           0             0                0                  
52     26         4          4             4           0             0                0                  
53     35         5          5             5           1             1                0                  
54     26         1          1             1           0             0                0                  
55     37         6          6             6           3             3                2                  
56     30         7          7             7           2             2                0                  
57     41         2          2             2           0             0                0                  
58     23         6          6             6           3             3                2                  
59     43         12         12            12          4             4                2                  
60     24         4          4             4           2             2                1                  
61     22         1          1             1           0             0                0                  
62     28         3          3             3           0             0                0                  
63     42         12         12            12          4             4                0                  
64     33         9          9             9           1             1                1                  
65     30         6          6             6           2             2                1                  
66     22         6          6             6           2             2                0                  
67     26         3          3             3           2             2                0                  
68     23         5          5             5           1             1                0                  
69     31         6          6             6           1             1                0                  
70     31         4          4             4           1             1                0                  
71     21         1          1             1           0             0                0                  
72     35         9          9             9           3             3                2                  
73     35         8          8             8           0             0                0                  
74     32         7          7             7           1             1                0                  
75     36         7          7             7           2             2                1                  
76     35         7          7             7           3             3                1                  
77     29         6          6             6           0             0                0                  
78     30         4          4             4           1             1                1                  
79     36         6          6             6           3             3                3                  
80     22         3          3             3           2             2                1                  
----------------------------------------------------------------------------------
SUM    2257       418        418           417         130           130              74                 
----------------------------------------------------------------------------------

 Total Ripple Number: J

 Detection parameters:
     maximum_peak:    3
     maxRippleLength: 100
     detection_peaks: thrsh
     num_peaks:       3
