Trial  Det1_2SD   Det2_4SD   Det3_MaxLen   Det4_Join   Det5_Cycles   68               101                
t6_Artif_Rej Det7_Spctr_Peak 1      22         4          4             4           2             2                1                  
2      25         2          2             2           1             1                1                  
3      21         4          4             4           2             2                0                  
4      24         0          0             0           0             0                0                  
5      23         1          1             1           0             0                0                  
6      22         2          2             2           2             2                0                  
7      21         3          3             3           2             2                1                  
8      22         6          6             6           4             4                4                  
9      27         4          4             4           2             2                2                  
10     23         1          1             1           0             0                0                  
11     19         3          3             3           2             2                1                  
12     15         2          2             2           0             0                0                  
13     33         4          4             4           1             1                1                  
14     30         6          6             6           1             1                1                  
15     21         3          3             3           1             1                0                  
16     19         3          3             3           1             1                0                  
17     20         6          6             6           5             5                3                  
18     33         4          4             4           2             2                1                  
19     21         3          3             3           1             1                1                  
20     15         2          2             2           2             2                1                  
21     22         4          4             4           0             0                0                  
22     29         5          5             5           3             3                2                  
23     20         4          4             4           4             4                3                  
24     26         6          6             6           4             4                2                  
25     24         4          4             4           4             4                1                  
26     22         2          2             2           2             2                2                  
27     19         6          6             6           4             4                3                  
28     20         6          6             6           4             4                3                  
29     28         5          5             5           4             4                3                  
30     31         8          8             8           6             6                3                  
31     36         11         11            11          8             8                4                  
32     43         11         11            10          7             7                3                  
33     19         3          3             3           2             2                0                  
34     22         6          6             6           5             5                2                  
35     24         4          4             4           2             2                0                  
36     33         10         10            10          7             7                3                  
37     24         4          4             4           3             3                1                  
38     20         4          4             4           3             3                2                  
39     22         5          5             5           2             2                1                  
40     18         3          3             3           0             0                0                  
41     12         3          3             3           0             0                0                  
42     22         4          4             4           1             1                0                  
43     24         4          4             4           2             2                1                  
44     19         3          3             3           1             1                1                  
45     26         4          4             4           2             2                1                  
46     36         6          6             6           3             3                0                  
47     36         8          8             8           4             4                0                  
48     29         4          4             4           2             2                1                  
49     31         8          8             8           5             5                2                  
50     30         9          9             9           7             7                4                  
51     19         2          2             2           1             1                1                  
52     26         4          4             4           3             3                3                  
53     23         5          5             5           2             2                1                  
54     17         3          3             3           1             1                1                  
55     19         2          2             2           1             1                0                  
56     26         5          5             5           4             4                2                  
57     18         2          2             2           1             1                1                  
58     29         5          5             5           3             3                2                  
59     35         10         10            10          7             7                1                  
60     33         6          6             6           4             4                2                  
61     25         3          3             3           2             2                1                  
62     16         3          3             3           3             3                2                  
63     26         6          6             6           4             4                4                  
64     15         2          2             2           1             1                1                  
65     20         6          6             6           3             3                2                  
66     29         6          6             6           3             3                2                  
67     20         3          3             3           2             2                2                  
68     17         4          4             4           1             1                0                  
69     23         4          4             4           2             2                1                  
70     21         5          5             5           3             3                2                  
71     20         2          2             2           1             1                0                  
72     21         2          2             2           1             1                0                  
73     26         4          4             4           2             2                1                  
74     27         5          5             5           4             4                3                  
75     28         8          8             8           5             5                3                  
76     17         2          2             2           1             1                1                  
77     18         3          3             3           1             1                1                  
78     26         5          5             5           0             0                0                  
79     22         7          7             7           3             3                1                  
80     17         2          2             2           1             1                1                  
----------------------------------------------------------------------------------
SUM    1902       353        353           352         202           202              108                
----------------------------------------------------------------------------------

 Total Ripple Number: l

 Detection parameters:
     maximum_peak:    3
     maxRippleLength: 100
     detection_peaks: thrsh
     num_peaks:       3
