Trial  Det1_2SD   Det2_4SD   Det3_MaxLen   Det4_Join   Det5_Cycles   68               101                
t6_Artif_Rej Det7_Spctr_Peak 1      31         6          6             6           1             1                1                  
2      28         5          5             5           1             1                1                  
3      29         7          7             7           2             2                2                  
4      36         11         11            11          0             0                0                  
5      21         7          7             7           1             1                0                  
6      43         9          9             9           2             2                2                  
7      19         5          5             5           3             3                3                  
8      32         4          4             4           2             2                0                  
9      40         10         10            10          4             4                4                  
10     28         9          9             9           2             2                2                  
11     39         13         13            13          4             4                4                  
12     27         5          5             5           3             3                2                  
13     23         5          5             5           4             4                4                  
14     24         1          1             1           0             0                0                  
15     39         6          6             6           0             0                0                  
16     22         7          7             7           2             2                2                  
17     27         8          8             8           2             2                1                  
18     32         5          5             5           3             3                3                  
19     31         7          7             7           2             2                2                  
20     23         3          3             3           2             2                1                  
21     24         3          3             3           0             0                0                  
22     32         11         11            11          3             3                3                  
23     21         3          3             3           1             1                1                  
24     17         3          3             3           1             1                1                  
25     24         7          7             7           1             1                1                  
26     34         6          6             6           2             2                2                  
27     28         4          4             4           1             1                0                  
28     33         5          5             5           2             2                2                  
29     31         6          6             6           0             0                0                  
30     15         7          7             7           1             1                1                  
31     25         2          2             2           0             0                0                  
32     23         4          4             4           0             0                0                  
33     27         7          7             7           2             2                2                  
34     26         6          6             6           2             2                2                  
35     36         7          7             7           2             2                2                  
36     30         6          6             6           1             1                1                  
37     30         4          4             4           2             2                2                  
38     25         5          5             5           2             2                2                  
39     20         7          7             7           0             0                0                  
40     19         6          6             6           0             0                0                  
41     31         7          7             7           1             1                0                  
42     32         5          5             5           2             2                2                  
43     23         4          4             4           2             2                2                  
44     24         2          2             2           1             1                1                  
45     26         7          7             7           3             3                1                  
46     31         6          6             6           5             5                3                  
47     27         11         11            11          4             4                4                  
48     20         6          6             6           1             1                1                  
49     24         1          1             1           0             0                0                  
50     28         2          2             2           1             1                1                  
51     28         1          1             1           1             1                1                  
52     20         3          3             3           0             0                0                  
53     26         4          4             4           0             0                0                  
54     19         2          2             2           1             1                1                  
55     23         4          4             4           3             3                3                  
56     30         6          6             6           4             4                4                  
57     30         4          4             4           1             1                1                  
58     18         2          2             2           0             0                0                  
59     25         4          4             4           2             2                2                  
60     25         6          6             6           1             1                1                  
61     33         6          6             6           1             1                1                  
62     21         4          4             4           0             0                0                  
63     26         6          6             6           1             1                1                  
64     32         8          8             8           0             0                0                  
65     35         11         11            11          2             2                1                  
66     29         7          7             7           4             4                3                  
67     27         5          5             5           2             2                2                  
68     30         9          9             9           3             3                3                  
69     21         6          6             6           3             3                2                  
70     31         10         10            10          3             3                2                  
71     25         5          5             5           3             3                2                  
72     24         7          7             7           3             3                3                  
73     30         6          6             6           1             1                1                  
74     28         5          5             5           1             1                1                  
75     29         9          9             9           4             4                3                  
76     23         8          8             8           2             2                2                  
77     25         7          7             7           2             2                1                  
78     18         2          2             2           2             2                2                  
79     21         4          4             4           2             2                2                  
80     24         6          6             6           1             1                1                  
----------------------------------------------------------------------------------
SUM    2156       460        460           460         136           136              117                
----------------------------------------------------------------------------------

 Total Ripple Number: u

 Detection parameters:
     maximum_peak:    3
     maxRippleLength: 100
     detection_peaks: thrsh
     num_peaks:       3
