Trial  Det1_2SD   Det2_4SD   Det3_MaxLen   Det4_Join   Det5_Cycles   Det6_Artif_Rej  
1      23         6          6             6           2             2               
2      28         4          4             4           1             1               
3      27         5          5             5           1             1               
4      26         3          3             3           1             1               
5      28         5          5             5           0             0               
6      13         2          2             2           1             1               
7      36         8          8             8           3             3               
8      39         18         18            17          8             8               
9      22         5          5             5           1             1               
10     41         9          9             9           4             4               
11     35         11         11            11          4             4               
12     28         8          8             8           4             4               
13     42         10         10            10          5             5               
14     34         8          8             8           4             4               
15     23         4          4             4           2             2               
16     26         4          4             4           1             1               
17     27         4          4             4           1             1               
18     20         5          5             5           1             1               
19     30         7          7             7           2             2               
20     30         8          8             8           3             2               
21     33         10         10            10          5             5               
22     27         4          4             4           3             3               
23     28         7          7             6           2             2               
24     27         4          4             4           1             1               
25     25         7          7             6           4             4               
26     25         6          6             6           1             1               
27     30         8          8             8           2             2               
28     21         6          6             6           3             3               
29     29         4          4             4           1             1               
30     36         13         13            13          5             5               
31     29         5          5             5           3             3               
32     28         4          4             4           2             2               
33     17         4          4             4           0             0               
34     29         4          4             4           2             2               
35     24         7          7             7           2             2               
36     32         4          4             4           1             0               
37     32         6          6             6           1             0               
38     25         5          5             5           2             2               
39     29         4          4             4           0             0               
40     30         8          8             8           1             1               
41     20         3          3             3           1             1               
42     23         4          4             4           2             2               
43     32         7          7             7           3             3               
44     32         8          8             8           6             6               
45     24         8          8             8           3             3               
46     32         10         10            10          3             3               
47     24         4          4             4           1             1               
48     32         5          5             5           1             1               
49     29         2          2             2           0             0               
50     29         2          2             2           1             1               
51     29         5          5             5           1             1               
52     19         5          5             5           2             2               
53     35         7          7             7           3             2               
54     21         4          4             4           2             2               
55     38         10         10            10          4             4               
56     29         7          7             7           2             2               
57     29         7          7             7           3             3               
58     28         5          5             5           1             1               
59     23         2          2             2           0             0               
60     27         2          2             2           1             1               
61     36         9          9             9           3             3               
62     30         6          6             6           3             3               
63     31         8          8             8           1             1               
64     15         1          1             1           0             0               
65     30         9          9             9           1             1               
66     23         4          4             4           0             0               
67     31         4          4             4           2             2               
68     23         1          1             1           1             1               
69     11         4          4             4           1             1               
70     21         2          2             2           1             1               
71     34         10         10            10          4             4               
72     31         7          7             7           3             3               
73     19         3          3             3           0             0               
74     28         7          7             7           3             3               
75     34         9          9             9           1             1               
76     24         4          4             4           2             2               
77     28         5          5             5           2             2               
78     23         4          4             4           1             1               
79     22         7          7             7           3             3               
80     27         6          6             6           4             3               
----------------------------------------------------------------------------------
SUM    2210       471        471           468         166           161             
----------------------------------------------------------------------------------

 Total Ripple Number: ¡

 Detection parameters:
     maximum_peak:    3
     maxRippleLength: 100
     detection_peaks: thrsh
     num_peaks:       3
