Trial  Det1_2SD   Det2_4SD   Det3_MaxLen   Det4_Join   Det5_Cycles   Det6_Artif_Rej  
1      20         3          3             3           2             2               
2      27         4          4             4           3             3               
3      21         4          4             4           2             2               
4      23         5          5             5           4             4               
5      20         5          5             5           2             2               
6      26         6          6             6           1             1               
7      29         6          6             6           1             1               
8      32         10         10            10          4             4               
9      19         2          2             2           0             0               
10     35         8          8             8           4             4               
11     29         2          2             2           2             2               
12     22         2          2             2           0             0               
13     29         7          7             7           5             5               
14     26         6          6             6           3             3               
15     22         3          3             3           1             1               
16     22         4          4             4           2             2               
17     40         7          7             7           2             2               
18     21         4          4             4           2             2               
19     17         5          5             5           1             1               
20     36         7          7             7           2             2               
21     21         1          1             1           1             1               
22     19         5          5             5           1             1               
23     22         4          4             4           1             1               
24     23         5          5             5           0             0               
25     27         7          7             7           4             4               
26     21         4          4             4           3             3               
27     29         3          3             3           2             2               
28     30         5          5             5           3             2               
29     31         8          8             8           6             6               
30     26         4          4             4           2             2               
31     23         3          3             3           1             1               
32     31         5          5             5           0             0               
33     22         1          1             1           0             0               
34     33         5          5             5           1             1               
35     22         7          7             7           4             4               
36     31         9          9             9           4             4               
37     31         3          3             3           0             0               
38     26         4          4             4           1             1               
39     18         3          3             3           1             1               
40     28         4          4             4           3             3               
41     16         0          0             0           0             0               
42     28         7          7             7           3             3               
43     23         5          5             5           2             2               
44     27         4          4             4           2             2               
45     28         6          6             6           3             3               
46     31         6          6             6           2             2               
47     8          0          0             0           0             0               
48     21         3          3             3           1             1               
49     27         4          4             4           2             2               
50     34         10         10            10          5             5               
51     36         10         10            10          4             4               
52     33         7          7             7           3             3               
53     31         5          5             5           4             3               
54     17         5          5             5           0             0               
55     29         8          8             8           3             3               
56     32         9          9             9           4             4               
57     31         5          5             5           2             2               
58     27         6          6             6           4             4               
59     14         3          3             3           1             1               
60     17         6          6             6           5             5               
61     33         8          8             8           3             3               
62     25         4          4             4           2             2               
63     20         3          3             3           2             2               
64     14         2          2             2           1             1               
65     24         6          6             6           1             1               
66     31         8          8             8           0             0               
67     26         4          4             4           2             2               
68     27         4          4             4           1             1               
69     27         7          7             6           3             3               
70     28         5          5             5           2             2               
71     33         9          9             8           5             5               
72     26         3          3             3           2             2               
73     17         5          5             5           3             3               
74     26         2          2             2           0             0               
75     16         6          6             6           2             2               
76     14         3          3             3           2             2               
77     20         6          6             6           3             3               
78     30         8          8             8           4             3               
79     16         1          1             1           1             1               
80     16         2          2             2           1             1               
----------------------------------------------------------------------------------
SUM    2009       395        395           393         171           168             
----------------------------------------------------------------------------------

 Total Ripple Number: ¨

 Detection parameters:
     maximum_peak:    3
     maxRippleLength: 100
     detection_peaks: thrsh
     num_peaks:       3
