Trial  Det1_2SD   Det2_4SD   Det3_MaxLen   Det4_Join   Det5_Cycles   Det6_Artif_Rej  
1      33         5          5             5           4             4               
2      37         12         12            12          5             5               
3      28         5          5             5           2             2               
4      31         2          2             2           0             0               
5      22         6          6             6           1             1               
6      18         2          2             2           0             0               
7      31         5          5             5           1             1               
8      23         4          4             4           2             2               
9      24         4          4             4           1             1               
10     25         7          7             7           3             3               
11     32         5          5             5           1             1               
12     28         4          4             4           0             0               
13     41         11         11            11          4             3               
14     24         6          6             6           3             3               
15     26         9          9             9           3             3               
16     20         2          2             2           0             0               
17     32         8          8             8           3             2               
18     19         2          2             2           0             0               
19     17         2          2             2           1             1               
20     23         1          1             1           0             0               
21     19         4          4             4           2             2               
22     24         4          4             4           2             2               
23     29         2          2             2           0             0               
24     29         8          8             8           2             2               
25     33         14         14            14          5             5               
26     27         6          6             6           2             2               
27     23         3          3             3           1             1               
28     20         5          5             5           1             1               
29     33         7          7             7           3             3               
30     25         7          7             7           2             2               
31     25         7          7             7           2             2               
32     23         2          2             2           1             1               
33     24         4          4             4           0             0               
34     24         4          4             4           2             2               
35     24         5          5             5           1             1               
36     38         12         12            12          4             3               
37     28         7          7             7           2             1               
38     33         11         11            11          5             5               
39     24         6          6             6           4             4               
40     21         1          1             1           0             0               
41     26         4          4             4           0             0               
42     24         2          2             2           1             1               
43     24         3          3             3           2             2               
44     29         5          5             5           0             0               
45     20         3          3             3           2             2               
46     23         6          6             6           1             1               
47     28         2          2             2           0             0               
48     36         4          4             4           1             1               
49     34         6          6             6           1             1               
50     26         7          7             7           3             3               
51     30         11         11            11          5             5               
52     22         4          4             4           1             1               
53     34         8          8             8           3             2               
54     33         7          7             7           2             2               
55     38         7          7             7           3             3               
56     45         12         12            12          8             8               
57     29         8          8             8           3             3               
58     29         3          3             3           2             2               
59     23         4          4             4           1             1               
60     20         4          4             4           1             1               
61     28         8          8             8           6             6               
62     24         6          6             6           2             2               
63     29         7          7             7           1             1               
64     34         11         11            11          2             2               
65     27         4          4             4           1             1               
66     23         3          3             3           1             1               
67     24         2          2             2           0             0               
68     25         5          5             5           1             1               
69     27         5          5             5           2             2               
70     29         4          4             4           3             3               
71     26         5          5             5           2             2               
72     25         3          3             3           1             1               
73     22         1          1             1           1             1               
74     35         9          9             9           4             4               
75     24         8          8             8           3             3               
76     16         2          2             2           1             1               
77     33         8          8             8           2             2               
78     26         4          4             4           2             2               
79     32         4          4             4           2             2               
80     33         3          3             3           2             2               
----------------------------------------------------------------------------------
SUM    2175       433        433           433         154           149             
----------------------------------------------------------------------------------

 Total Ripple Number: 

 Detection parameters:
     maximum_peak:    3
     maxRippleLength: 100
     detection_peaks: thrsh
     num_peaks:       3
