Trial  Det1_2SD   Det2_4SD   Det3_MaxLen   Det4_Join   Det5_Cycles   Det6_Artif_Rej  
1      30         6          6             6           4             4               
2      23         7          7             7           1             1               
3      21         8          8             8           2             2               
4      14         1          1             1           0             0               
5      18         5          5             5           1             1               
6      25         11         11            11          2             2               
7      24         5          5             5           3             3               
8      29         6          6             5           2             2               
9      26         3          3             3           0             0               
10     25         3          3             3           0             0               
11     33         10         10            10          4             4               
12     40         14         14            13          6             6               
13     37         12         12            11          6             6               
14     27         3          3             3           2             2               
15     26         9          9             8           4             4               
16     31         3          3             3           0             0               
17     28         6          6             6           2             2               
18     35         11         11            10          1             1               
19     32         7          7             7           1             1               
20     36         9          9             9           3             2               
21     30         7          7             7           3             3               
22     17         4          4             4           1             1               
23     20         3          3             3           3             3               
24     28         7          7             7           2             2               
25     26         5          5             5           2             2               
26     34         9          9             9           4             4               
27     33         8          8             8           1             1               
28     31         8          8             8           2             2               
29     31         7          7             7           4             4               
30     25         5          5             5           0             0               
31     35         3          3             3           2             2               
32     43         16         16            15          10            9               
33     28         6          6             5           3             3               
34     35         4          4             4           2             2               
35     30         6          6             6           2             2               
36     15         1          1             1           1             1               
37     27         5          5             5           2             2               
38     27         4          4             4           0             0               
39     23         2          2             2           1             1               
40     22         4          4             4           0             0               
41     36         9          9             9           1             1               
42     19         2          2             2           1             1               
43     24         7          7             7           4             4               
44     32         9          9             9           4             4               
45     17         3          3             3           1             1               
46     24         7          7             7           2             2               
47     26         2          2             2           1             1               
48     29         5          5             5           1             1               
49     25         4          4             4           1             1               
50     23         6          6             6           2             2               
51     33         6          6             6           1             1               
52     24         9          9             9           3             3               
53     32         7          7             7           3             2               
54     32         8          8             8           0             0               
55     41         12         12            12          2             2               
56     33         7          7             7           1             1               
57     21         6          6             6           3             3               
58     18         3          3             3           2             2               
59     24         4          4             4           0             0               
60     38         10         10            10          3             3               
61     31         7          7             6           3             3               
62     33         5          5             5           1             1               
63     19         9          9             9           2             2               
64     28         2          2             2           0             0               
65     34         7          7             7           2             2               
66     27         9          9             9           1             1               
67     27         8          8             8           2             2               
68     29         6          6             6           1             1               
69     15         2          2             2           1             1               
70     21         5          5             5           2             2               
71     32         6          6             6           1             1               
72     38         5          5             3           3             3               
73     17         0          0             0           0             0               
74     27         5          5             5           1             1               
75     43         16         16            15          6             6               
76     23         8          8             7           4             4               
77     30         5          5             4           3             3               
78     27         8          8             8           2             2               
79     29         6          6             6           1             1               
80     17         2          2             2           0             0               
----------------------------------------------------------------------------------
SUM    2218       500        500           487         161           158             
----------------------------------------------------------------------------------

 Total Ripple Number: 

 Detection parameters:
     maximum_peak:    3
     maxRippleLength: 100
     detection_peaks: thrsh
     num_peaks:       3
