Trial  Det1_2SD   Det2_4SD   Det3_MaxLen   Det4_Join   Det5_Cycles   Det6_Artif_Rej  
1      35         8          8             8           3             3               
2      30         5          5             5           2             2               
3      27         7          7             7           3             3               
4      22         1          1             1           0             0               
5      20         5          5             5           0             0               
6      16         3          3             3           1             1               
7      25         7          7             7           3             3               
8      30         6          6             6           2             2               
9      28         7          7             7           4             4               
10     25         4          4             4           1             1               
11     31         6          6             6           3             3               
12     25         4          4             4           1             1               
13     26         9          9             9           3             3               
14     33         7          7             7           2             2               
15     23         7          7             7           3             3               
16     21         2          2             2           1             1               
17     38         5          5             5           1             1               
18     38         9          9             9           5             5               
19     40         8          8             8           3             2               
20     27         7          7             7           1             1               
21     22         6          6             6           3             3               
22     35         4          4             4           2             2               
23     25         7          7             7           5             5               
24     30         6          6             6           2             2               
25     29         3          3             3           0             0               
26     29         3          3             3           1             1               
27     36         9          9             8           4             4               
28     36         3          3             2           2             2               
29     29         4          4             4           1             1               
30     35         13         13            13          4             4               
31     36         7          7             7           4             4               
32     24         3          3             3           1             1               
33     39         9          9             9           4             4               
34     25         1          1             1           0             0               
35     20         2          2             2           0             0               
36     33         8          8             8           4             4               
37     25         4          4             4           2             2               
38     30         10         10            10          2             2               
39     28         8          8             8           2             2               
40     31         4          4             4           2             2               
41     19         5          5             5           3             3               
42     23         2          2             2           1             1               
43     31         6          6             6           1             1               
44     23         4          4             4           1             1               
45     29         6          6             6           3             3               
46     32         5          5             5           2             2               
47     23         4          4             4           0             0               
48     28         1          1             1           0             0               
49     25         3          3             3           0             0               
50     22         3          3             3           0             0               
51     33         9          9             9           2             2               
52     32         6          6             6           1             1               
53     26         6          6             6           3             3               
54     30         11         11            11          2             2               
55     21         6          6             6           1             1               
56     27         7          7             7           1             1               
57     30         9          9             8           2             2               
58     28         5          5             4           1             1               
59     21         3          3             3           2             2               
60     30         6          6             6           3             3               
61     28         4          4             4           1             1               
62     32         7          7             7           4             4               
63     20         6          6             6           1             1               
64     24         4          4             4           0             0               
65     26         5          5             5           2             2               
66     21         3          3             3           0             0               
67     30         5          5             5           1             1               
68     25         2          2             2           1             1               
69     24         3          3             3           1             1               
70     26         7          7             7           1             1               
71     25         1          1             1           0             0               
72     30         9          9             9           2             2               
73     21         7          7             7           4             4               
74     29         8          8             8           4             4               
75     18         3          3             3           1             1               
76     21         2          2             2           0             0               
77     22         2          2             2           1             1               
78     18         2          2             2           0             0               
79     23         3          3             3           0             0               
80     15         3          3             3           0             0               
----------------------------------------------------------------------------------
SUM    2168       424        424           420         140           139             
----------------------------------------------------------------------------------

 Total Ripple Number: 

 Detection parameters:
     maximum_peak:    3
     maxRippleLength: 100
     detection_peaks: thrsh
     num_peaks:       3
