Trial  Det1_2SD   Det2_4SD   Det3_MaxLen   Det4_Join   Det5_Cycles   Det6_Artif_Rej  
1      21         3          3             3           0             0               
2      35         7          7             7           2             2               
3      29         4          4             4           2             2               
4      30         8          8             8           4             4               
5      29         7          7             7           1             1               
6      20         2          2             2           1             1               
7      25         7          7             7           1             1               
8      29         5          5             5           3             3               
9      24         4          4             4           1             1               
10     35         5          5             5           2             2               
11     35         3          3             3           1             1               
12     30         10         10            10          4             4               
13     36         9          9             9           2             2               
14     36         3          3             3           0             0               
15     34         3          3             3           1             1               
16     29         0          0             0           0             0               
17     26         8          8             8           4             3               
18     29         2          2             2           0             0               
19     40         7          7             7           2             1               
20     24         3          3             3           0             0               
21     19         4          4             4           2             2               
22     34         11         11            11          9             9               
23     15         1          1             1           0             0               
24     34         10         10            10          2             2               
25     24         6          6             6           1             1               
26     34         7          7             7           4             4               
27     22         6          6             5           3             2               
28     29         4          4             4           2             1               
29     37         7          7             7           2             2               
30     29         8          8             8           1             1               
31     31         7          7             7           1             1               
32     22         2          2             2           0             0               
33     31         9          9             9           2             2               
34     22         4          4             4           1             1               
35     22         3          3             3           0             0               
36     37         9          9             9           3             3               
37     36         12         12            11          6             5               
38     38         9          9             9           2             2               
39     26         6          6             6           0             0               
40     32         13         13            13          3             3               
41     22         3          3             3           2             2               
42     31         6          6             6           4             4               
43     35         2          2             2           2             2               
44     29         7          7             7           3             3               
45     25         5          5             5           1             1               
46     23         6          6             6           0             0               
47     25         5          5             5           1             1               
48     26         5          5             5           3             3               
49     25         10         10            10          2             2               
50     33         7          7             7           1             1               
51     35         5          5             5           2             2               
52     33         8          8             8           4             4               
53     43         11         11            11          3             2               
54     23         6          6             6           0             0               
55     33         6          6             5           1             1               
56     32         7          7             7           2             2               
57     38         8          8             8           1             1               
58     24         1          1             1           1             1               
59     25         8          8             8           3             3               
60     27         7          7             7           1             1               
61     28         6          6             6           1             1               
62     21         2          2             2           1             1               
63     18         1          1             1           1             1               
64     30         9          9             9           1             1               
65     27         8          8             8           3             3               
66     28         8          8             8           4             4               
67     30         7          7             7           2             2               
68     23         7          7             7           0             0               
69     22         3          3             3           0             0               
70     22         5          5             5           3             3               
71     19         3          3             3           0             0               
72     26         5          5             5           0             0               
73     20         4          4             4           0             0               
74     29         4          4             4           2             2               
75     27         5          5             5           1             1               
76     16         5          5             5           2             2               
77     24         5          5             5           1             1               
78     21         0          0             0           0             0               
79     23         4          4             4           1             1               
80     27         6          6             6           1             1               
----------------------------------------------------------------------------------
SUM    2238       458        458           455         136           130             
----------------------------------------------------------------------------------

 Total Ripple Number: 

 Detection parameters:
     maximum_peak:    3
     maxRippleLength: 100
     detection_peaks: thrsh
     num_peaks:       3
