Trial  Det1_2SD   Det2_4SD   Det3_MaxLen   Det4_Join   Det5_Cycles   Det6_Artif_Rej  
1      19         3          3             3           2             2               
2      27         2          2             2           0             0               
3      23         5          5             5           1             1               
4      30         6          6             6           1             1               
5      26         4          4             4           1             1               
6      19         3          3             3           1             1               
7      32         5          5             4           2             2               
8      28         2          2             2           1             1               
9      27         4          4             4           3             3               
10     45         9          9             9           3             3               
11     25         4          4             4           1             1               
12     26         7          7             7           2             2               
13     34         7          7             7           3             2               
14     26         5          5             5           2             2               
15     31         6          6             6           2             2               
16     26         4          4             4           0             0               
17     26         9          9             9           4             3               
18     33         6          6             6           1             1               
19     30         5          5             5           2             1               
20     24         5          5             5           4             3               
21     29         6          6             6           3             3               
22     27         6          6             6           3             3               
23     33         4          4             4           1             1               
24     27         7          7             7           3             3               
25     31         4          4             4           2             2               
26     27         3          3             3           1             1               
27     32         6          6             6           1             1               
28     24         3          3             3           1             1               
29     34         8          8             7           5             5               
30     27         6          6             6           2             2               
31     31         2          2             2           0             0               
32     23         6          6             6           3             3               
33     20         2          2             2           1             1               
34     21         5          5             5           2             2               
35     34         6          6             6           2             2               
36     31         9          9             9           4             4               
37     24         6          6             6           1             1               
38     30         6          6             6           1             1               
39     20         1          1             1           0             0               
40     40         10         10            10          5             5               
41     25         3          3             3           0             0               
42     30         5          5             5           1             1               
43     22         3          3             3           1             1               
44     26         6          6             6           2             2               
45     35         5          5             5           0             0               
46     26         8          8             8           3             3               
47     24         6          6             6           1             1               
48     32         8          8             8           1             1               
49     21         3          3             3           0             0               
50     22         2          2             2           1             1               
51     33         8          8             8           3             3               
52     28         9          9             9           1             1               
53     27         7          7             7           3             2               
54     21         4          4             4           2             2               
55     19         6          6             6           1             1               
56     18         1          1             1           0             0               
57     22         8          8             8           3             3               
58     20         1          1             1           0             0               
59     22         3          3             3           2             2               
60     34         10         10            10          4             4               
61     27         6          6             6           3             3               
62     27         6          6             6           2             2               
63     20         7          7             7           4             4               
64     16         3          3             3           1             1               
65     32         8          8             8           4             4               
66     18         2          2             2           1             1               
67     25         3          3             3           1             1               
68     19         3          3             3           1             1               
69     22         4          4             4           2             2               
70     31         3          3             3           0             0               
71     26         4          4             4           0             0               
72     27         7          7             7           3             3               
73     26         6          6             6           2             2               
74     41         11         11            11          4             4               
75     32         4          4             4           1             1               
76     29         5          5             5           0             0               
77     28         7          7             7           1             0               
78     31         4          4             4           0             0               
79     29         3          3             3           1             1               
80     31         3          3             3           1             1               
----------------------------------------------------------------------------------
SUM    2166       412        412           410         138           132             
----------------------------------------------------------------------------------

 Total Ripple Number: 

 Detection parameters:
     maximum_peak:    3
     maxRippleLength: 100
     detection_peaks: thrsh
     num_peaks:       3
