Trial  Det1_2SD   Det2_4SD   Det3_MaxLen   Det4_Join   Det5_Cycles   68               101                

t6_Artif_Rej Det7_Spctr_Peak 1      33         6          6             6           2             2                1                  
2      37         5          5             5           2             2                2                  
3      33         9          9             9           5             5                1                  
4      34         1          1             1           1             1                0                  
5      30         1          1             1           1             1                0                  
6      27         2          2             2           2             2                0                  
7      27         6          6             6           4             4                2                  
8      28         7          7             7           4             4                4                  
9      37         5          5             5           2             2                2                  
10     34         1          1             1           0             0                0                  
11     28         5          5             5           2             2                1                  
12     25         3          3             3           0             0                0                  
13     39         6          6             6           2             2                2                  
14     45         8          8             8           2             2                2                  
15     30         4          4             4           1             1                0                  
16     26         5          5             5           3             3                2                  
17     28         6          6             6           5             5                3                  
18     39         7          7             7           3             3                1                  
19     24         5          5             5           2             2                1                  
20     24         6          5             5           3             3                2                  
21     29         8          8             8           1             1                0                  
22     37         10         10            10          4             4                3                  
23     28         5          5             5           4             4                3                  
24     34         9          8             8           6             6                4                  
25     35         6          6             6           6             6                2                  
26     36         4          4             4           3             3                2                  
27     30         9          9             9           5             5                4                  
28     28         6          6             6           4             4                3                  
29     42         9          9             9           7             7                5                  
30     46         13         13            13          11            11               6                  
31     56         16         16            15          10            10               4                  
32     60         16         16            15          8             8                2                  
33     34         5          5             5           3             3                0                  
34     36         8          8             8           5             5                2                  
35     40         8          8             8           4             4                1                  
36     38         10         10            10          6             6                3                  
37     34         10         10            10          6             6                2                  
38     32         8          8             8           5             5                3                  
39     30         7          7             7           3             3                2                  
40     27         5          5             5           1             1                0                  
41     25         3          3             3           0             0                0                  
42     36         6          6             6           2             2                0                  
43     30         5          5             5           2             2                1                  
44     33         7          7             7           3             3                1                  
45     30         5          5             5           2             2                1                  
46     43         9          9             9           4             4                0                  
47     52         13         13            13          6             6                0                  
48     39         8          8             8           3             3                1                  
49     42         10         10            10          8             8                4                  
50     36         10         10            10          6             6                4                  
51     29         5          5             5           2             2                2                  
52     30         5          5             5           4             4                3                  
53     34         6          6             6           3             3                1                  
54     24         5          5             5           2             2                1                  
55     28         6          6             6           3             3                1                  
56     35         6          6             6           3             3                2                  
57     24         3          3             3           2             2                2                  
58     36         7          6             6           3             3                1                  
59     44         10         10            10          7             7                1                  
60     50         10         10            10          8             8                2                  
61     37         3          3             3           2             2                0                  
62     29         7          7             7           5             5                4                  
63     35         7          7             7           5             5                4                  
64     21         3          3             3           2             2                1                  
65     25         7          7             7           2             2                2                  
66     35         8          8             8           5             5                5                  
67     31         5          5             5           2             2                2                  
68     27         5          5             5           2             2                1                  
69     27         6          6             6           3             3                2                  
70     27         5          5             5           3             3                2                  
71     27         5          5             5           2             2                0                  
72     27         2          2             2           1             1                0                  
73     36         4          4             4           2             2                1                  
74     41         9          9             9           6             6                5                  
75     40         8          8             8           5             5                3                  
76     23         4          4             4           1             1                1                  
77     26         4          4             4           1             1                1                  
78     34         7          7             7           1             1                0                  
79     26         10         10            10          3             3                1                  
80     27         7          7             7           6             6                4                  
----------------------------------------------------------------------------------
SUM    2661       525        522           520         280           280              144                

----------------------------------------------------------------------------------

 Total Ripple Number: 144

 Detection parameters:
     maximum_peak:    3
     maxRippleLength: 100
     detection_peaks: thrsh
     num_peaks:       3
