Trial  Det1_2SD   Det2_4SD   Det3_MaxLen   Det4_Join   Det5_Cycles   68               101                
t6_Artif_Rej Det7_Spctr_Peak 1      29         1          1             1           0             0                0                  
2      26         1          1             1           0             0                0                  
3      30         2          2             2           0             0                0                  
4      20         0          0             0           0             0                0                  
5      23         1          1             1           0             0                0                  
6      26         1          1             1           0             0                0                  
7      18         0          0             0           0             0                0                  
8      31         3          3             3           1             1                1                  
9      29         1          1             1           0             0                0                  
10     24         0          0             0           0             0                0                  
11     29         1          1             1           0             0                0                  
12     19         1          1             1           0             0                0                  
13     33         2          2             2           1             1                0                  
14     28         1          1             1           0             0                0                  
15     18         0          0             0           0             0                0                  
16     17         0          0             0           0             0                0                  
17     31         2          2             2           0             0                0                  
18     37         0          0             0           0             0                0                  
19     32         0          0             0           0             0                0                  
20     25         1          1             1           0             0                0                  
21     19         0          0             0           0             0                0                  
22     18         0          0             0           0             0                0                  
23     24         0          0             0           0             0                0                  
24     30         0          0             0           0             0                0                  
25     26         1          1             1           0             0                0                  
26     11         1          1             1           0             0                0                  
27     18         1          1             1           0             0                0                  
28     30         1          1             1           1             1                0                  
29     27         1          1             1           1             1                1                  
30     28         1          1             1           0             0                0                  
31     42         2          2             2           2             2                2                  
32     28         0          0             0           0             0                0                  
33     24         1          1             1           0             0                0                  
34     23         1          1             1           0             0                0                  
35     22         1          1             1           0             0                0                  
36     31         1          1             1           0             0                0                  
37     36         3          3             3           3             3                2                  
38     21         1          1             1           1             1                1                  
39     22         1          1             1           0             0                0                  
40     36         0          0             0           0             0                0                  
41     20         1          1             1           1             1                0                  
42     30         1          1             1           1             1                0                  
43     29         2          2             2           0             0                0                  
44     34         1          1             1           0             0                0                  
45     28         0          0             0           0             0                0                  
46     28         3          3             3           1             1                1                  
47     37         3          3             3           0             0                0                  
48     23         0          0             0           0             0                0                  
49     21         1          1             1           0             0                0                  
50     16         0          0             0           0             0                0                  
51     12         0          0             0           0             0                0                  
52     28         2          2             2           0             0                0                  
53     28         2          2             2           0             0                0                  
54     29         0          0             0           0             0                0                  
55     29         0          0             0           0             0                0                  
56     27         0          0             0           0             0                0                  
57     30         1          1             1           0             0                0                  
58     28         0          0             0           0             0                0                  
59     36         1          1             1           0             0                0                  
60     30         0          0             0           0             0                0                  
61     20         0          0             0           0             0                0                  
62     21         0          0             0           0             0                0                  
63     37         0          0             0           0             0                0                  
64     26         1          1             1           0             0                0                  
65     27         2          2             2           2             2                2                  
66     38         1          1             1           1             1                1                  
67     31         1          1             1           1             1                1                  
68     31         1          1             1           0             0                0                  
69     31         1          1             1           0             0                0                  
70     33         2          2             2           0             0                0                  
71     21         0          0             0           0             0                0                  
72     35         2          2             2           1             1                1                  
73     28         0          0             0           0             0                0                  
74     22         0          0             0           0             0                0                  
75     33         3          3             3           0             0                0                  
76     27         0          0             0           0             0                0                  
77     32         1          1             1           0             0                0                  
78     27         1          1             1           0             0                0                  
79     36         1          1             1           0             0                0                  
80     21         1          1             1           0             0                0                  
----------------------------------------------------------------------------------
SUM    2161       71         71            71          18            18               13                 
----------------------------------------------------------------------------------

 Total Ripple Number: 

 Detection parameters:
     maximum_peak:    4
     maxRippleLength: 100
     detection_peaks: peaks
     num_peaks:       3
