Trial  Det1_2SD   Det2_4SD   Det3_MaxLen   Det4_Join   Det5_Cycles   68               101                
t6_Artif_Rej Det7_Spctr_Peak 1      24         0          0             0           0             0                0                  
2      19         0          0             0           0             0                0                  
3      20         1          1             1           0             0                0                  
4      31         0          0             0           0             0                0                  
5      28         0          0             0           0             0                0                  
6      25         1          1             1           0             0                0                  
7      25         0          0             0           0             0                0                  
8      26         0          0             0           0             0                0                  
9      25         1          1             1           1             1                0                  
10     22         0          0             0           0             0                0                  
11     30         0          0             0           0             0                0                  
12     19         0          0             0           0             0                0                  
13     42         1          1             1           0             0                0                  
14     30         0          0             0           0             0                0                  
15     18         0          0             0           0             0                0                  
16     21         0          0             0           0             0                0                  
17     28         0          0             0           0             0                0                  
18     29         3          3             3           1             1                1                  
19     31         3          3             3           1             1                1                  
20     19         1          1             1           0             0                0                  
21     24         0          0             0           0             0                0                  
22     24         0          0             0           0             0                0                  
23     26         2          2             2           0             0                0                  
24     33         1          1             1           0             0                0                  
25     44         1          1             1           0             0                0                  
26     29         4          4             4           2             2                1                  
27     19         1          1             1           0             0                0                  
28     26         0          0             0           0             0                0                  
29     31         2          2             2           0             0                0                  
30     37         0          0             0           0             0                0                  
31     37         3          3             3           1             1                1                  
32     20         0          0             0           0             0                0                  
33     31         1          1             1           0             0                0                  
34     29         0          0             0           0             0                0                  
35     24         2          2             2           0             0                0                  
36     27         1          1             1           0             0                0                  
37     27         1          1             1           0             0                0                  
38     24         0          0             0           0             0                0                  
39     19         0          0             0           0             0                0                  
40     21         1          1             1           0             0                0                  
41     19         0          0             0           0             0                0                  
42     23         0          0             0           0             0                0                  
43     27         1          1             1           0             0                0                  
44     29         2          2             2           1             1                0                  
45     29         1          1             1           1             1                0                  
46     35         0          0             0           0             0                0                  
47     43         3          3             3           2             2                2                  
48     25         1          1             1           1             1                1                  
49     28         0          0             0           0             0                0                  
50     33         0          0             0           0             0                0                  
51     18         0          0             0           0             0                0                  
52     26         0          0             0           0             0                0                  
53     35         0          0             0           0             0                0                  
54     26         0          0             0           0             0                0                  
55     37         1          1             1           0             0                0                  
56     30         1          1             1           0             0                0                  
57     41         0          0             0           0             0                0                  
58     23         1          1             1           0             0                0                  
59     43         2          2             2           1             1                0                  
60     24         0          0             0           0             0                0                  
61     22         0          0             0           0             0                0                  
62     28         1          1             1           0             0                0                  
63     42         1          1             1           0             0                0                  
64     33         1          1             1           1             1                1                  
65     30         1          1             1           1             1                1                  
66     22         0          0             0           0             0                0                  
67     26         1          1             1           1             1                0                  
68     23         1          1             1           1             1                0                  
69     31         0          0             0           0             0                0                  
70     31         0          0             0           0             0                0                  
71     21         0          0             0           0             0                0                  
72     35         2          2             2           0             0                0                  
73     35         0          0             0           0             0                0                  
74     32         0          0             0           0             0                0                  
75     36         1          1             1           0             0                0                  
76     35         2          2             2           1             1                0                  
77     29         1          1             1           0             0                0                  
78     30         0          0             0           0             0                0                  
79     36         0          0             0           0             0                0                  
80     22         0          0             0           0             0                0                  
----------------------------------------------------------------------------------
SUM    2257       56         56            56          17            17               9                  
----------------------------------------------------------------------------------

 Total Ripple Number: 	

 Detection parameters:
     maximum_peak:    4
     maxRippleLength: 100
     detection_peaks: peaks
     num_peaks:       3
