Trial  Det1_2SD   Det2_4SD   Det3_MaxLen   Det4_Join   Det5_Cycles   68               101                
t6_Artif_Rej Det7_Spctr_Peak 1      22         0          0             0           0             0                0                  
2      25         0          0             0           0             0                0                  
3      21         1          1             1           0             0                0                  
4      24         0          0             0           0             0                0                  
5      23         0          0             0           0             0                0                  
6      22         0          0             0           0             0                0                  
7      21         1          1             1           1             1                1                  
8      22         0          0             0           0             0                0                  
9      27         0          0             0           0             0                0                  
10     23         0          0             0           0             0                0                  
11     19         0          0             0           0             0                0                  
12     15         1          1             1           0             0                0                  
13     33         1          1             1           0             0                0                  
14     30         0          0             0           0             0                0                  
15     21         1          1             1           1             1                0                  
16     19         1          1             1           0             0                0                  
17     20         2          2             2           1             1                1                  
18     33         1          1             1           1             1                1                  
19     21         0          0             0           0             0                0                  
20     15         0          0             0           0             0                0                  
21     22         0          0             0           0             0                0                  
22     29         0          0             0           0             0                0                  
23     20         0          0             0           0             0                0                  
24     26         0          0             0           0             0                0                  
25     24         1          1             1           0             0                0                  
26     22         0          0             0           0             0                0                  
27     19         0          0             0           0             0                0                  
28     20         0          0             0           0             0                0                  
29     28         1          1             1           1             1                1                  
30     31         3          3             3           2             2                0                  
31     36         1          1             1           0             0                0                  
32     43         0          0             0           0             0                0                  
33     19         1          1             1           1             1                0                  
34     22         2          2             2           1             1                1                  
35     24         1          1             1           1             1                0                  
36     33         1          1             1           1             1                1                  
37     24         0          0             0           0             0                0                  
38     20         1          1             1           1             1                1                  
39     22         1          1             1           1             1                1                  
40     18         0          0             0           0             0                0                  
41     12         0          0             0           0             0                0                  
42     22         0          0             0           0             0                0                  
43     24         0          0             0           0             0                0                  
44     19         0          0             0           0             0                0                  
45     26         0          0             0           0             0                0                  
46     36         4          4             4           3             3                0                  
47     36         3          3             3           1             1                0                  
48     29         2          2             2           1             1                1                  
49     31         2          2             2           0             0                0                  
50     30         2          2             2           1             1                1                  
51     19         1          1             1           0             0                0                  
52     26         1          1             1           0             0                0                  
53     23         1          1             1           0             0                0                  
54     17         0          0             0           0             0                0                  
55     19         0          0             0           0             0                0                  
56     26         0          0             0           0             0                0                  
57     18         1          1             1           1             1                1                  
58     29         0          0             0           0             0                0                  
59     35         2          2             2           2             2                1                  
60     33         2          2             2           1             1                1                  
61     25         0          0             0           0             0                0                  
62     16         0          0             0           0             0                0                  
63     26         0          0             0           0             0                0                  
64     15         0          0             0           0             0                0                  
65     20         0          0             0           0             0                0                  
66     29         0          0             0           0             0                0                  
67     20         0          0             0           0             0                0                  
68     17         0          0             0           0             0                0                  
69     23         0          0             0           0             0                0                  
70     21         1          1             1           0             0                0                  
71     20         0          0             0           0             0                0                  
72     21         1          1             1           0             0                0                  
73     26         0          0             0           0             0                0                  
74     27         1          1             1           0             0                0                  
75     28         1          1             1           1             1                1                  
76     17         0          0             0           0             0                0                  
77     18         0          0             0           0             0                0                  
78     26         0          0             0           0             0                0                  
79     22         1          1             1           0             0                0                  
80     17         0          0             0           0             0                0                  
----------------------------------------------------------------------------------
SUM    1902       48         48            48          24            24               14                 
----------------------------------------------------------------------------------

 Total Ripple Number: 

 Detection parameters:
     maximum_peak:    4
     maxRippleLength: 100
     detection_peaks: peaks
     num_peaks:       3
