Trial  Det1_2SD   Det2_4SD   Det3_MaxLen   Det4_Join   Det5_Cycles   68               101                
t6_Artif_Rej Det7_Spctr_Peak 1      29         1          1             1           1             1                1                  
2      27         0          0             0           0             0                0                  
3      31         1          1             1           1             1                0                  
4      38         0          0             0           0             0                0                  
5      23         1          1             1           0             0                0                  
6      28         2          2             2           0             0                0                  
7      23         0          0             0           0             0                0                  
8      32         0          0             0           0             0                0                  
9      32         1          1             1           1             1                0                  
10     31         0          0             0           0             0                0                  
11     30         1          1             1           0             0                0                  
12     28         2          2             2           0             0                0                  
13     36         1          1             1           0             0                0                  
14     36         1          1             1           0             0                0                  
15     15         1          1             1           1             1                1                  
16     20         0          0             0           0             0                0                  
17     27         2          2             2           2             2                2                  
18     36         1          1             1           1             1                1                  
19     27         0          0             0           0             0                0                  
20     25         1          1             1           0             0                0                  
21     26         0          0             0           0             0                0                  
22     23         1          1             1           0             0                0                  
23     28         0          0             0           0             0                0                  
24     23         0          0             0           0             0                0                  
25     30         1          1             1           1             1                1                  
26     28         0          0             0           0             0                0                  
27     15         1          1             1           0             0                0                  
28     21         0          0             0           0             0                0                  
29     27         1          1             1           1             1                1                  
30     35         0          0             0           0             0                0                  
31     26         0          0             0           0             0                0                  
32     36         0          0             0           0             0                0                  
33     19         0          0             0           0             0                0                  
34     31         1          1             1           1             1                1                  
35     22         1          1             1           0             0                0                  
36     23         0          0             0           0             0                0                  
37     20         0          0             0           0             0                0                  
38     22         0          0             0           0             0                0                  
39     21         1          1             1           0             0                0                  
40     33         1          1             1           0             0                0                  
41     29         1          1             1           0             0                0                  
42     19         1          1             1           0             0                0                  
43     22         1          1             1           0             0                0                  
44     23         1          1             1           1             1                1                  
45     31         1          1             1           0             0                0                  
46     35         2          2             2           1             1                1                  
47     24         5          5             5           3             3                1                  
48     31         1          1             1           1             1                1                  
49     23         0          0             0           0             0                0                  
50     35         0          0             0           0             0                0                  
51     27         0          0             0           0             0                0                  
52     25         0          0             0           0             0                0                  
53     21         0          0             0           0             0                0                  
54     20         0          0             0           0             0                0                  
55     27         1          1             1           0             0                0                  
56     15         2          2             2           2             2                1                  
57     20         1          1             1           0             0                0                  
58     20         0          0             0           0             0                0                  
59     26         0          0             0           0             0                0                  
60     33         0          0             0           0             0                0                  
61     28         0          0             0           0             0                0                  
62     21         0          0             0           0             0                0                  
63     32         0          0             0           0             0                0                  
64     23         2          2             2           1             1                1                  
65     24         0          0             0           0             0                0                  
66     31         2          2             2           0             0                0                  
67     26         2          2             2           2             2                2                  
68     15         1          1             1           0             0                0                  
69     18         0          0             0           0             0                0                  
70     24         0          0             0           0             0                0                  
71     23         0          0             0           0             0                0                  
72     30         0          0             0           0             0                0                  
73     26         0          0             0           0             0                0                  
74     29         0          0             0           0             0                0                  
75     28         1          1             1           0             0                0                  
76     16         0          0             0           0             0                0                  
77     23         0          0             0           0             0                0                  
78     22         0          0             0           0             0                0                  
79     25         1          1             1           0             0                0                  
80     19         1          1             1           0             0                0                  
----------------------------------------------------------------------------------
SUM    2072       51         51            51          21            21               16                 
----------------------------------------------------------------------------------

 Total Ripple Number: 

 Detection parameters:
     maximum_peak:    4
     maxRippleLength: 100
     detection_peaks: peaks
     num_peaks:       3
