Trial  Det1_2SD   Det2_4SD   Det3_MaxLen   Det4_Join   Det5_Cycles   68               101                
t6_Artif_Rej Det7_Spctr_Peak 1      30         2          2             2           0             0                0                  
2      38         2          2             2           0             0                0                  
3      35         1          1             1           0             0                0                  
4      21         0          0             0           0             0                0                  
5      29         2          2             2           0             0                0                  
6      25         1          1             1           0             0                0                  
7      32         2          2             2           0             0                0                  
8      23         0          0             0           0             0                0                  
9      31         2          2             2           0             0                0                  
10     23         0          0             0           0             0                0                  
11     22         0          0             0           0             0                0                  
12     25         2          2             2           1             1                0                  
13     44         1          1             1           0             0                0                  
14     29         0          0             0           0             0                0                  
15     31         0          0             0           0             0                0                  
16     29         0          0             0           0             0                0                  
17     29         2          2             2           2             2                0                  
18     38         0          0             0           0             0                0                  
19     42         4          4             4           1             1                1                  
20     24         2          2             2           0             0                0                  
21     22         0          0             0           0             0                0                  
22     30         1          1             1           0             0                0                  
23     30         1          1             1           1             1                1                  
24     35         3          3             3           2             2                1                  
25     34         2          2             2           0             0                0                  
26     29         3          3             3           1             1                1                  
27     18         1          1             1           0             0                0                  
28     25         1          1             1           0             0                0                  
29     30         2          2             2           0             0                0                  
30     30         1          1             1           0             0                0                  
31     25         2          2             2           2             2                0                  
32     22         1          1             1           0             0                0                  
33     21         1          1             1           0             0                0                  
34     25         0          0             0           0             0                0                  
35     26         2          2             2           1             1                0                  
36     38         4          4             4           1             1                0                  
37     42         1          1             1           0             0                0                  
38     26         0          0             0           0             0                0                  
39     25         0          0             0           0             0                0                  
40     26         3          3             3           0             0                0                  
41     32         1          1             1           0             0                0                  
42     30         2          2             2           0             0                0                  
43     35         1          1             1           1             1                1                  
44     39         4          4             4           1             1                1                  
45     27         0          0             0           0             0                0                  
46     25         2          2             2           2             2                1                  
47     26         0          0             0           0             0                0                  
48     30         0          0             0           0             0                0                  
49     31         2          2             2           0             0                0                  
50     33         2          2             2           0             0                0                  
51     29         0          0             0           0             0                0                  
52     19         1          1             1           0             0                0                  
53     26         2          2             2           1             1                1                  
54     23         0          0             0           0             0                0                  
55     35         0          0             0           0             0                0                  
56     27         1          1             1           1             1                1                  
57     38         3          3             3           1             1                1                  
58     27         3          3             3           1             1                0                  
59     30         2          2             2           0             0                0                  
60     31         1          1             1           1             1                1                  
61     22         1          1             1           1             1                1                  
62     27         0          0             0           0             0                0                  
63     40         3          3             3           1             1                0                  
64     30         3          3             3           1             1                0                  
65     26         3          3             3           1             1                0                  
66     26         2          2             2           1             1                0                  
67     22         0          0             0           0             0                0                  
68     42         0          0             0           0             0                0                  
69     29         0          0             0           0             0                0                  
70     23         0          0             0           0             0                0                  
71     29         4          4             4           1             1                1                  
72     38         4          4             4           2             2                1                  
73     34         5          5             5           1             1                0                  
74     28         3          3             3           1             1                0                  
75     40         3          3             2           2             2                0                  
76     29         1          1             1           0             0                0                  
77     42         3          3             3           0             0                0                  
78     23         2          2             2           1             1                1                  
79     25         4          4             4           1             1                1                  
80     21         0          0             0           0             0                0                  
----------------------------------------------------------------------------------
SUM    2348       120        120           119         35            35               16                 
----------------------------------------------------------------------------------

 Total Ripple Number: 

 Detection parameters:
     maximum_peak:    4
     maxRippleLength: 100
     detection_peaks: peaks
     num_peaks:       3
