Trial  Det1_2SD   Det2_4SD   Det3_MaxLen   Det4_Join   Det5_Cycles   68               101                
t6_Artif_Rej Det7_Spctr_Peak 1      33         4          4             4           2             2                1                  
2      31         2          2             2           2             2                0                  
3      29         2          2             2           2             2                2                  
4      30         2          2             2           2             2                1                  
5      26         1          1             1           0             0                0                  
6      38         2          2             2           2             2                0                  
7      37         3          3             3           2             2                1                  
8      35         2          2             2           1             1                0                  
9      24         2          2             2           0             0                0                  
10     27         6          6             5           4             3                2                  
11     27         4          4             4           2             2                1                  
12     36         1          1             1           1             1                1                  
13     34         1          1             1           1             1                1                  
14     32         4          4             4           4             3                2                  
15     26         1          1             1           1             1                1                  
16     30         2          2             2           1             1                0                  
17     31         2          2             2           2             2                2                  
18     22         3          3             3           1             1                1                  
19     33         3          3             3           1             1                1                  
20     30         2          2             2           0             0                0                  
21     21         1          1             1           1             1                0                  
22     35         1          1             1           1             1                0                  
23     25         3          3             3           1             1                1                  
24     28         3          3             3           2             2                1                  
25     27         2          2             2           1             1                0                  
26     33         1          1             1           1             1                1                  
27     44         4          4             4           1             1                1                  
28     31         2          2             2           1             1                1                  
29     31         4          4             4           3             2                2                  
30     37         6          6             6           5             5                5                  
31     26         3          3             3           2             2                2                  
32     20         2          2             2           2             2                2                  
33     20         1          1             1           0             0                0                  
34     27         1          1             1           1             1                0                  
35     32         2          2             2           1             1                1                  
36     30         1          1             1           1             1                1                  
37     33         2          2             2           2             2                1                  
38     38         3          3             3           1             1                1                  
39     32         2          2             2           2             2                1                  
40     40         2          2             2           1             1                1                  
41     31         0          0             0           0             0                0                  
42     20         1          1             1           1             1                0                  
43     24         1          1             1           1             1                0                  
44     23         3          3             2           2             2                1                  
45     15         4          4             3           2             2                1                  
46     29         3          3             3           0             0                0                  
47     29         5          5             5           2             2                1                  
48     25         4          4             4           4             4                1                  
49     40         1          1             1           0             0                0                  
50     33         1          1             1           0             0                0                  
51     31         1          1             1           1             1                1                  
52     22         2          2             2           1             1                1                  
53     25         3          3             2           1             1                1                  
54     27         3          3             3           1             1                1                  
55     28         4          4             4           1             1                1                  
56     31         2          2             2           0             0                0                  
57     33         2          2             2           0             0                0                  
58     29         2          2             2           2             2                1                  
59     23         2          2             2           1             1                0                  
60     24         2          2             2           1             1                1                  
61     40         4          4             4           2             2                2                  
62     26         1          1             1           1             1                1                  
63     36         2          2             2           1             1                1                  
64     34         2          2             2           1             1                1                  
65     32         1          1             1           1             1                1                  
66     19         1          1             1           0             0                0                  
67     25         1          1             1           0             0                0                  
68     27         3          3             3           1             1                1                  
69     24         4          4             3           3             2                2                  
70     33         5          5             4           2             1                1                  
71     19         1          1             1           0             0                0                  
72     23         2          2             2           1             1                0                  
73     22         1          1             1           1             1                1                  
74     26         1          1             1           0             0                0                  
75     22         3          3             3           2             2                2                  
76     26         3          3             3           3             3                2                  
77     26         2          2             2           1             0                0                  
78     33         2          2             2           1             1                0                  
79     25         3          3             3           2             2                1                  
80     25         3          3             3           2             2                2                  
----------------------------------------------------------------------------------
SUM    2306       186        186           180         107           101              68                 
----------------------------------------------------------------------------------

 Total Ripple Number: D

 Detection parameters:
     maximum_peak:    4
     maxRippleLength: 100
     detection_peaks: peaks
     num_peaks:       3
