Trial  Det1_2SD   Det2_4SD   Det3_MaxLen   Det4_Join   Det5_Cycles   68               101                
t6_Artif_Rej Det7_Spctr_Peak 1      36         3          3             3           2             2                0                  
2      40         2          2             2           2             2                1                  
3      36         1          1             1           1             1                1                  
4      34         1          1             1           1             1                1                  
5      34         1          1             1           1             1                0                  
6      29         3          3             2           2             2                0                  
7      31         1          1             1           1             1                0                  
8      37         1          1             1           1             1                0                  
9      31         2          2             2           2             2                0                  
10     32         8          8             7           5             4                1                  
11     33         2          2             2           1             1                0                  
12     25         1          1             1           0             0                0                  
13     30         1          1             1           1             1                1                  
14     31         3          3             3           2             1                0                  
15     24         1          1             1           1             1                0                  
16     24         3          3             3           1             1                1                  
17     24         2          2             2           1             1                0                  
18     25         2          2             2           1             1                1                  
19     24         2          2             2           1             1                1                  
20     27         4          4             4           3             3                3                  
21     28         1          1             1           1             1                0                  
22     26         1          1             1           1             1                1                  
23     29         3          3             3           2             2                0                  
24     34         5          5             5           3             3                2                  
25     26         2          2             2           1             1                0                  
26     33         1          1             1           1             1                0                  
27     35         4          4             4           2             2                0                  
28     39         3          3             3           2             2                0                  
29     30         4          4             3           3             2                0                  
30     45         5          5             5           4             4                1                  
31     26         3          3             3           2             2                1                  
32     19         1          1             1           1             1                0                  
33     27         1          1             1           0             0                0                  
34     30         1          1             1           1             1                0                  
35     30         4          4             4           1             1                1                  
36     32         1          1             1           1             1                1                  
37     32         1          1             1           1             1                0                  
38     45         1          1             1           0             0                0                  
39     40         4          4             4           2             2                1                  
40     31         1          1             1           1             1                0                  
41     28         1          1             1           1             1                1                  
42     23         3          3             2           2             2                1                  
43     28         3          3             3           2             2                1                  
44     30         2          2             2           2             2                0                  
45     20         2          2             2           2             2                1                  
46     23         2          2             2           0             0                0                  
47     26         3          3             3           2             2                1                  
48     34         3          3             3           3             3                2                  
49     39         2          2             2           2             2                1                  
50     26         2          2             2           2             2                1                  
51     23         1          1             1           0             0                0                  
52     33         2          2             2           1             1                1                  
53     37         2          2             2           1             1                1                  
54     27         1          1             1           1             1                1                  
55     28         1          1             1           1             1                0                  
56     38         1          1             1           0             0                0                  
57     23         1          1             1           1             1                0                  
58     29         4          4             4           3             3                2                  
59     27         3          3             3           2             2                0                  
60     27         1          1             1           0             0                0                  
61     42         3          3             3           2             2                1                  
62     35         1          1             1           0             0                0                  
63     30         4          4             4           1             1                1                  
64     23         1          1             1           1             1                1                  
65     18         2          2             2           1             1                0                  
66     22         2          2             2           1             1                1                  
67     26         3          3             3           2             2                1                  
68     24         1          1             1           1             1                0                  
69     17         4          4             3           3             2                1                  
70     21         3          3             3           3             2                2                  
71     19         2          2             2           1             1                1                  
72     16         2          2             2           1             1                0                  
73     21         2          2             2           1             1                1                  
74     17         1          1             1           1             1                1                  
75     25         2          2             2           1             1                1                  
76     26         2          2             1           1             1                0                  
77     28         2          2             2           2             1                0                  
78     25         2          2             2           2             1                0                  
79     22         2          2             2           2             2                0                  
80     40         3          3             3           3             3                0                  
----------------------------------------------------------------------------------
SUM    2310       175        175           169         118           111              45                 
----------------------------------------------------------------------------------

 Total Ripple Number: -

 Detection parameters:
     maximum_peak:    4
     maxRippleLength: 100
     detection_peaks: peaks
     num_peaks:       3
