Trial  Det1_2SD   Det2_4SD   Det3_MaxLen   Det4_Join   Det5_Cycles   68               101                
t6_Artif_Rej Det7_Spctr_Peak 1      31         1          1             1           1             1                1                  
2      32         3          3             3           3             3                2                  
3      33         1          1             1           1             1                1                  
4      16         2          2             2           1             1                1                  
5      26         2          2             2           1             1                1                  
6      31         1          1             1           1             1                0                  
7      31         0          0             0           0             0                0                  
8      41         2          2             2           2             2                2                  
9      28         2          2             2           0             0                0                  
10     30         5          5             4           3             3                0                  
11     32         4          4             4           2             2                2                  
12     29         2          2             2           1             1                1                  
13     27         2          2             2           0             0                0                  
14     38         4          4             4           3             2                0                  
15     29         2          2             2           1             1                1                  
16     21         2          2             2           0             0                0                  
17     27         0          0             0           0             0                0                  
18     15         1          1             1           0             0                0                  
19     24         2          2             2           1             1                1                  
20     26         1          1             1           1             1                1                  
21     24         1          1             1           1             1                0                  
22     23         1          1             1           0             0                0                  
23     31         2          2             2           1             1                0                  
24     33         2          2             2           2             2                0                  
25     23         0          0             0           0             0                0                  
26     24         1          1             1           0             0                0                  
27     31         4          4             4           2             2                2                  
28     36         2          2             2           2             2                2                  
29     23         2          2             1           1             1                0                  
30     46         7          7             6           6             5                2                  
31     30         1          1             1           1             1                1                  
32     25         1          1             1           1             1                0                  
33     27         2          2             2           1             1                1                  
34     27         0          0             0           0             0                0                  
35     25         3          3             3           1             1                0                  
36     23         2          2             2           2             2                0                  
37     39         1          1             1           1             1                1                  
38     43         4          4             4           2             2                1                  
39     23         1          1             1           0             0                0                  
40     25         2          2             2           0             0                0                  
41     31         0          0             0           0             0                0                  
42     23         0          0             0           0             0                0                  
43     24         1          1             1           0             0                0                  
44     17         1          1             1           1             1                0                  
45     29         1          1             1           1             1                0                  
46     25         2          2             2           1             1                1                  
47     25         2          2             2           1             1                0                  
48     21         2          2             2           2             2                1                  
49     45         4          4             4           1             1                1                  
50     28         3          3             3           2             2                2                  
51     30         2          2             2           0             0                0                  
52     22         0          0             0           0             0                0                  
53     27         1          1             1           0             0                0                  
54     18         1          1             1           0             0                0                  
55     27         1          1             1           1             1                0                  
56     39         1          1             1           0             0                0                  
57     31         4          4             4           1             1                1                  
58     29         3          3             3           3             3                1                  
59     24         2          2             2           2             2                0                  
60     29         0          0             0           0             0                0                  
61     43         2          2             2           1             1                0                  
62     26         3          3             3           2             2                2                  
63     25         0          0             0           0             0                0                  
64     24         2          2             2           2             2                2                  
65     27         1          1             1           1             1                1                  
66     19         0          0             0           0             0                0                  
67     31         2          2             2           1             1                1                  
68     29         0          0             0           0             0                0                  
69     23         2          2             1           1             1                0                  
70     22         1          1             1           1             0                0                  
71     21         3          3             3           1             1                1                  
72     24         3          3             3           1             1                1                  
73     17         0          0             0           0             0                0                  
74     17         1          1             1           1             1                1                  
75     29         3          3             3           2             2                2                  
76     28         3          3             3           2             2                0                  
77     23         2          2             1           1             1                0                  
78     19         1          1             1           1             1                0                  
79     11         1          1             1           0             0                0                  
80     38         3          3             3           0             0                0                  
----------------------------------------------------------------------------------
SUM    2188       142        142           137         80            77               42                 
----------------------------------------------------------------------------------

 Total Ripple Number: *

 Detection parameters:
     maximum_peak:    4
     maxRippleLength: 100
     detection_peaks: peaks
     num_peaks:       3
