Trial  Det1_2SD   Det2_4SD   Det3_MaxLen   Det4_Join   Det5_Cycles   68               101                
t6_Artif_Rej Det7_Spctr_Peak 1      38         16         16            15          7             7                5                  
2      23         12         12            12          6             6                4                  
3      18         8          8             8           5             5                4                  
4      19         6          6             6           4             3                1                  
5      30         14         14            14          6             5                2                  
6      23         12         12            12          6             5                4                  
7      21         11         11            11          7             7                7                  
8      28         11         11            10          9             8                7                  
9      24         8          8             8           4             3                2                  
10     19         9          9             8           3             2                2                  
11     18         7          7             7           3             3                1                  
12     15         6          6             6           2             2                1                  
13     15         5          5             5           2             2                1                  
14     27         11         11            10          5             4                3                  
15     24         9          9             9           4             4                3                  
16     18         10         10            9           4             4                1                  
17     19         7          7             7           3             2                0                  
18     22         8          8             7           2             1                0                  
19     28         9          9             7           3             2                2                  
20     33         7          7             7           2             2                2                  
21     29         9          9             9           6             6                3                  
22     28         9          9             8           4             3                2                  
23     28         15         15            14          9             8                6                  
24     30         13         13            13          7             7                5                  
25     26         10         10            8           3             2                1                  
26     20         10         10            8           5             4                3                  
27     14         6          6             6           2             2                2                  
28     23         13         13            13          4             3                2                  
29     28         17         17            17          10            9                4                  
30     25         8          8             8           3             3                3                  
31     16         5          5             5           2             1                0                  
32     14         4          4             3           2             1                0                  
33     16         8          8             7           4             3                0                  
34     26         14         14            13          6             6                1                  
35     34         13         13            12          5             5                3                  
36     39         13         13            12          6             5                4                  
37     30         12         12            12          5             4                4                  
38     21         7          7             7           5             4                2                  
39     28         8          8             7           3             2                1                  
40     25         8          8             8           1             1                1                  
41     27         7          7             7           3             2                2                  
42     48         21         21            20          6             5                3                  
43     29         11         11            11          4             3                3                  
44     25         10         10            10          3             2                0                  
45     27         7          7             7           1             1                0                  
46     16         3          3             3           1             1                0                  
47     16         4          4             3           1             0                0                  
48     23         7          7             6           4             3                2                  
49     21         9          9             9           5             4                3                  
50     24         9          9             9           4             4                2                  
51     28         8          8             7           2             1                0                  
52     24         10         10            10          1             1                1                  
53     19         8          8             6           2             1                1                  
54     20         9          9             9           3             2                1                  
55     33         12         12            11          6             5                2                  
56     30         11         11            11          5             4                2                  
57     31         12         12            11          4             3                3                  
58     35         9          9             9           5             4                2                  
59     36         11         11            11          5             4                1                  
60     36         10         10            10          3             2                1                  
61     42         14         14            13          8             7                7                  
62     40         14         14            13          3             3                3                  
63     29         10         10            10          1             1                1                  
64     38         16         16            16          5             4                3                  
65     32         16         16            14          3             2                2                  
66     22         7          7             7           1             1                1                  
67     34         15         15            13          5             4                2                  
68     34         18         18            17          4             3                2                  
69     37         15         15            14          5             4                4                  
70     37         17         17            17          4             3                2                  
71     36         12         12            12          4             3                1                  
72     34         8          8             8           2             2                1                  
73     16         3          3             3           1             0                0                  
74     27         12         12            11          7             6                3                  
75     38         17         17            12          9             8                4                  
76     39         14         14            13          6             5                2                  
77     31         17         17            16          7             6                3                  
78     18         10         10            9           6             5                2                  
79     20         10         10            9           4             3                1                  
80     39         18         18            18          8             7                6                  
----------------------------------------------------------------------------------
SUM    2153       839        839           793         340           285              178                
----------------------------------------------------------------------------------

 Total Ripple Number: ²

 Detection parameters:
     maximum_peak:    3
     maxRippleLength: 100
     detection_peaks: thrsh
     num_peaks:       3
