Trial  Det1_2SD   Det2_4SD   Det3_MaxLen   Det4_Join   Det5_Cycles   68               101                
t6_Artif_Rej Det7_Spctr_Peak 1      36         6          6             6           0             0                0                  
2      26         8          8             7           3             3                2                  
3      22         5          5             5           1             1                1                  
4      32         12         11            11          5             4                0                  
5      51         19         19            18          9             8                3                  
6      28         9          9             8           3             2                1                  
7      31         7          7             6           1             1                1                  
8      36         9          9             8           5             5                1                  
9      36         16         16            15          7             6                3                  
10     41         14         14            13          7             6                4                  
11     39         14         14            14          8             7                4                  
12     29         11         11            10          5             4                2                  
13     40         11         11            9           1             0                0                  
14     36         14         14            12          3             2                1                  
15     25         6          6             6           1             1                1                  
16     23         7          7             7           5             4                1                  
17     37         13         13            13          9             8                3                  
18     36         8          8             8           4             3                1                  
19     28         4          4             4           3             3                2                  
20     33         8          8             8           3             3                2                  
21     32         7          7             7           1             1                0                  
22     31         14         14            12          7             6                0                  
23     28         12         12            11          4             3                0                  
24     34         8          8             8           3             2                0                  
25     31         8          8             8           4             3                2                  
26     23         6          6             6           3             3                2                  
27     29         7          7             7           1             1                1                  
28     37         16         16            16          10            9                3                  
29     40         17         17            17          9             8                3                  
30     41         12         12            12          3             2                1                  
31     32         10         10            9           4             3                1                  
32     32         12         12            11          6             5                2                  
33     36         15         15            15          6             5                1                  
34     32         17         17            16          9             8                4                  
35     30         12         12            11          6             5                2                  
36     29         8          8             8           4             4                3                  
37     22         3          3             3           3             3                3                  
38     24         8          8             7           5             4                2                  
39     36         13         13            13          8             7                3                  
40     33         11         11            11          6             5                1                  
41     32         12         12            11          6             5                2                  
42     24         10         10            10          4             4                1                  
43     30         6          6             6           4             4                1                  
44     29         4          4             4           4             3                1                  
45     31         9          9             9           6             5                3                  
46     26         6          6             6           4             4                2                  
47     26         5          5             5           2             2                1                  
48     32         11         11            11          4             3                1                  
49     36         11         11            11          6             5                2                  
50     39         8          8             8           5             4                2                  
51     45         9          9             9           4             4                1                  
52     37         9          9             9           4             4                3                  
53     34         10         10            10          4             4                2                  
54     40         11         11            11          5             4                0                  
55     33         8          8             8           5             4                1                  
56     27         8          8             8           5             4                1                  
57     28         9          9             9           7             6                3                  
58     27         13         13            13          7             6                4                  
59     30         13         13            13          6             5                3                  
60     34         10         10            10          5             4                1                  
61     37         11         11            11          4             3                0                  
62     29         5          5             5           3             3                1                  
63     39         12         12            12          5             4                1                  
64     37         14         14            13          7             6                0                  
65     31         5          5             4           4             3                1                  
66     30         4          4             4           4             3                2                  
67     24         5          5             5           5             4                2                  
68     26         5          5             5           4             3                1                  
69     35         11         11            11          3             2                1                  
70     37         14         14            13          5             4                2                  
71     43         15         15            13          9             8                1                  
72     40         12         12            11          6             6                1                  
73     31         8          8             8           5             5                1                  
74     31         7          7             7           4             4                1                  
75     31         6          6             6           1             0                0                  
76     24         4          4             4           1             0                0                  
77     35         6          6             6           4             4                0                  
78     49         14         14            14          7             6                2                  
79     40         11         11            11          4             3                1                  
80     36         13         13            12          7             6                2                  
----------------------------------------------------------------------------------
SUM    2622       781        780           752         374           319              122                
----------------------------------------------------------------------------------

 Total Ripple Number: z

 Detection parameters:
     maximum_peak:    3
     maxRippleLength: 100
     detection_peaks: thrsh
     num_peaks:       3
