Trial  Det1_2SD   Det2_4SD   Det3_MaxLen   Det4_Join   Det5_Cycles   68               101                
t6_Artif_Rej Det7_Spctr_Peak 1      46         11         11            11          4             4                1                  
2      47         12         12            12          2             2                1                  
3      36         10         10            10          3             3                2                  
4      41         13         13            12          5             4                2                  
5      43         11         11            10          5             4                1                  
6      38         9          9             9           2             2                1                  
7      36         6          6             6           0             0                0                  
8      40         6          6             6           1             1                0                  
9      37         6          6             6           4             4                2                  
10     37         9          9             9           3             3                3                  
11     48         12         12            11          4             3                2                  
12     40         9          9             7           4             3                2                  
13     34         10         10            8           5             4                3                  
14     31         10         10            10          4             3                1                  
15     26         6          6             6           2             2                1                  
16     32         7          7             7           4             4                2                  
17     29         5          5             5           2             2                0                  
18     24         7          7             7           2             2                0                  
19     31         11         11            11          3             3                2                  
20     35         11         11            11          8             7                3                  
21     31         10         10            10          8             7                5                  
22     40         13         13            12          10            9                2                  
23     38         13         13            13          8             7                2                  
24     37         10         10            10          3             3                1                  
25     42         11         11            11          5             5                1                  
26     45         13         13            13          5             5                2                  
27     35         5          5             5           3             3                3                  
28     37         3          3             3           3             2                2                  
29     47         8          8             8           6             5                4                  
30     44         9          9             9           4             4                4                  
31     40         7          7             6           3             2                2                  
32     47         11         11            10          4             3                3                  
33     42         13         13            13          5             4                3                  
34     39         11         11            10          5             4                1                  
35     41         8          8             8           4             3                2                  
36     45         8          8             8           4             4                3                  
37     49         6          6             6           3             3                3                  
38     37         3          3             3           1             0                0                  
39     34         6          6             5           3             2                0                  
40     39         7          7             6           2             1                0                  
41     46         11         11            11          2             1                1                  
42     39         8          8             8           2             2                2                  
43     38         7          7             7           3             3                3                  
44     33         7          7             7           1             1                1                  
45     40         11         11            11          2             2                1                  
46     44         12         12            12          2             2                1                  
47     34         9          9             9           4             4                1                  
48     34         9          9             8           6             5                1                  
49     45         9          9             8           6             5                3                  
50     46         8          8             8           3             3                3                  
51     41         10         10            10          1             1                1                  
52     52         12         12            12          2             2                2                  
53     48         9          9             9           1             1                1                  
54     48         14         14            14          4             4                2                  
55     44         12         12            12          4             4                2                  
56     37         7          7             7           1             1                1                  
57     34         12         12            10          3             2                1                  
58     35         10         10            9           3             2                2                  
59     32         8          8             8           4             3                2                  
60     37         13         13            13          5             4                1                  
61     39         12         12            12          5             4                0                  
62     41         10         10            10          2             2                1                  
63     40         12         12            12          4             3                2                  
64     53         12         12            12          4             3                1                  
65     46         12         12            12          4             3                2                  
66     36         9          9             9           4             4                2                  
67     35         9          9             9           5             5                2                  
68     41         11         11            11          6             6                4                  
69     45         14         14            14          4             4                3                  
70     54         17         17            16          5             4                3                  
71     57         20         20            19          6             5                3                  
72     37         8          8             8           2             1                1                  
73     39         6          6             6           4             3                2                  
74     47         5          5             5           4             4                3                  
75     32         4          4             4           3             2                2                  
76     33         5          5             5           1             0                0                  
77     29         4          4             4           1             1                1                  
78     36         9          9             9           2             2                1                  
79     47         13         13            12          4             3                1                  
80     43         14         14            12          6             5                1                  
----------------------------------------------------------------------------------
SUM    3177       760        760           737         291           252              139                
----------------------------------------------------------------------------------

 Total Ripple Number: 

 Detection parameters:
     maximum_peak:    3
     maxRippleLength: 100
     detection_peaks: thrsh
     num_peaks:       3
