Trial  Det1_2SD   Det2_4SD   Det3_MaxLen   Det4_Join   Det5_Cycles   68               101                
t6_Artif_Rej Det7_Spctr_Peak 1      36         7          7             7           4             4                3                  
2      42         3          3             3           3             3                3                  
3      36         7          7             7           3             3                2                  
4      38         10         10            10          6             5                4                  
5      40         11         11            11          5             4                3                  
6      36         9          9             9           5             5                3                  
7      35         7          7             7           2             2                0                  
8      43         8          8             8           2             2                1                  
9      36         8          8             8           2             2                2                  
10     37         8          8             8           0             0                0                  
11     40         11         11            11          2             2                1                  
12     40         11         11            10          2             2                1                  
13     46         13         13            11          5             4                1                  
14     36         13         13            12          4             3                2                  
15     30         9          9             9           1             1                1                  
16     37         5          5             5           1             1                0                  
17     43         11         11            11          4             4                0                  
18     39         12         12            12          5             5                0                  
19     34         10         10            10          5             5                0                  
20     29         8          8             8           2             2                1                  
21     34         5          5             5           1             1                1                  
22     44         16         16            15          6             5                3                  
23     41         14         14            13          4             3                1                  
24     40         9          9             9           3             3                1                  
25     35         6          6             6           0             0                0                  
26     33         5          5             5           0             0                0                  
27     37         4          4             4           1             1                0                  
28     34         6          6             6           1             1                0                  
29     47         14         14            14          4             4                1                  
30     48         12         12            12          3             3                0                  
31     45         10         10            9           3             2                1                  
32     46         8          8             7           4             3                1                  
33     43         6          6             6           5             5                1                  
34     48         11         10            10          6             6                1                  
35     44         10         10            10          2             2                2                  
36     38         9          9             9           4             4                1                  
37     36         9          9             9           4             4                1                  
38     31         6          6             6           3             3                1                  
39     37         6          6             6           2             2                0                  
40     46         8          8             8           3             3                1                  
41     53         11         11            11          6             5                2                  
42     37         7          7             7           3             3                2                  
43     42         7          7             7           3             3                3                  
44     47         8          8             8           3             3                2                  
45     43         10         10            10          2             2                0                  
46     40         11         11            11          3             3                1                  
47     32         7          7             7           3             3                1                  
48     29         7          7             7           4             3                2                  
49     29         7          7             7           4             3                2                  
50     33         4          4             4           2             2                2                  
51     42         7          7             6           4             4                0                  
52     44         11         11            10          8             8                2                  
53     42         8          8             8           4             4                2                  
54     34         9          9             9           2             2                0                  
55     41         15         15            15          6             6                1                  
56     45         12         12            12          7             7                1                  
57     28         4          4             4           4             4                2                  
58     28         4          4             4           2             2                1                  
59     36         6          6             6           1             1                0                  
60     35         9          9             9           2             2                0                  
61     38         13         13            13          6             6                1                  
62     44         8          8             8           4             4                2                  
63     37         8          8             8           6             5                2                  
64     34         9          9             9           5             4                1                  
65     37         5          5             5           1             1                1                  
66     32         6          6             6           3             3                2                  
67     25         8          8             8           7             7                4                  
68     22         5          5             5           3             3                2                  
69     33         6          6             6           2             2                1                  
70     41         8          8             8           4             3                1                  
71     39         9          9             9           4             3                0                  
72     29         8          8             8           2             1                0                  
73     32         5          5             5           0             0                0                  
74     36         6          6             6           0             0                0                  
75     36         7          7             7           1             0                0                  
76     39         10         10            10          1             0                0                  
77     36         8          8             8           0             0                0                  
78     40         8          8             8           0             0                0                  
79     36         7          7             7           0             0                0                  
80     28         6          6             6           4             3                1                  
----------------------------------------------------------------------------------
SUM    3014       669        668           658         248           229              89                 
----------------------------------------------------------------------------------

 Total Ripple Number: Y

 Detection parameters:
     maximum_peak:    3
     maxRippleLength: 100
     detection_peaks: thrsh
     num_peaks:       3
