Trial  Det1_2SD   Det2_4SD   Det3_MaxLen   Det4_Join   Det5_Cycles   68               101                
t6_Artif_Rej Det7_Spctr_Peak 1      37         6          6             6           0             0                0                  
2      38         6          6             6           1             1                0                  
3      40         10         10            10          4             4                1                  
4      44         11         11            11          6             5                1                  
5      38         7          7             7           2             1                1                  
6      38         9          9             9           0             0                0                  
7      35         11         11            11          1             1                0                  
8      34         8          8             8           1             1                0                  
9      45         10         10            10          2             2                1                  
10     46         8          8             8           2             2                1                  
11     44         5          5             5           1             1                0                  
12     42         7          7             7           2             2                1                  
13     48         8          8             7           2             2                1                  
14     44         8          8             7           3             3                2                  
15     39         7          7             7           3             3                2                  
16     39         7          7             7           1             1                1                  
17     40         5          5             5           1             1                0                  
18     42         11         11            11          2             2                0                  
19     37         12         12            12          2             2                0                  
20     34         5          5             5           2             2                1                  
21     40         5          5             5           1             1                1                  
22     30         10         10            10          2             1                1                  
23     36         9          9             9           3             2                2                  
24     30         8          8             8           4             4                3                  
25     30         6          6             6           3             3                1                  
26     47         7          7             7           1             1                1                  
27     46         8          8             8           2             2                0                  
28     34         8          8             8           2             2                1                  
29     40         8          8             8           3             3                1                  
30     47         9          9             9           4             4                1                  
31     42         8          8             8           5             5                2                  
32     49         8          8             8           3             3                1                  
33     51         12         12            12          5             5                4                  
34     43         14         14            13          5             5                2                  
35     31         10         10            10          5             5                3                  
36     40         11         11            11          2             2                0                  
37     39         8          8             8           1             1                0                  
38     34         8          8             8           2             2                1                  
39     40         8          8             8           4             4                4                  
40     43         10         10            10          4             4                3                  
41     52         12         12            12          7             6                3                  
42     40         5          5             5           3             3                2                  
43     30         8          8             8           3             3                2                  
44     31         6          6             6           4             4                2                  
45     30         5          5             5           3             3                1                  
46     40         10         10            10          3             3                1                  
47     62         10         10            10          3             3                2                  
48     49         7          7             7           2             2                1                  
49     39         7          7             7           1             1                1                  
50     43         9          9             9           2             2                2                  
51     45         10         10            10          5             5                2                  
52     43         5          5             5           2             2                0                  
53     31         3          3             3           1             1                0                  
54     33         6          6             6           0             0                0                  
55     37         12         12            12          1             1                0                  
56     40         10         10            10          3             3                2                  
57     37         8          8             8           5             5                3                  
58     35         7          7             7           4             4                2                  
59     40         4          4             4           3             3                1                  
60     44         6          6             6           3             3                0                  
61     48         9          9             9           2             2                1                  
62     51         3          3             3           2             2                2                  
63     41         7          7             7           3             2                1                  
64     33         10         10            10          4             3                0                  
65     39         8          8             8           0             0                0                  
66     38         6          6             6           3             3                1                  
67     46         9          9             9           4             4                0                  
68     32         4          4             4           2             2                1                  
69     28         6          6             6           1             1                1                  
70     37         10         10            10          4             3                2                  
71     31         8          8             8           3             2                2                  
72     22         4          4             4           2             2                2                  
73     23         2          2             2           1             1                0                  
74     35         7          7             7           3             3                2                  
75     38         6          6             6           3             2                1                  
76     37         3          3             3           1             0                0                  
77     38         6          6             6           3             3                1                  
78     40         9          9             9           2             2                0                  
79     42         8          8             8           3             3                2                  
80     42         7          7             7           3             2                2                  
----------------------------------------------------------------------------------
SUM    3138       618        618           615         206           194              93                 
----------------------------------------------------------------------------------

 Total Ripple Number: ]

 Detection parameters:
     maximum_peak:    3
     maxRippleLength: 100
     detection_peaks: thrsh
     num_peaks:       3
