Trial  Det1_2SD   Det2_4SD   Det3_MaxLen   Det4_Join   Det5_Cycles   68               101                
t6_Artif_Rej Det7_Spctr_Peak 1      40         9          9             9           2             2                1                  
2      28         6          6             6           2             2                2                  
3      40         8          8             8           3             3                3                  
4      53         19         19            12          6             5                1                  
5      58         19         19            12          7             6                2                  
6      42         7          7             7           1             1                1                  
7      33         5          5             5           0             0                0                  
8      42         7          7             7           0             0                0                  
9      41         7          7             7           0             0                0                  
10     46         9          9             9           1             1                1                  
11     52         12         12            12          2             2                2                  
12     44         8          8             8           3             3                3                  
13     38         4          4             4           1             1                1                  
14     41         5          5             5           2             2                1                  
15     43         9          9             9           4             4                3                  
16     40         6          6             6           2             2                1                  
17     42         7          7             7           2             2                0                  
18     47         9          9             9           3             3                1                  
19     37         8          8             8           4             4                3                  
20     25         4          4             4           2             2                2                  
21     28         3          3             3           1             1                1                  
22     56         11         11            8           4             3                2                  
23     42         9          9             6           3             2                2                  
24     35         8          8             8           3             3                3                  
25     38         7          7             7           3             3                3                  
26     41         7          7             7           3             3                3                  
27     37         7          7             7           2             2                2                  
28     30         5          5             5           3             3                1                  
29     36         10         10            10          4             4                2                  
30     35         8          8             8           2             2                2                  
31     42         10         10            9           4             3                3                  
32     40         10         10            9           4             3                3                  
33     36         5          5             5           2             2                1                  
34     36         8          8             8           2             2                1                  
35     40         11         11            11          5             5                4                  
36     47         10         10            10          4             4                2                  
37     48         8          8             8           3             3                1                  
38     39         11         11            11          4             4                3                  
39     33         10         10            10          2             2                2                  
40     27         6          6             6           1             1                1                  
41     43         14         14            9           4             3                3                  
42     38         7          7             7           4             4                2                  
43     39         8          8             8           3             3                3                  
44     36         9          9             9           3             3                3                  
45     43         10         10            10          1             1                1                  
46     44         13         13            13          3             3                3                  
47     40         11         11            11          2             2                2                  
48     35         6          6             6           0             0                0                  
49     40         11         11            11          2             2                1                  
50     51         10         10            10          2             2                1                  
51     46         7          7             7           1             1                1                  
52     32         3          3             3           0             0                0                  
53     32         4          4             4           1             1                1                  
54     38         9          9             9           4             4                4                  
55     41         10         10            10          5             5                4                  
56     37         6          6             6           2             2                1                  
57     30         8          8             8           2             2                1                  
58     35         8          8             8           2             2                1                  
59     42         7          7             7           2             2                1                  
60     38         4          4             4           0             0                0                  
61     37         6          6             6           0             0                0                  
62     49         11         11            11          3             3                3                  
63     37         9          9             9           3             2                2                  
64     53         17         17            14          7             6                2                  
65     40         10         10            10          1             1                0                  
66     42         8          8             8           3             3                2                  
67     40         7          7             7           2             2                2                  
68     28         3          3             3           2             2                2                  
69     31         8          8             8           6             5                5                  
70     36         15         15            12          8             7                4                  
71     44         9          9             6           5             4                1                  
72     35         4          4             4           1             1                0                  
73     36         7          7             7           1             1                0                  
74     45         8          8             8           4             4                3                  
75     44         9          9             9           5             5                3                  
76     56         9          9             9           3             3                1                  
77     50         6          6             6           3             3                3                  
78     39         5          5             5           2             2                2                  
79     34         6          6             6           2             2                2                  
80     58         18         18            13          4             3                2                  
----------------------------------------------------------------------------------
SUM    3212       672        672           631         214           201              142                
----------------------------------------------------------------------------------

 Total Ripple Number: 

 Detection parameters:
     maximum_peak:    3
     maxRippleLength: 100
     detection_peaks: thrsh
     num_peaks:       3
