Trial  Det1_2SD   Det2_4SD   Det3_MaxLen   Det4_Join   Det5_Cycles   68               101                
t6_Artif_Rej Det7_Spctr_Peak 1      28         2          2             2           1             1                1                  
2      30         3          3             3           1             1                1                  
3      38         8          8             8           3             3                2                  
4      56         15         15            7           3             2                0                  
5      46         13         13            5           2             1                0                  
6      31         3          3             3           1             1                1                  
7      28         3          3             3           0             0                0                  
8      31         5          5             5           1             1                1                  
9      40         11         11            11          6             6                5                  
10     43         12         12            12          7             6                5                  
11     46         8          8             8           5             4                4                  
12     39         9          9             9           3             3                3                  
13     23         6          6             5           2             2                2                  
14     26         5          5             4           3             3                3                  
15     28         6          6             6           1             1                1                  
16     33         5          5             5           1             1                0                  
17     36         5          5             5           2             2                0                  
18     43         7          7             7           2             2                1                  
19     39         4          4             4           1             1                1                  
20     26         3          3             3           0             0                0                  
21     36         4          4             4           1             1                1                  
22     52         17         17            12          7             6                5                  
23     40         12         12            7           1             0                0                  
24     28         8          8             8           1             1                1                  
25     32         8          8             8           3             3                2                  
26     40         7          7             7           4             4                2                  
27     36         5          5             5           1             1                0                  
28     31         7          7             7           2             1                0                  
29     34         13         13            13          4             3                2                  
30     42         10         10            10          5             4                4                  
31     56         13         12            11          6             5                5                  
32     50         9          9             8           5             4                4                  
33     37         4          4             4           2             2                2                  
34     34         5          5             5           3             3                2                  
35     43         9          9             9           5             5                3                  
36     51         11         11            11          3             3                2                  
37     42         9          9             9           2             2                2                  
38     32         6          6             6           1             1                1                  
39     31         9          9             9           2             2                2                  
40     32         6          6             6           2             2                2                  
41     37         14         14            8           5             4                2                  
42     38         8          8             8           1             1                1                  
43     41         6          6             6           4             4                3                  
44     42         7          7             7           4             4                3                  
45     44         9          9             9           3             3                3                  
46     56         8          8             8           3             3                3                  
47     50         8          8             8           1             1                1                  
48     37         7          7             7           2             2                2                  
49     44         8          8             8           2             2                2                  
50     39         8          8             8           4             4                4                  
51     38         8          8             8           4             4                3                  
52     43         5          5             5           1             1                0                  
53     43         5          5             4           1             1                1                  
54     45         10         10            9           2             2                2                  
55     45         10         10            10          3             3                2                  
56     35         6          6             6           3             3                2                  
57     34         4          4             4           1             1                1                  
58     36         6          6             6           0             0                0                  
59     37         8          8             8           3             3                3                  
60     34         5          5             5           2             2                2                  
61     37         10         10            10          2             2                1                  
62     42         9          9             9           3             3                1                  
63     41         8          8             8           1             0                0                  
64     60         22         22            18          5             4                1                  
65     36         10         10            10          3             3                2                  
66     38         8          8             8           3             3                3                  
67     46         8          8             8           2             2                2                  
68     43         3          3             3           1             1                1                  
69     35         5          5             5           2             2                2                  
70     40         13         13            10          3             2                2                  
71     45         15         15            10          4             3                2                  
72     26         5          5             5           3             2                1                  
73     28         6          6             6           2             2                1                  
74     42         7          7             7           3             3                2                  
75     44         7          7             7           4             3                1                  
76     50         11         11            11          5             4                2                  
77     44         11         11            11          5             5                4                  
78     34         8          8             8           6             6                5                  
79     32         7          7             7           5             5                4                  
80     45         12         12            10          4             3                2                  
----------------------------------------------------------------------------------
SUM    3115       640        639           587         220           200              152                
----------------------------------------------------------------------------------

 Total Ripple Number: 

 Detection parameters:
     maximum_peak:    3
     maxRippleLength: 100
     detection_peaks: thrsh
     num_peaks:       3
