Trial  Det1_2SD   Det2_4SD   Det3_MaxLen   Det4_Join   Det5_Cycles   68               101                
t6_Artif_Rej Det7_Spctr_Peak 1      47         16         16            16          8             8                4                  
2      38         14         14            14          3             3                3                  
3      34         4          4             4           2             2                1                  
4      49         10         10            10          5             4                1                  
5      35         10         10            10          4             3                3                  
6      23         5          5             5           2             2                1                  
7      22         2          2             2           2             2                1                  
8      34         7          7             7           2             2                1                  
9      37         9          9             9           3             3                1                  
10     27         5          5             5           2             2                1                  
11     30         4          4             4           0             0                0                  
12     31         9          9             9           5             5                4                  
13     29         8          8             8           5             5                4                  
14     34         8          8             8           3             3                1                  
15     34         7          7             7           3             3                1                  
16     32         4          4             4           2             2                2                  
17     40         4          4             4           3             3                3                  
18     39         7          7             7           4             4                3                  
19     36         11         11            11          7             7                4                  
20     29         5          5             5           4             4                2                  
21     35         7          7             7           5             5                4                  
22     39         7          7             6           5             4                3                  
23     39         8          8             7           4             3                2                  
24     32         5          5             5           1             1                1                  
25     29         4          4             4           1             1                1                  
26     37         7          7             7           2             2                1                  
27     51         8          8             8           5             5                2                  
28     52         11         11            11          6             6                4                  
29     43         12         12            12          5             5                3                  
30     38         10         10            10          5             5                3                  
31     35         7          7             7           6             5                3                  
32     33         11         11            11          4             3                2                  
33     32         14         14            14          4             4                4                  
34     28         8          8             8           4             4                2                  
35     31         9          9             9           6             6                2                  
36     38         8          8             8           5             5                5                  
37     43         6          6             6           5             5                3                  
38     39         6          6             6           3             3                1                  
39     38         8          8             8           5             5                3                  
40     38         9          9             9           3             3                2                  
41     24         8          8             8           2             1                1                  
42     36         9          9             9           6             6                3                  
43     35         7          7             7           2             2                2                  
44     41         9          9             9           7             7                2                  
45     46         11         11            11          10            10               3                  
46     40         8          8             8           5             5                3                  
47     31         4          4             4           1             1                1                  
48     31         5          5             5           2             2                1                  
49     29         9          9             9           4             4                2                  
50     32         10         10            10          7             7                5                  
51     38         6          6             6           2             2                1                  
52     38         6          6             6           1             1                1                  
53     36         7          7             7           2             2                1                  
54     29         3          3             3           1             1                0                  
55     39         4          4             4           0             0                0                  
56     36         4          4             4           0             0                0                  
57     29         6          6             6           3             3                1                  
58     34         6          6             6           4             4                2                  
59     26         3          3             3           2             2                2                  
60     28         7          7             7           1             1                1                  
61     31         12         12            12          6             6                5                  
62     35         12         12            12          6             6                2                  
63     37         5          5             5           3             2                2                  
64     38         6          6             6           5             4                3                  
65     45         10         10            9           5             5                5                  
66     37         9          9             8           3             3                2                  
67     32         6          6             6           3             3                2                  
68     20         5          5             5           3             3                3                  
69     22         6          6             6           3             3                3                  
70     32         7          7             7           4             3                2                  
71     31         6          6             6           5             4                2                  
72     31         6          6             6           3             3                1                  
73     29         5          5             5           3             3                0                  
74     38         6          6             6           2             2                1                  
75     33         6          6             6           2             2                2                  
76     36         7          7             7           3             3                3                  
77     36         6          6             6           3             3                3                  
78     39         3          3             3           3             3                3                  
79     39         6          6             6           2             2                2                  
80     31         7          7             7           4             3                2                  
----------------------------------------------------------------------------------
SUM    2780       582        582           578         286           274              172                
----------------------------------------------------------------------------------

 Total Ripple Number: ¬

 Detection parameters:
     maximum_peak:    3
     maxRippleLength: 100
     detection_peaks: thrsh
     num_peaks:       3
