Trial  Det1_2SD   Det2_4SD   Det3_MaxLen   Det4_Join   Det5_Cycles   68               101                
t6_Artif_Rej Det7_Spctr_Peak 1      27         0          0             0           0             0                0                  
2      37         2          2             2           0             0                0                  
3      26         1          1             1           0             0                0                  
4      32         1          1             1           0             0                0                  
5      33         0          0             0           0             0                0                  
6      21         1          1             1           0             0                0                  
7      23         1          1             1           0             0                0                  
8      37         0          0             0           0             0                0                  
9      21         0          0             0           0             0                0                  
10     23         0          0             0           0             0                0                  
11     24         0          0             0           0             0                0                  
12     14         0          0             0           0             0                0                  
13     17         0          0             0           0             0                0                  
14     15         0          0             0           0             0                0                  
15     20         2          2             2           0             0                0                  
16     21         1          1             1           0             0                0                  
17     24         1          1             1           0             0                0                  
18     28         0          0             0           0             0                0                  
19     26         0          0             0           0             0                0                  
20     23         0          0             0           0             0                0                  
21     23         0          0             0           0             0                0                  
22     20         0          0             0           0             0                0                  
23     27         1          1             1           0             0                0                  
24     30         1          1             1           1             1                0                  
25     26         0          0             0           0             0                0                  
26     31         0          0             0           0             0                0                  
27     28         2          2             2           1             1                0                  
28     31         1          1             1           1             1                0                  
29     30         0          0             0           0             0                0                  
30     31         1          1             1           0             0                0                  
31     18         0          0             0           0             0                0                  
32     34         0          0             0           0             0                0                  
33     43         1          1             1           1             1                1                  
34     26         1          1             1           0             0                0                  
35     32         1          1             1           1             1                1                  
36     28         1          1             1           1             1                0                  
37     32         2          2             2           2             2                0                  
38     38         1          1             1           1             1                0                  
39     31         1          1             1           1             1                0                  
40     30         0          0             0           0             0                0                  
41     29         0          0             0           0             0                0                  
42     27         0          0             0           0             0                0                  
43     35         1          1             1           0             0                0                  
44     33         0          0             0           0             0                0                  
45     26         0          0             0           0             0                0                  
46     30         4          4             3           1             1                0                  
47     29         5          5             5           1             1                0                  
48     27         4          4             4           2             2                1                  
49     36         4          4             4           2             2                2                  
50     30         0          0             0           0             0                0                  
51     38         3          3             3           1             1                1                  
52     31         2          2             2           0             0                0                  
53     33         2          2             2           0             0                0                  
54     26         2          2             2           2             2                2                  
55     36         1          1             1           0             0                0                  
56     27         2          2             2           0             0                0                  
57     27         0          0             0           0             0                0                  
58     35         0          0             0           0             0                0                  
59     29         1          1             1           0             0                0                  
60     32         0          0             0           0             0                0                  
61     35         1          1             1           0             0                0                  
62     35         0          0             0           0             0                0                  
63     36         2          2             2           2             2                1                  
64     37         2          2             2           2             2                2                  
65     40         2          2             2           2             2                2                  
66     34         1          1             1           1             1                1                  
67     19         0          0             0           0             0                0                  
68     24         0          0             0           0             0                0                  
69     27         2          2             2           2             2                1                  
70     22         1          1             1           1             1                1                  
71     39         3          3             3           3             3                2                  
72     30         2          2             2           1             1                1                  
73     32         0          0             0           0             0                0                  
74     21         0          0             0           0             0                0                  
75     28         0          0             0           0             0                0                  
76     35         0          0             0           0             0                0                  
77     36         0          0             0           0             0                0                  
78     24         2          2             2           1             1                1                  
79     18         2          2             2           1             1                1                  
80     23         2          2             2           1             1                1                  
----------------------------------------------------------------------------------
SUM    2292       77         77            76          36            36               22                 
----------------------------------------------------------------------------------

 Total Ripple Number: 

 Detection parameters:
     maximum_peak:    4
     maxRippleLength: 100
     detection_peaks: peaks
     num_peaks:       3
