Trial  Det1_2SD   Det2_4SD   Det3_MaxLen   Det4_Join   Det5_Cycles   68               101                
t6_Artif_Rej Det7_Spctr_Peak 1      33         0          0             0           0             0                0                  
2      25         1          1             1           1             1                0                  
3      33         0          0             0           0             0                0                  
4      36         0          0             0           0             0                0                  
5      27         1          1             1           1             1                1                  
6      18         1          1             1           0             0                0                  
7      32         1          1             1           0             0                0                  
8      28         1          1             1           0             0                0                  
9      24         0          0             0           0             0                0                  
10     25         0          0             0           0             0                0                  
11     24         0          0             0           0             0                0                  
12     28         1          1             1           0             0                0                  
13     19         1          1             1           0             0                0                  
14     27         1          1             1           0             0                0                  
15     28         2          2             2           1             1                1                  
16     28         2          2             2           1             1                0                  
17     32         0          0             0           0             0                0                  
18     37         0          0             0           0             0                0                  
19     26         1          1             1           1             1                0                  
20     36         0          0             0           0             0                0                  
21     29         0          0             0           0             0                0                  
22     30         1          1             1           0             0                0                  
23     31         0          0             0           0             0                0                  
24     40         1          1             1           1             1                1                  
25     44         0          0             0           0             0                0                  
26     33         0          0             0           0             0                0                  
27     21         1          1             1           1             1                0                  
28     27         1          1             1           1             1                0                  
29     31         0          0             0           0             0                0                  
30     32         1          1             1           1             1                1                  
31     21         0          0             0           0             0                0                  
32     25         1          1             1           0             0                0                  
33     22         3          3             3           0             0                0                  
34     21         1          1             1           1             1                1                  
35     29         0          0             0           0             0                0                  
36     23         1          1             1           1             1                0                  
37     27         2          2             2           1             1                0                  
38     24         2          2             2           1             1                1                  
39     26         3          3             3           1             1                0                  
40     27         1          1             1           1             1                0                  
41     30         0          0             0           0             0                0                  
42     22         2          2             2           0             0                0                  
43     19         0          0             0           0             0                0                  
44     30         0          0             0           0             0                0                  
45     27         0          0             0           0             0                0                  
46     29         1          1             1           1             1                0                  
47     23         1          1             1           1             1                1                  
48     23         0          0             0           0             0                0                  
49     31         4          4             3           2             1                0                  
50     25         1          1             1           1             0                0                  
51     26         1          1             1           0             0                0                  
52     33         1          1             1           1             1                1                  
53     24         0          0             0           0             0                0                  
54     31         0          0             0           0             0                0                  
55     34         1          1             1           0             0                0                  
56     26         0          0             0           0             0                0                  
57     29         0          0             0           0             0                0                  
58     30         1          1             1           1             1                1                  
59     32         0          0             0           0             0                0                  
60     27         0          0             0           0             0                0                  
61     25         0          0             0           0             0                0                  
62     32         0          0             0           0             0                0                  
63     36         0          0             0           0             0                0                  
64     33         0          0             0           0             0                0                  
65     35         0          0             0           0             0                0                  
66     30         0          0             0           0             0                0                  
67     22         0          0             0           0             0                0                  
68     25         1          1             1           0             0                0                  
69     26         3          3             3           1             1                1                  
70     26         1          1             1           1             1                1                  
71     33         3          3             3           1             1                1                  
72     35         2          2             2           1             1                1                  
73     28         0          0             0           0             0                0                  
74     25         0          0             0           0             0                0                  
75     28         0          0             0           0             0                0                  
76     33         1          1             1           0             0                0                  
77     28         0          0             0           0             0                0                  
78     23         0          0             0           0             0                0                  
79     24         0          0             0           0             0                0                  
80     25         0          0             0           0             0                0                  
----------------------------------------------------------------------------------
SUM    2252       56         56            55          26            24               13                 
----------------------------------------------------------------------------------

 Total Ripple Number: 

 Detection parameters:
     maximum_peak:    4
     maxRippleLength: 100
     detection_peaks: peaks
     num_peaks:       3
