Trial  Det1_2SD   Det2_4SD   Det3_MaxLen   Det4_Join   Det5_Cycles   68               101                
t6_Artif_Rej Det7_Spctr_Peak 1      29         3          3             3           0             0                0                  
2      18         1          1             1           0             0                0                  
3      30         1          1             1           0             0                0                  
4      35         1          1             1           0             0                0                  
5      27         1          1             1           0             0                0                  
6      25         0          0             0           0             0                0                  
7      33         1          1             1           1             1                0                  
8      27         3          3             3           0             0                0                  
9      28         1          1             1           0             0                0                  
10     19         1          1             1           0             0                0                  
11     29         0          0             0           0             0                0                  
12     26         1          1             1           0             0                0                  
13     17         1          1             1           0             0                0                  
14     22         0          0             0           0             0                0                  
15     25         1          1             1           0             0                0                  
16     34         1          1             1           0             0                0                  
17     23         0          0             0           0             0                0                  
18     34         1          1             1           0             0                0                  
19     24         2          2             2           1             1                1                  
20     29         0          0             0           0             0                0                  
21     26         0          0             0           0             0                0                  
22     29         1          1             1           0             0                0                  
23     31         0          0             0           0             0                0                  
24     36         1          1             1           1             1                0                  
25     32         0          0             0           0             0                0                  
26     26         0          0             0           0             0                0                  
27     23         2          2             2           0             0                0                  
28     30         1          1             1           1             1                0                  
29     31         0          0             0           0             0                0                  
30     28         3          3             3           1             1                1                  
31     23         1          1             1           1             1                1                  
32     24         0          0             0           0             0                0                  
33     20         1          1             1           1             1                0                  
34     26         1          1             1           0             0                0                  
35     30         0          0             0           0             0                0                  
36     18         1          1             1           1             1                0                  
37     26         1          1             1           1             1                0                  
38     20         1          1             1           0             0                0                  
39     33         1          1             1           0             0                0                  
40     31         0          0             0           0             0                0                  
41     39         0          0             0           0             0                0                  
42     29         0          0             0           0             0                0                  
43     18         0          0             0           0             0                0                  
44     24         0          0             0           0             0                0                  
45     27         0          0             0           0             0                0                  
46     20         3          3             3           1             1                0                  
47     23         2          2             2           1             1                1                  
48     31         0          0             0           0             0                0                  
49     35         2          2             2           1             1                0                  
50     30         2          2             2           0             0                0                  
51     25         0          0             0           0             0                0                  
52     28         1          1             1           0             0                0                  
53     17         0          0             0           0             0                0                  
54     22         0          0             0           0             0                0                  
55     28         1          1             1           0             0                0                  
56     28         0          0             0           0             0                0                  
57     28         0          0             0           0             0                0                  
58     29         0          0             0           0             0                0                  
59     32         0          0             0           0             0                0                  
60     37         0          0             0           0             0                0                  
61     27         0          0             0           0             0                0                  
62     27         1          1             1           0             0                0                  
63     27         1          1             1           0             0                0                  
64     34         0          0             0           0             0                0                  
65     31         2          2             2           1             1                1                  
66     27         1          1             1           0             0                0                  
67     27         1          1             1           1             1                1                  
68     27         0          0             0           0             0                0                  
69     29         1          1             1           1             1                0                  
70     22         0          0             0           0             0                0                  
71     35         2          2             2           1             0                0                  
72     33         1          1             1           0             0                0                  
73     27         0          0             0           0             0                0                  
74     24         0          0             0           0             0                0                  
75     29         0          0             0           0             0                0                  
76     31         2          2             2           0             0                0                  
77     27         1          1             1           0             0                0                  
78     25         1          1             1           0             0                0                  
79     26         1          1             1           0             0                0                  
80     32         0          0             0           0             0                0                  
----------------------------------------------------------------------------------
SUM    2194       61         61            61          16            15               6                  
----------------------------------------------------------------------------------

 Total Ripple Number: 

 Detection parameters:
     maximum_peak:    4
     maxRippleLength: 100
     detection_peaks: peaks
     num_peaks:       3
