Trial  Det1_2SD   Det2_4SD   Det3_MaxLen   Det4_Join   Det5_Cycles   68               101                
t6_Artif_Rej Det7_Spctr_Peak 1      32         2          2             2           1             1                1                  
2      25         1          1             1           0             0                0                  
3      30         2          2             2           2             2                2                  
4      27         0          0             0           0             0                0                  
5      25         0          0             0           0             0                0                  
6      26         1          1             1           1             1                1                  
7      27         0          0             0           0             0                0                  
8      20         2          2             2           0             0                0                  
9      27         1          1             1           0             0                0                  
10     26         0          0             0           0             0                0                  
11     21         0          0             0           0             0                0                  
12     23         0          0             0           0             0                0                  
13     36         3          3             3           1             1                1                  
14     24         2          2             2           1             1                1                  
15     23         0          0             0           0             0                0                  
16     34         1          1             1           0             0                0                  
17     22         1          1             1           0             0                0                  
18     20         0          0             0           0             0                0                  
19     24         0          0             0           0             0                0                  
20     25         1          1             1           1             1                1                  
21     31         0          0             0           0             0                0                  
22     35         1          1             1           0             0                0                  
23     31         0          0             0           0             0                0                  
24     24         1          1             1           1             1                1                  
25     22         0          0             0           0             0                0                  
26     33         0          0             0           0             0                0                  
27     31         0          0             0           0             0                0                  
28     32         0          0             0           0             0                0                  
29     35         0          0             0           0             0                0                  
30     28         0          0             0           0             0                0                  
31     27         0          0             0           0             0                0                  
32     29         1          1             1           0             0                0                  
33     29         2          2             2           2             2                2                  
34     21         0          0             0           0             0                0                  
35     22         0          0             0           0             0                0                  
36     27         1          1             1           0             0                0                  
37     24         1          1             1           0             0                0                  
38     28         1          1             1           0             0                0                  
39     26         3          3             3           0             0                0                  
40     25         3          3             3           0             0                0                  
41     36         1          1             1           0             0                0                  
42     25         0          0             0           0             0                0                  
43     26         1          1             1           1             1                1                  
44     32         1          1             1           0             0                0                  
45     35         0          0             0           0             0                0                  
46     34         2          2             2           1             0                0                  
47     22         0          0             0           0             0                0                  
48     27         0          0             0           0             0                0                  
49     24         1          1             1           0             0                0                  
50     24         0          0             0           0             0                0                  
51     26         0          0             0           0             0                0                  
52     25         0          0             0           0             0                0                  
53     24         1          1             1           0             0                0                  
54     20         0          0             0           0             0                0                  
55     21         0          0             0           0             0                0                  
56     31         0          0             0           0             0                0                  
57     26         0          0             0           0             0                0                  
58     27         1          1             1           0             0                0                  
59     21         1          1             1           0             0                0                  
60     29         1          1             1           0             0                0                  
61     30         0          0             0           0             0                0                  
62     27         1          1             1           0             0                0                  
63     26         1          1             1           0             0                0                  
64     33         1          1             1           1             1                1                  
65     28         1          1             1           1             1                1                  
66     27         1          1             1           1             1                1                  
67     31         0          0             0           0             0                0                  
68     25         0          0             0           0             0                0                  
69     27         1          1             1           0             0                0                  
70     23         1          1             1           0             0                0                  
71     31         1          1             1           0             0                0                  
72     21         0          0             0           0             0                0                  
73     23         1          1             1           0             0                0                  
74     33         0          0             0           0             0                0                  
75     24         0          0             0           0             0                0                  
76     25         0          0             0           0             0                0                  
77     30         0          0             0           0             0                0                  
78     39         2          2             2           0             0                0                  
79     30         3          3             3           1             1                1                  
80     27         2          2             2           0             0                0                  
----------------------------------------------------------------------------------
SUM    2172       57         57            57          16            15               15                 
----------------------------------------------------------------------------------

 Total Ripple Number: 

 Detection parameters:
     maximum_peak:    4
     maxRippleLength: 100
     detection_peaks: peaks
     num_peaks:       3
