Trial  Det1_2SD   Det2_4SD   Det3_MaxLen   Det4_Join   Det5_Cycles   Det6_Artif_Rej  
1      21         8          8             8           3             3               
2      29         9          9             9           3             3               
3      35         8          8             8           4             4               
4      30         9          9             9           2             2               
5      26         7          7             7           3             3               
6      17         5          5             5           1             1               
7      34         10         10            10          4             4               
8      29         7          7             7           4             4               
9      34         10         10            9           3             3               
10     20         8          8             5           4             4               
11     27         9          9             9           4             4               
12     25         3          3             3           1             1               
13     24         8          8             8           3             3               
14     21         5          5             5           4             4               
15     35         6          6             6           1             1               
16     28         8          8             8           4             3               
17     25         5          5             5           3             3               
18     24         9          9             9           5             4               
19     26         5          5             5           2             2               
20     29         6          6             6           2             2               
21     36         4          4             4           1             1               
22     36         7          7             7           1             1               
23     24         1          1             1           1             1               
24     40         7          7             7           1             1               
25     31         9          9             9           2             2               
26     25         2          2             2           0             0               
27     23         4          4             4           2             2               
28     30         3          3             3           1             1               
29     20         7          7             7           1             1               
30     33         7          7             7           1             1               
31     32         5          5             5           0             0               
32     22         4          4             4           2             1               
33     29         7          7             6           2             1               
34     40         6          6             6           1             1               
35     33         8          8             8           4             4               
36     31         5          5             5           2             2               
37     26         5          5             5           3             3               
38     27         4          4             4           4             4               
39     28         8          8             8           1             1               
40     16         4          4             4           1             1               
41     30         4          4             4           3             3               
42     25         3          3             3           0             0               
43     27         7          7             7           0             0               
44     26         5          5             5           2             2               
45     22         5          5             5           4             4               
46     19         3          3             3           1             1               
47     28         6          6             6           4             4               
48     33         13         13            13          9             9               
49     37         13         13            13          5             5               
50     21         4          4             4           0             0               
51     31         2          2             2           1             1               
52     28         6          6             6           2             2               
53     31         10         10            10          3             3               
54     30         6          6             6           2             1               
55     35         8          8             7           4             3               
56     29         7          7             7           2             2               
57     37         6          6             6           2             2               
58     48         13         13            12          5             5               
59     30         8          8             8           2             2               
60     18         2          2             2           0             0               
61     36         4          4             4           2             2               
62     25         2          2             2           1             1               
63     28         13         13            11          7             6               
64     27         8          8             8           3             2               
65     30         6          6             6           0             0               
66     23         7          7             7           3             3               
67     33         7          7             7           2             2               
68     29         10         10            10          1             1               
69     24         5          5             5           3             2               
70     27         4          4             4           1             0               
71     21         3          3             3           2             2               
72     28         9          9             9           4             4               
73     29         6          6             6           1             1               
74     33         10         10            10          3             2               
75     33         11         11            11          4             3               
76     21         4          4             4           3             3               
77     30         10         10            9           4             4               
78     34         6          6             6           4             4               
79     36         10         10            10          5             4               
80     31         8          8             8           2             2               
----------------------------------------------------------------------------------
SUM    2284       526        526           516         197           184             
----------------------------------------------------------------------------------

 Total Ripple Number: ¸

 Detection parameters:
     maximum_peak:    3
     maxRippleLength: 100
     detection_peaks: thrsh
     num_peaks:       3
