Trial  Det1_2SD   Det2_4SD   Det3_MaxLen   Det4_Join   Det5_Cycles   68               101                
t6_Artif_Rej Det7_Spctr_Peak 1      24         3          3             3           1             1                1                  
2      26         6          6             6           2             2                1                  
3      25         4          4             4           0             0                0                  
4      29         8          8             8           4             4                3                  
5      25         3          3             3           0             0                0                  
6      26         5          5             5           2             2                0                  
7      24         8          8             8           1             1                0                  
8      31         11         11            10          5             5                5                  
9      28         7          7             7           3             3                1                  
10     22         5          5             5           1             1                0                  
11     35         6          6             6           2             2                0                  
12     28         8          8             8           4             4                1                  
13     29         10         10            10          4             4                1                  
14     25         8          8             8           2             2                1                  
15     34         7          7             7           2             2                1                  
16     33         10         10            10          3             2                1                  
17     26         7          7             7           1             1                0                  
18     22         2          2             2           1             1                0                  
19     25         5          5             5           2             2                1                  
20     15         4          4             4           0             0                0                  
21     33         8          8             8           0             0                0                  
22     27         2          2             2           0             0                0                  
23     31         5          5             5           4             4                3                  
24     30         5          5             5           4             4                3                  
25     26         4          4             4           2             2                0                  
26     31         6          6             6           1             1                1                  
27     18         3          3             3           2             2                2                  
28     30         3          3             3           1             1                1                  
29     35         2          2             2           1             1                1                  
30     43         12         12            11          4             4                3                  
31     27         5          5             5           2             2                1                  
32     28         4          4             4           2             2                2                  
33     21         5          5             5           2             2                2                  
34     28         6          6             6           1             1                1                  
35     23         2          2             2           0             0                0                  
36     27         2          2             2           0             0                0                  
37     30         5          5             5           2             2                2                  
38     36         6          6             6           3             3                2                  
39     27         2          2             2           1             1                0                  
40     31         4          4             4           2             2                1                  
41     24         3          3             3           2             2                2                  
42     30         5          5             5           1             1                0                  
43     34         7          7             7           4             4                3                  
44     23         2          2             2           1             1                1                  
45     24         2          2             2           1             1                1                  
46     23         7          7             6           2             2                2                  
47     17         5          5             4           1             1                1                  
48     25         7          7             7           0             0                0                  
49     26         7          7             7           2             1                1                  
50     31         6          6             6           2             2                2                  
51     29         5          5             5           1             1                0                  
52     37         10         10            10          6             5                2                  
53     39         12         12            12          6             5                1                  
54     30         5          5             5           2             2                1                  
55     34         3          3             3           1             1                1                  
56     27         5          5             5           1             1                1                  
57     31         8          8             8           2             2                1                  
58     34         9          9             9           4             4                2                  
59     24         5          5             5           1             1                1                  
60     29         9          9             9           2             2                2                  
61     25         4          4             4           2             2                2                  
62     31         6          6             6           3             3                2                  
63     25         7          7             7           2             2                2                  
64     31         4          4             4           2             2                1                  
65     26         4          4             4           4             4                3                  
66     19         6          6             6           3             3                2                  
67     35         6          6             6           4             4                3                  
68     34         11         11            11          7             7                7                  
69     35         10         10            10          5             5                5                  
70     30         8          8             8           2             2                2                  
71     28         8          8             7           2             2                1                  
72     20         4          4             4           0             0                0                  
73     20         3          3             3           2             2                1                  
74     25         6          6             6           3             3                3                  
75     25         11         11            11          3             3                3                  
76     31         8          8             8           3             3                2                  
77     29         6          6             6           2             2                1                  
78     34         8          8             8           3             3                1                  
79     45         8          8             8           4             4                2                  
80     28         4          4             4           1             1                1                  
----------------------------------------------------------------------------------
SUM    2261       472        472           467         173           169              111                
----------------------------------------------------------------------------------

 Total Ripple Number: o

 Detection parameters:
     maximum_peak:    3
     maxRippleLength: 100
     detection_peaks: thrsh
     num_peaks:       3
