Trial  Det1_2SD   Det2_4SD   Det3_MaxLen   Det4_Join   Det5_Cycles   68               101                
t6_Artif_Rej Det7_Spctr_Peak 1      22         1          1             1           0             0                0                  
2      30         8          8             8           2             2                2                  
3      17         0          0             0           0             0                0                  
4      28         3          3             3           0             0                0                  
5      23         4          4             4           0             0                0                  
6      20         5          5             5           3             3                2                  
7      36         9          9             9           2             2                2                  
8      32         10         10            10          4             4                3                  
9      28         5          5             5           0             0                0                  
10     30         2          2             2           0             0                0                  
11     33         5          5             5           3             3                2                  
12     33         3          3             3           1             1                0                  
13     36         6          6             6           2             2                1                  
14     35         12         12            12          4             4                4                  
15     29         8          8             8           2             2                2                  
16     28         9          9             9           4             4                4                  
17     30         7          7             7           1             1                1                  
18     28         7          7             7           2             2                2                  
19     27         5          5             5           1             1                1                  
20     24         2          2             2           0             0                0                  
21     25         4          4             4           2             2                0                  
22     22         4          4             4           0             0                0                  
23     34         7          7             7           0             0                0                  
24     29         7          7             7           1             1                1                  
25     26         5          5             5           0             0                0                  
26     37         9          9             9           5             5                4                  
27     26         6          6             6           4             4                4                  
28     21         5          5             5           2             2                1                  
29     23         6          6             6           0             0                0                  
30     29         5          5             5           2             2                2                  
31     32         9          9             9           2             2                2                  
32     22         5          5             5           1             1                1                  
33     24         6          6             6           2             2                2                  
34     26         8          8             8           3             3                2                  
35     29         1          1             1           1             1                1                  
36     24         3          3             3           1             1                1                  
37     28         6          6             6           2             2                2                  
38     37         9          9             9           3             3                3                  
39     37         5          5             5           2             2                2                  
40     21         4          4             4           0             0                0                  
41     24         3          3             3           1             1                1                  
42     32         9          9             9           2             2                2                  
43     42         9          9             9           4             4                3                  
44     23         5          5             5           0             0                0                  
45     16         3          3             3           0             0                0                  
46     25         5          5             5           3             3                3                  
47     26         4          4             4           1             1                1                  
48     27         3          3             3           0             0                0                  
49     26         5          5             5           2             1                1                  
50     28         5          5             5           1             1                0                  
51     36         5          5             5           1             1                1                  
52     45         9          9             9           3             3                2                  
53     40         10         10            10          5             5                4                  
54     29         5          5             5           2             2                1                  
55     31         7          7             7           2             2                1                  
56     28         5          5             5           2             2                2                  
57     34         5          5             5           2             2                2                  
58     38         6          6             5           2             2                1                  
59     27         5          5             5           2             2                2                  
60     30         8          8             8           2             2                2                  
61     24         5          5             5           1             1                1                  
62     21         2          2             2           2             2                1                  
63     21         6          6             6           1             1                0                  
64     28         9          9             9           0             0                0                  
65     20         7          7             7           1             1                1                  
66     22         6          6             6           3             3                3                  
67     24         9          9             9           4             4                2                  
68     25         9          9             9           7             6                1                  
69     30         9          9             9           6             5                3                  
70     34         7          7             7           1             1                1                  
71     35         5          5             5           0             0                0                  
72     23         5          5             5           2             2                2                  
73     27         8          8             8           4             4                4                  
74     26         6          6             6           4             4                4                  
75     30         8          8             8           1             1                1                  
76     27         7          7             7           2             1                1                  
77     19         4          4             4           3             2                2                  
78     33         5          5             5           3             2                1                  
79     35         7          7             7           5             5                4                  
80     26         4          4             4           0             0                0                  
----------------------------------------------------------------------------------
SUM    2258       469        469           468         151           145              115                
----------------------------------------------------------------------------------

 Total Ripple Number: s

 Detection parameters:
     maximum_peak:    3
     maxRippleLength: 100
     detection_peaks: thrsh
     num_peaks:       3
