Trial  Det1_2SD   Det2_4SD   Det3_MaxLen   Det4_Join   Det5_Cycles   68               101                
t6_Artif_Rej Det7_Spctr_Peak 1      25         3          3             3           1             1                1                  
2      30         2          2             2           1             1                1                  
3      30         5          5             5           1             1                1                  
4      34         6          6             6           1             1                1                  
5      26         7          7             7           3             3                1                  
6      23         8          8             8           4             4                0                  
7      23         4          4             4           1             1                0                  
8      18         6          6             6           1             1                0                  
9      24         4          4             4           1             1                1                  
10     35         1          1             1           0             0                0                  
11     33         10         10            10          2             2                2                  
12     21         5          5             5           0             0                0                  
13     29         8          8             8           2             2                0                  
14     22         3          3             3           2             2                1                  
15     24         2          2             2           0             0                0                  
16     23         5          5             5           2             2                2                  
17     28         5          5             5           2             2                2                  
18     30         9          9             9           4             4                4                  
19     27         10         10            10          5             5                4                  
20     28         6          6             6           1             1                1                  
21     31         4          4             4           2             2                0                  
22     28         7          7             7           3             3                2                  
23     25         5          5             5           1             1                0                  
24     24         6          6             6           1             1                1                  
25     23         3          3             3           1             1                1                  
26     23         4          4             4           1             1                1                  
27     33         5          5             5           3             3                2                  
28     26         2          2             2           1             1                1                  
29     20         5          5             5           3             3                1                  
30     37         6          6             6           2             2                0                  
31     31         7          7             7           0             0                0                  
32     35         7          7             7           2             2                1                  
33     27         3          3             3           1             1                1                  
34     25         1          1             1           0             0                0                  
35     31         4          4             4           1             1                1                  
36     27         8          8             8           0             0                0                  
37     31         9          9             8           3             3                3                  
38     28         3          3             3           1             1                1                  
39     34         7          7             7           1             1                0                  
40     26         3          3             3           0             0                0                  
41     34         3          3             3           2             2                2                  
42     28         5          5             5           2             2                2                  
43     32         5          5             5           1             1                1                  
44     27         5          5             5           2             2                2                  
45     20         2          2             2           1             1                1                  
46     25         6          6             6           3             3                2                  
47     24         5          5             5           2             2                1                  
48     23         1          1             1           0             0                0                  
49     29         3          3             3           2             2                1                  
50     24         6          6             6           3             3                2                  
51     35         9          9             9           4             4                2                  
52     36         10         10            10          4             4                2                  
53     25         6          6             6           1             1                0                  
54     37         8          8             8           2             2                0                  
55     38         5          5             5           1             1                0                  
56     27         4          4             4           1             1                0                  
57     36         12         12            11          4             4                3                  
58     43         13         13            12          3             3                3                  
59     28         8          8             8           3             3                3                  
60     24         3          3             3           2             2                1                  
61     35         4          4             4           1             1                1                  
62     24         4          4             4           2             2                2                  
63     22         4          4             4           3             3                3                  
64     23         7          7             7           3             3                3                  
65     26         4          4             4           1             1                1                  
66     29         7          7             7           4             4                2                  
67     26         8          8             8           4             4                2                  
68     29         3          3             3           1             1                1                  
69     33         6          6             6           1             1                1                  
70     39         9          9             9           3             3                2                  
71     32         10         10            10          1             1                1                  
72     22         3          3             3           1             1                1                  
73     29         5          5             5           2             2                2                  
74     25         4          4             4           1             1                1                  
75     23         7          7             7           2             2                1                  
76     29         4          4             4           0             0                0                  
77     22         2          2             2           0             0                0                  
78     33         7          7             7           1             1                0                  
79     32         5          5             5           1             1                0                  
80     29         3          3             3           1             1                1                  
----------------------------------------------------------------------------------
SUM    2255       433        433           430         137           137              91                 
----------------------------------------------------------------------------------

 Total Ripple Number: [

 Detection parameters:
     maximum_peak:    3
     maxRippleLength: 100
     detection_peaks: thrsh
     num_peaks:       3
