Trial  Det1_2SD   Det2_4SD   Det3_MaxLen   Det4_Join   Det5_Cycles   68               101                
t6_Artif_Rej Det7_Spctr_Peak 1      35         4          4             4           1             1                1                  
2      36         12         12            12          3             3                2                  
3      30         4          4             4           0             0                0                  
4      28         6          6             6           0             0                0                  
5      31         8          8             8           2             2                2                  
6      24         6          6             6           0             0                0                  
7      28         8          8             8           2             2                1                  
8      21         2          2             2           1             1                0                  
9      26         6          6             6           1             1                0                  
10     34         9          9             9           3             3                0                  
11     49         14         14            14          5             5                2                  
12     24         3          3             3           2             2                1                  
13     23         4          4             4           2             2                0                  
14     31         5          5             5           2             2                2                  
15     19         0          0             0           0             0                0                  
16     21         6          6             6           4             4                1                  
17     19         6          6             6           3             3                1                  
18     30         8          8             8           3             3                3                  
19     29         6          6             6           2             2                2                  
20     27         7          7             7           1             1                0                  
21     19         7          7             7           2             2                0                  
22     29         4          4             4           1             1                1                  
23     22         1          1             1           0             0                0                  
24     20         0          0             0           0             0                0                  
25     28         5          5             5           1             1                0                  
26     21         4          4             4           3             3                1                  
27     27         7          7             7           2             2                1                  
28     30         6          6             6           2             2                1                  
29     17         2          2             2           0             0                0                  
30     24         9          9             9           7             6                4                  
31     31         8          8             8           5             4                3                  
32     25         7          7             7           2             2                0                  
33     21         6          6             6           2             2                1                  
34     20         2          2             2           0             0                0                  
35     31         6          6             6           3             3                1                  
36     33         10         10            10          2             2                0                  
37     30         5          5             5           2             2                2                  
38     22         8          8             8           4             4                3                  
39     24         3          3             3           1             1                0                  
40     32         4          4             4           1             1                1                  
41     22         2          2             2           0             0                0                  
42     27         7          7             7           3             3                1                  
43     34         8          8             8           3             3                2                  
44     26         9          9             9           4             4                2                  
45     28         6          6             6           2             2                2                  
46     27         6          6             6           2             2                1                  
47     28         6          6             6           1             1                1                  
48     34         3          3             3           0             0                0                  
49     30         5          5             5           2             2                1                  
50     25         4          4             4           3             3                2                  
51     47         16         16            16          6             6                3                  
52     41         15         15            15          3             3                2                  
53     30         8          8             8           1             1                1                  
54     27         9          9             9           2             2                1                  
55     34         9          9             9           3             3                2                  
56     25         6          6             6           2             2                0                  
57     30         7          7             7           4             3                1                  
58     32         6          6             6           3             2                0                  
59     26         6          6             6           2             2                2                  
60     28         4          4             4           0             0                0                  
61     37         5          5             5           1             1                1                  
62     29         1          1             1           1             1                0                  
63     27         6          6             6           4             4                1                  
64     23         5          5             5           3             3                2                  
65     27         5          5             5           2             2                1                  
66     18         1          1             1           0             0                0                  
67     23         4          4             4           1             1                1                  
68     18         4          4             4           1             1                0                  
69     34         9          9             8           4             4                1                  
70     40         18         18            15          7             7                1                  
71     35         12         12            10          6             6                1                  
72     25         8          8             7           2             2                2                  
73     32         6          6             6           1             0                0                  
74     26         8          8             8           3             3                0                  
75     22         5          5             5           1             1                0                  
76     34         3          3             3           2             1                0                  
77     25         6          6             6           2             1                0                  
78     42         7          7             7           4             4                0                  
79     43         13         13            13          3             3                2                  
80     28         9          9             8           3             3                2                  
----------------------------------------------------------------------------------
SUM    2260       505        505           497         174           167              76                 
----------------------------------------------------------------------------------

 Total Ripple Number: L

 Detection parameters:
     maximum_peak:    3
     maxRippleLength: 100
     detection_peaks: thrsh
     num_peaks:       3
