Trial  Det1_2SD   Det2_4SD   Det3_MaxLen   Det4_Join   Det5_Cycles   68               101                
t6_Artif_Rej Det7_Spctr_Peak 1      34         9          9             9           2             2                2                  
2      38         7          7             7           2             2                0                  
3      35         9          9             9           3             3                2                  
4      35         6          6             6           1             1                0                  
5      29         2          2             2           0             0                0                  
6      29         5          5             5           2             2                2                  
7      28         3          3             3           0             0                0                  
8      24         2          2             2           1             1                0                  
9      25         4          4             4           1             1                1                  
10     30         5          5             5           1             1                1                  
11     36         8          8             8           3             3                1                  
12     20         3          3             3           0             0                0                  
13     29         5          5             5           1             1                0                  
14     27         5          5             5           3             3                2                  
15     31         4          4             4           1             1                1                  
16     31         4          4             4           1             1                1                  
17     37         6          6             6           0             0                0                  
18     34         4          4             3           1             1                1                  
19     25         4          4             4           0             0                0                  
20     19         3          3             3           0             0                0                  
21     18         4          4             4           1             1                1                  
22     34         7          7             7           2             2                1                  
23     25         7          7             7           1             1                1                  
24     17         2          2             2           0             0                0                  
25     25         3          3             3           1             1                1                  
26     39         6          6             6           3             3                3                  
27     22         6          6             6           1             1                1                  
28     19         4          4             4           2             2                1                  
29     14         0          0             0           0             0                0                  
30     19         6          6             6           3             2                0                  
31     34         7          7             7           4             4                2                  
32     28         8          8             8           3             3                2                  
33     20         1          1             1           0             0                0                  
34     15         5          5             5           2             2                2                  
35     24         6          6             6           3             3                3                  
36     25         5          5             5           1             1                0                  
37     28         7          7             7           1             1                1                  
38     30         4          4             4           1             1                1                  
39     29         4          4             4           1             1                1                  
40     25         7          7             7           1             1                0                  
41     29         8          8             8           1             1                0                  
42     43         7          7             7           5             5                4                  
43     44         7          7             7           1             1                0                  
44     30         4          4             4           0             0                0                  
45     25         4          4             4           0             0                0                  
46     21         7          7             7           1             1                0                  
47     22         3          3             3           0             0                0                  
48     22         4          4             4           0             0                0                  
49     34         4          4             4           2             2                2                  
50     29         9          9             9           3             3                2                  
51     28         7          7             7           3             3                3                  
52     33         11         11            11          3             3                3                  
53     25         5          5             5           0             0                0                  
54     30         7          7             7           2             2                2                  
55     36         6          6             6           2             2                2                  
56     23         3          3             3           1             1                1                  
57     20         0          0             0           0             0                0                  
58     26         3          3             3           1             1                1                  
59     23         6          6             6           3             3                3                  
60     23         4          4             4           2             2                2                  
61     30         3          3             3           2             2                2                  
62     33         7          7             7           4             4                3                  
63     25         3          3             3           2             2                1                  
64     26         5          5             5           1             1                0                  
65     27         5          5             4           2             2                1                  
66     31         7          7             6           2             2                1                  
67     27         7          7             7           4             4                0                  
68     26         7          7             7           1             1                0                  
69     38         10         10            10          1             1                1                  
70     46         13         13            13          2             2                1                  
71     31         10         10            10          4             4                2                  
72     37         9          9             9           3             3                2                  
73     46         7          7             7           5             5                5                  
74     34         4          4             4           1             1                1                  
75     35         7          7             7           1             1                0                  
76     26         6          6             6           1             1                0                  
77     26         1          1             1           0             0                0                  
78     36         6          6             6           3             3                1                  
79     29         8          8             7           1             1                0                  
80     27         8          8             8           0             0                0                  
----------------------------------------------------------------------------------
SUM    2288       439        439           435         124           123              81                 
----------------------------------------------------------------------------------

 Total Ripple Number: Q

 Detection parameters:
     maximum_peak:    3
     maxRippleLength: 100
     detection_peaks: thrsh
     num_peaks:       3
