Trial  Det1_2SD   Det2_4SD   Det3_MaxLen   Det4_Join   Det5_Cycles   68               101                

t6_Artif_Rej Det7_Spctr_Peak 1      20         10         10            9           4             4                0                  
2      17         9          9             8           3             3                0                  
3      14         3          3             3           1             1                0                  
4      9          5          5             5           3             3                0                  
5      12         6          6             5           4             4                0                  
6      17         8          8             7           3             3                0                  
7      11         3          3             3           1             1                0                  
8      17         6          6             6           1             1                0                  
9      26         9          9             9           5             5                1                  
10     22         8          8             8           3             3                1                  
11     20         9          9             6           4             4                1                  
12     19         11         11            10          7             6                2                  
13     25         13         13            8           7             6                1                  
14     31         16         16            12          6             5                0                  
15     38         21         21            15          11            10               1                  
16     19         4          4             4           3             3                0                  
17     28         12         12            11          9             8                0                  
18     26         15         15            14          9             8                0                  
19     23         13         13            9           7             6                0                  
20     31         18         18            12          9             8                0                  
21     24         14         14            12          7             6                0                  
22     33         19         19            16          12            11               1                  
23     28         10         10            9           5             5                0                  
24     29         18         18            11          8             7                2                  
25     45         26         26            23          16            15               2                  
26     26         14         14            14          9             9                1                  
27     17         3          3             3           2             2                0                  
28     13         2          2             2           0             0                0                  
29     20         7          7             7           2             2                1                  
30     23         8          8             8           6             5                1                  
31     24         13         13            13          8             7                0                  
32     27         12         12            11          7             6                1                  
33     31         14         14            13          7             6                1                  
34     33         15         15            12          6             5                0                  
35     46         26         26            19          16            15               2                  
36     39         24         24            20          15            14               2                  
37     20         14         14            13          9             8                1                  
38     40         25         25            21          16            15               5                  
39     31         17         17            15          9             8                3                  
40     27         11         11            10          3             3                0                  
41     34         13         13            12          6             5                0                  
42     21         8          8             6           4             3                0                  
43     28         8          8             6           3             2                0                  
44     22         8          8             8           5             4                0                  
45     28         10         9             9           5             4                0                  
46     28         10         10            8           4             3                1                  
47     32         12         12            12          8             8                0                  
48     29         10         10            10          4             4                0                  
49     33         16         15            13          7             7                0                  
50     30         16         16            15          9             9                0                  
51     22         7          7             6           4             3                0                  
52     20         7          7             6           4             3                0                  
53     21         8          8             7           6             5                0                  
54     37         22         22            18          11            10               0                  
55     34         16         16            14          8             7                1                  
56     21         5          5             5           1             1                1                  
57     11         5          5             4           3             3                0                  
58     18         4          4             4           1             1                0                  
59     26         10         10            6           4             4                0                  
60     36         19         19            14          11            10               0                  
61     35         16         16            14          11            10               0                  
62     9          4          4             4           0             0                0                  
63     34         17         17            15          11            10               1                  
64     31         18         18            17          13            12               1                  
65     33         15         15            12          7             6                1                  
66     24         9          9             6           4             3                2                  
67     23         15         15            14          10            9                1                  
68     33         29         29            21          17            16               1                  
69     43         30         30            21          15            14               1                  
70     30         13         13            13          9             8                0                  
71     35         19         19            18          15            14               1                  
72     19         11         11            10          8             7                0                  
73     24         11         11            9           7             6                2                  
74     25         15         15            12          7             6                0                  
75     23         14         14            12          5             4                0                  
76     26         11         11            9           8             7                1                  
77     23         15         15            14          5             4                1                  
78     25         11         11            10          5             5                1                  
79     34         14         14            11          7             7                3                  
80     34         16         16            14          6             6                1                  
----------------------------------------------------------------------------------
SUM    2095       1008       1006          855         541           491              51                 

----------------------------------------------------------------------------------

 Total Ripple Number: 51

 Detection parameters:
     maximum_peak:    3
     maxRippleLength: 100
     detection_peaks: thrsh
     num_peaks:       3
