Trial  Det1_2SD   Det2_4SD   Det3_MaxLen   Det4_Join   Det5_Cycles   68               101                

t6_Artif_Rej Det7_Spctr_Peak 1      18         5          5             5           2             2                1                  
2      14         4          4             4           4             3                0                  
3      19         4          4             4           2             2                0                  
4      16         1          1             1           1             1                0                  
5      23         7          7             7           4             3                0                  
6      22         8          8             8           3             2                0                  
7      29         11         11            11          8             8                0                  
8      23         11         11            11          5             5                0                  
9      18         3          3             3           2             2                0                  
10     34         9          9             9           1             1                0                  
11     23         8          8             8           4             4                1                  
12     30         11         11            11          8             7                1                  
13     43         20         20            19          13            12               0                  
14     28         11         11            11          10            9                3                  
15     32         18         18            14          12            11               5                  
16     19         5          5             5           2             2                0                  
17     22         11         11            11          5             5                0                  
18     22         9          9             9           4             3                0                  
19     24         10         10            9           6             5                1                  
20     27         15         15            14          8             7                2                  
21     21         10         10            9           4             3                0                  
22     29         11         11            10          8             7                0                  
23     27         10         10            10          5             5                0                  
24     51         13         13            13          6             5                1                  
25     38         14         14            13          8             7                0                  
26     40         11         11            11          7             6                0                  
27     33         13         13            11          8             7                1                  
28     29         6          6             6           3             3                0                  
29     32         9          9             8           4             4                1                  
30     30         11         11            10          7             6                2                  
31     23         8          8             8           4             3                1                  
32     27         11         11            8           5             4                0                  
33     37         16         16            13          7             6                1                  
34     34         12         12            10          5             4                1                  
35     50         23         23            14          10            9                2                  
36     48         25         25            18          10            9                2                  
37     33         11         11            11          2             2                0                  
38     36         17         17            13          9             8                4                  
39     33         17         17            15          11            10               3                  
40     31         9          9             9           3             3                0                  
41     19         9          9             8           3             2                1                  
42     28         6          6             6           3             3                0                  
43     36         11         11            10          7             7                1                  
44     23         7          6             6           3             2                0                  
45     26         9          9             9           5             4                2                  
46     36         17         17            13          7             6                1                  
47     37         11         11            11          6             5                3                  
48     39         16         16            16          7             6                2                  
49     25         9          8             8           5             4                0                  
50     36         3          3             3           2             2                0                  
51     41         17         17            14          10            9                1                  
52     36         10         10            9           5             4                2                  
53     35         8          8             7           5             4                2                  
54     35         15         15            12          6             5                1                  
55     29         9          9             7           3             2                0                  
56     30         5          5             5           1             1                0                  
57     3          0          0             0           0             0                0                  
58     21         4          4             4           2             2                0                  
59     24         3          3             3           1             1                1                  
60     34         15         15            15          10            9                1                  
61     40         10         10            10          8             7                0                  
62     23         4          4             4           0             0                0                  
63     24         12         12            12          9             8                2                  
64     36         22         22            17          13            12               3                  
65     29         15         15            15          11            10               1                  
66     23         10         10            9           4             3                2                  
67     27         7          7             6           6             5                0                  
68     44         25         25            21          14            13               2                  
69     39         20         20            17          9             8                2                  
70     36         11         11            10          3             2                0                  
71     44         20         20            15          10            9                0                  
72     30         11         11            9           6             5                0                  
73     22         8          8             7           3             2                0                  
74     23         12         12            11          7             6                1                  
75     37         13         13            13          7             6                0                  
76     31         10         10            10          7             6                2                  
77     23         9          9             9           5             4                0                  
78     38         14         14            14          10            9                2                  
79     38         12         12            12          4             3                0                  
80     39         13         13            13          4             3                1                  
----------------------------------------------------------------------------------
SUM    2407       880        878           794         461           404              69                 

----------------------------------------------------------------------------------

 Total Ripple Number: 69

 Detection parameters:
     maximum_peak:    3
     maxRippleLength: 100
     detection_peaks: thrsh
     num_peaks:       3
