Trial  Det1_2SD   Det2_4SD   Det3_MaxLen   Det4_Join   Det5_Cycles   68               101                

t6_Artif_Rej Det7_Spctr_Peak 1      15         4          4             4           2             2                0                  
2      14         3          3             3           2             1                0                  
3      10         2          2             2           0             0                0                  
4      10         2          2             2           1             1                0                  
5      14         5          5             5           4             3                0                  
6      12         3          3             3           2             2                0                  
7      8          1          1             1           0             0                0                  
8      12         2          2             2           1             1                0                  
9      13         5          5             5           2             1                0                  
10     9          4          4             4           0             0                0                  
11     14         3          3             3           0             0                0                  
12     27         6          6             6           3             3                1                  
13     36         14         14            13          7             6                2                  
14     24         8          8             7           2             1                1                  
15     25         12         12            12          8             7                1                  
16     8          3          3             3           1             1                0                  
17     22         12         12            10          7             6                0                  
18     34         16         16            13          8             7                0                  
19     34         11         11            9           7             6                1                  
20     23         11         11            11          10            9                1                  
21     11         6          6             6           4             3                0                  
22     21         9          9             9           8             7                0                  
23     8          4          4             4           3             3                0                  
24     20         10         10            7           4             3                0                  
25     25         10         10            8           7             6                0                  
26     22         5          5             2           1             1                0                  
27     12         3          3             3           1             0                0                  
28     5          1          1             1           0             0                0                  
29     9          2          2             2           1             0                0                  
30     10         3          3             3           1             0                0                  
31     17         6          6             6           3             2                0                  
32     22         7          7             6           6             5                1                  
33     26         9          9             8           5             4                1                  
34     20         7          7             6           5             4                0                  
35     43         19         19            14          11            10               2                  
36     41         18         18            15          8             7                2                  
37     15         5          5             5           1             1                0                  
38     35         22         22            18          14            13               4                  
39     31         18         18            15          10            9                2                  
40     12         2          2             2           1             1                1                  
41     9          5          5             5           3             3                2                  
42     11         1          1             1           1             1                0                  
43     17         3          3             3           0             0                0                  
44     16         8          8             7           6             5                0                  
45     23         14         14            13          10            9                0                  
46     18         9          9             8           6             5                0                  
47     22         10         10            9           6             5                1                  
48     22         8          8             8           5             4                0                  
49     15         5          5             5           2             1                0                  
50     10         4          4             4           3             3                0                  
51     23         8          8             8           4             3                1                  
52     27         9          9             9           3             2                0                  
53     24         7          7             7           3             2                0                  
54     24         10         10            10          6             5                1                  
55     17         3          3             3           2             1                0                  
56     11         1          1             1           0             0                0                  
57     12         3          3             3           0             0                0                  
58     16         5          5             5           1             1                0                  
59     14         5          5             5           1             1                0                  
60     22         11         11            10          7             6                0                  
61     25         8          8             8           4             4                1                  
62     10         0          0             0           0             0                0                  
63     32         16         16            12          8             7                1                  
64     38         23         23            13          10            9                1                  
65     26         13         13            13          8             7                2                  
66     14         7          7             7           5             4                0                  
67     22         9          9             8           7             7                1                  
68     33         21         21            20          15            14               1                  
69     30         14         14            12          11            10               0                  
70     22         8          8             8           5             4                1                  
71     30         11         11            10          8             7                2                  
72     18         6          6             5           4             3                0                  
73     18         5          5             5           3             2                0                  
74     17         7          7             7           4             3                0                  
75     26         11         11            10          5             4                0                  
76     29         8          8             7           5             4                0                  
77     17         4          4             4           1             0                0                  
78     14         4          4             4           1             0                0                  
79     24         10         10            10          3             3                0                  
80     19         6          6             6           2             2                0                  
----------------------------------------------------------------------------------
SUM    1586       613        613           551         339           287              35                 

----------------------------------------------------------------------------------

 Total Ripple Number: 35

 Detection parameters:
     maximum_peak:    3
     maxRippleLength: 100
     detection_peaks: thrsh
     num_peaks:       3
