Trial  Det1_2SD   Det2_4SD   Det3_MaxLen   Det4_Join   Det5_Cycles   68               101                
t6_Artif_Rej Det7_Spctr_Peak 1      12         2          2             2           1             0                0                  
2      21         5          5             5           2             1                0                  
3      24         5          5             5           1             0                0                  
4      14         2          2             2           1             0                0                  
5      17         5          5             5           3             2                2                  
6      24         4          4             4           2             1                0                  
7      17         4          4             4           1             0                0                  
8      13         1          1             1           1             0                0                  
9      16         3          3             3           3             2                2                  
10     20         4          4             4           3             2                2                  
11     20         3          3             3           2             1                1                  
12     18         4          4             4           0             0                0                  
13     13         3          3             3           2             1                1                  
14     26         6          6             6           5             4                3                  
15     14         1          1             1           1             0                0                  
16     13         1          1             1           1             0                0                  
17     27         6          6             6           3             2                2                  
18     17         6          6             6           3             2                2                  
19     23         6          6             6           1             0                0                  
20     13         1          1             1           1             0                0                  
21     12         3          3             3           3             2                2                  
22     15         3          3             3           0             0                0                  
23     15         4          4             4           3             2                1                  
24     19         3          3             3           1             0                0                  
25     16         5          5             5           2             1                1                  
26     10         0          0             0           0             0                0                  
27     20         6          6             6           4             3                3                  
28     15         3          3             3           3             2                2                  
29     21         3          3             3           3             2                2                  
30     13         1          1             1           0             0                0                  
31     15         2          2             2           2             1                1                  
32     17         2          2             2           1             0                0                  
33     29         6          6             6           3             2                2                  
34     18         3          3             3           1             0                0                  
35     19         5          5             5           4             3                3                  
36     8          3          3             3           2             1                1                  
37     17         2          2             2           2             1                1                  
38     20         5          5             5           3             2                1                  
39     16         3          3             3           0             0                0                  
40     28         7          7             7           3             2                2                  
41     19         2          2             2           0             0                0                  
42     21         2          2             2           1             0                0                  
43     22         3          3             3           1             0                0                  
44     7          0          0             0           0             0                0                  
45     10         1          1             1           0             0                0                  
46     13         1          1             1           1             0                0                  
47     20         5          5             5           4             3                3                  
48     18         1          1             1           1             0                0                  
49     13         1          1             1           0             0                0                  
50     13         1          1             1           1             0                0                  
51     11         2          2             2           2             1                1                  
52     16         1          1             1           1             0                0                  
53     15         1          1             1           0             0                0                  
54     33         7          7             7           6             5                4                  
55     18         2          2             2           2             1                1                  
56     24         6          6             6           4             3                2                  
57     33         7          7             7           4             3                2                  
58     16         4          4             4           3             2                1                  
59     17         0          0             0           0             0                0                  
60     18         4          4             4           2             1                1                  
61     23         3          3             3           2             1                1                  
62     30         9          9             8           8             7                5                  
63     17         3          3             3           2             1                1                  
64     21         4          4             4           2             1                1                  
65     24         6          6             6           3             2                1                  
66     29         8          8             8           6             5                5                  
67     21         4          4             4           2             1                1                  
68     29         7          7             7           5             4                4                  
69     23         4          4             4           2             1                1                  
70     14         1          1             1           1             0                0                  
71     16         2          2             2           0             0                0                  
72     18         3          3             3           2             1                1                  
73     25         4          4             4           1             0                0                  
74     31         11         11            11          9             8                6                  
75     17         4          4             4           3             2                2                  
76     11         2          2             2           2             1                0                  
77     28         4          4             4           2             1                1                  
78     18         3          3             3           2             1                1                  
79     18         3          3             3           2             1                1                  
80     17         2          2             2           1             0                0                  
----------------------------------------------------------------------------------
SUM    1492       279        279           278         167           99               84                 
----------------------------------------------------------------------------------

 Total Ripple Number: T

 Detection parameters:
     maximum_peak:    3
     maxRippleLength: 100
     detection_peaks: thrsh
     num_peaks:       3
