Trial  Det1_2SD   Det2_4SD   Det3_MaxLen   Det4_Join   Det5_Cycles   68               101                
t6_Artif_Rej Det7_Spctr_Peak 1      31         10         10            10          3             3                1                  
2      27         6          6             6           1             1                0                  
3      17         2          2             2           1             1                1                  
4      28         3          3             3           1             1                1                  
5      26         8          8             6           1             1                0                  
6      37         10         10            10          3             3                3                  
7      22         2          2             2           1             1                1                  
8      31         5          5             5           2             2                2                  
9      23         4          4             4           1             1                1                  
10     31         7          7             6           4             3                2                  
11     30         6          6             6           2             1                1                  
12     33         5          5             5           2             2                2                  
13     24         3          3             3           0             0                0                  
14     28         7          7             7           0             0                0                  
15     31         5          5             5           2             2                1                  
16     21         5          5             5           3             3                2                  
17     23         7          7             7           3             3                2                  
18     24         7          7             7           4             3                1                  
19     28         8          8             8           5             5                1                  
20     26         4          4             4           0             0                0                  
21     29         5          5             5           2             2                1                  
22     29         11         11            11          4             4                1                  
23     21         6          6             6           1             1                1                  
24     25         1          1             1           1             1                1                  
25     27         6          6             6           1             1                1                  
26     31         5          5             5           2             2                1                  
27     21         3          3             3           0             0                0                  
28     35         12         12            11          5             5                2                  
29     25         7          7             6           4             4                3                  
30     30         4          4             4           1             1                1                  
31     32         8          8             8           1             1                1                  
32     27         4          4             4           1             1                0                  
33     30         4          4             4           1             1                1                  
34     19         6          6             6           2             2                2                  
35     22         4          4             4           1             1                1                  
36     24         4          4             3           2             2                1                  
37     26         7          7             7           2             2                2                  
38     30         6          6             6           2             2                2                  
39     27         7          7             7           3             3                1                  
40     39         12         12            12          5             5                3                  
41     23         3          3             3           2             2                2                  
42     28         8          8             8           3             3                2                  
43     33         7          7             7           3             3                2                  
44     27         10         10            10          6             6                5                  
45     32         7          7             7           2             2                2                  
46     31         6          6             6           3             3                3                  
47     34         8          8             8           4             4                2                  
48     16         4          4             4           1             1                0                  
49     27         6          6             6           2             2                2                  
50     35         11         11            11          4             4                4                  
51     28         10         10            10          6             6                5                  
52     27         6          6             4           2             2                1                  
53     32         10         10            8           2             2                1                  
54     30         9          9             9           4             4                3                  
55     24         13         13            12          7             7                4                  
56     34         7          7             7           4             4                3                  
57     45         12         12            12          2             2                1                  
58     25         7          7             7           1             1                1                  
59     19         4          4             4           1             1                1                  
60     32         6          6             5           3             3                3                  
61     25         5          5             5           0             0                0                  
62     23         8          8             8           3             3                1                  
63     30         12         12            12          3             3                2                  
64     24         6          6             6           2             2                2                  
65     27         7          7             7           3             3                3                  
66     28         6          6             5           1             1                0                  
67     26         6          6             6           1             1                1                  
68     35         13         13            11          3             3                2                  
69     32         9          9             9           4             4                3                  
70     27         3          3             3           1             1                1                  
71     23         7          7             7           2             2                2                  
72     32         13         13            12          5             5                1                  
73     28         8          8             7           3             2                1                  
74     38         12         12            12          5             5                3                  
75     28         11         11            11          5             4                3                  
76     28         9          9             9           4             4                2                  
77     32         7          7             7           1             1                1                  
78     33         12         12            11          5             5                3                  
79     23         6          6             6           1             1                0                  
80     31         5          5             5           2             1                1                  
----------------------------------------------------------------------------------
SUM    2245       555        555           537         196           190              127                
----------------------------------------------------------------------------------

 Total Ripple Number: 

 Detection parameters:
     maximum_peak:    3
     maxRippleLength: 100
     detection_peaks: thrsh
     num_peaks:       3
