Trial  Det1_2SD   Det2_4SD   Det3_MaxLen   Det4_Join   Det5_Cycles   68               101                
t6_Artif_Rej Det7_Spctr_Peak 1      36         8          8             8           2             2                1                  
2      29         4          4             4           0             0                0                  
3      25         2          2             2           0             0                0                  
4      28         6          6             6           1             1                1                  
5      28         8          8             7           2             2                1                  
6      36         9          9             9           2             2                2                  
7      26         6          6             6           1             1                1                  
8      27         3          3             3           0             0                0                  
9      23         7          7             7           1             1                1                  
10     45         10         10            10          3             3                3                  
11     22         4          4             4           0             0                0                  
12     24         3          3             3           1             1                0                  
13     18         3          3             3           3             3                3                  
14     29         8          8             8           3             3                2                  
15     23         2          2             2           1             1                0                  
16     27         5          5             5           1             1                1                  
17     27         11         11            11          6             6                4                  
18     19         7          7             6           1             1                0                  
19     25         6          6             5           2             2                2                  
20     18         3          3             3           1             1                1                  
21     32         10         10            10          2             2                1                  
22     30         5          5             5           1             1                1                  
23     23         2          2             2           1             1                1                  
24     27         4          4             4           0             0                0                  
25     19         3          3             3           1             1                0                  
26     25         4          4             4           0             0                0                  
27     22         4          4             4           1             1                1                  
28     31         7          7             7           3             3                2                  
29     36         11         11            11          4             4                3                  
30     26         6          6             6           1             1                0                  
31     32         6          6             5           2             2                2                  
32     22         7          7             7           3             3                3                  
33     32         5          5             5           2             2                1                  
34     27         7          7             7           2             2                2                  
35     17         2          2             2           1             1                1                  
36     27         10         10            10          3             3                3                  
37     24         7          7             6           4             4                3                  
38     34         3          3             3           1             1                1                  
39     29         8          8             8           2             2                2                  
40     43         14         14            13          2             2                1                  
41     26         3          3             3           1             1                1                  
42     28         4          4             4           1             1                1                  
43     29         14         14            14          3             3                3                  
44     25         7          7             7           2             2                1                  
45     17         4          4             4           3             3                1                  
46     35         10         10            10          5             5                4                  
47     39         11         11            11          4             4                4                  
48     28         6          6             6           1             1                1                  
49     26         6          6             5           3             3                3                  
50     32         8          8             7           2             2                1                  
51     35         9          9             8           5             5                3                  
52     22         3          3             1           1             1                0                  
53     22         8          8             6           5             5                4                  
54     34         8          8             8           1             1                1                  
55     26         9          9             9           3             3                2                  
56     29         10         10            10          6             6                4                  
57     46         15         15            15          3             3                2                  
58     21         2          2             2           2             2                2                  
59     20         2          2             2           1             1                1                  
60     34         9          9             9           5             5                5                  
61     23         3          3             3           0             0                0                  
62     16         7          7             7           3             3                2                  
63     27         7          7             7           0             0                0                  
64     22         8          8             8           0             0                0                  
65     33         8          8             8           1             1                1                  
66     29         7          7             7           0             0                0                  
67     20         5          5             5           1             1                1                  
68     28         7          7             7           1             1                1                  
69     26         7          7             7           0             0                0                  
70     23         4          4             4           0             0                0                  
71     25         8          8             8           1             1                1                  
72     34         15         15            13          5             5                3                  
73     35         8          8             8           1             1                1                  
74     45         9          9             9           3             3                2                  
75     36         9          9             8           2             2                1                  
76     40         13         13            13          5             5                4                  
77     38         7          7             7           3             3                1                  
78     43         10         10            10          2             2                0                  
79     22         4          4             4           1             1                0                  
80     39         11         11            11          4             4                2                  
----------------------------------------------------------------------------------
SUM    2271       545        545           529         157           157              115                
----------------------------------------------------------------------------------

 Total Ripple Number: s

 Detection parameters:
     maximum_peak:    3
     maxRippleLength: 100
     detection_peaks: thrsh
     num_peaks:       3
