Trial  Det1_2SD   Det2_4SD   Det3_MaxLen   Det4_Join   Det5_Cycles   68               101                
t6_Artif_Rej Det7_Spctr_Peak 1      32         5          5             4           4             4                3                  
2      27         6          6             6           1             1                1                  
3      18         3          3             3           0             0                0                  
4      23         4          4             4           0             0                0                  
5      26         5          5             5           1             1                1                  
6      25         5          5             5           3             3                3                  
7      31         3          3             3           1             1                1                  
8      32         7          7             7           3             3                1                  
9      27         6          6             6           1             1                0                  
10     32         9          9             9           1             1                1                  
11     30         3          3             3           2             2                2                  
12     28         9          9             8           5             4                1                  
13     29         8          8             8           1             1                1                  
14     22         3          3             3           0             0                0                  
15     29         9          9             9           2             2                1                  
16     30         9          9             9           6             6                5                  
17     24         5          5             5           1             1                0                  
18     23         7          7             7           2             2                0                  
19     17         4          4             4           1             1                1                  
20     17         3          3             3           0             0                0                  
21     31         5          5             5           1             1                1                  
22     39         7          7             7           3             3                3                  
23     19         5          5             5           1             1                1                  
24     22         7          7             7           3             3                3                  
25     19         7          7             7           1             1                0                  
26     25         4          4             4           0             0                0                  
27     25         6          6             6           3             3                3                  
28     21         9          9             9           3             3                3                  
29     23         3          3             3           0             0                0                  
30     26         7          7             7           0             0                0                  
31     36         11         11            11          4             4                2                  
32     26         4          4             4           0             0                0                  
33     42         8          8             8           1             1                0                  
34     27         6          6             6           1             1                0                  
35     23         4          4             4           3             3                3                  
36     23         4          4             4           1             1                1                  
37     21         6          6             6           3             3                1                  
38     31         11         11            11          4             4                2                  
39     22         6          6             6           1             1                1                  
40     30         6          6             6           1             1                0                  
41     38         9          9             8           3             3                3                  
42     28         9          9             9           2             2                1                  
43     38         8          8             8           3             3                1                  
44     21         4          4             4           0             0                0                  
45     25         4          4             4           0             0                0                  
46     32         8          8             8           3             3                3                  
47     32         3          3             3           2             2                0                  
48     35         8          8             8           4             4                3                  
49     19         5          5             5           3             3                2                  
50     29         8          8             8           2             2                2                  
51     31         8          8             8           1             1                0                  
52     35         7          7             6           2             2                1                  
53     15         6          6             5           2             2                1                  
54     34         9          9             9           1             1                1                  
55     20         4          4             4           0             0                0                  
56     31         16         16            16          7             7                7                  
57     39         8          8             8           2             2                2                  
58     22         2          2             2           0             0                0                  
59     15         1          1             1           0             0                0                  
60     38         6          6             6           0             0                0                  
61     32         4          4             4           0             0                0                  
62     19         3          3             3           1             1                1                  
63     29         3          3             3           0             0                0                  
64     33         5          5             5           3             3                2                  
65     29         7          7             7           2             2                1                  
66     36         10         10            10          3             3                1                  
67     32         4          4             4           0             0                0                  
68     40         10         10            10          7             7                2                  
69     33         9          9             9           2             2                1                  
70     29         1          1             1           0             0                0                  
71     20         3          3             3           2             2                1                  
72     38         11         11            11          6             6                5                  
73     37         10         10            10          3             2                1                  
74     32         7          7             7           3             3                2                  
75     35         7          7             7           6             5                3                  
76     24         9          9             9           3             3                0                  
77     33         10         10            10          3             3                3                  
78     38         8          8             7           3             3                3                  
79     31         6          6             5           4             4                3                  
80     29         6          6             5           2             2                1                  
----------------------------------------------------------------------------------
SUM    2259       505        505           497         159           156              103                
----------------------------------------------------------------------------------

 Total Ripple Number: g

 Detection parameters:
     maximum_peak:    3
     maxRippleLength: 100
     detection_peaks: thrsh
     num_peaks:       3
