Trial  Det1_2SD   Det2_4SD   Det3_MaxLen   Det4_Join   Det5_Cycles   68               101                
t6_Artif_Rej Det7_Spctr_Peak 1      46         15         15            15          9             9                4                  
2      24         8          8             8           8             8                7                  
3      12         2          2             2           0             0                0                  
4      22         3          3             3           1             1                0                  
5      24         6          6             6           3             3                3                  
6      23         8          8             8           6             6                5                  
7      19         4          4             4           4             4                3                  
8      21         5          5             5           2             2                1                  
9      20         2          2             2           0             0                0                  
10     29         4          4             4           1             1                1                  
11     15         5          5             5           2             2                2                  
12     21         7          7             7           7             6                3                  
13     22         6          6             6           5             5                5                  
14     11         3          3             3           1             1                1                  
15     24         7          7             7           3             3                2                  
16     19         6          6             6           2             2                2                  
17     19         3          3             3           3             3                2                  
18     25         12         12            12          9             9                5                  
19     16         5          5             5           4             4                2                  
20     11         0          0             0           0             0                0                  
21     19         4          4             4           4             4                3                  
22     34         9          9             9           7             7                5                  
23     10         2          2             2           2             2                2                  
24     14         1          1             1           1             1                0                  
25     14         1          1             1           1             1                1                  
26     17         2          2             2           0             0                0                  
27     25         5          5             5           4             4                3                  
28     16         9          9             9           4             4                3                  
29     8          0          0             0           0             0                0                  
30     16         4          4             4           3             3                1                  
31     18         5          5             5           3             3                1                  
32     14         1          1             1           0             0                0                  
33     23         6          6             6           4             4                2                  
34     24         8          8             8           5             5                4                  
35     15         2          2             2           1             1                1                  
36     25         5          5             5           4             4                3                  
37     28         6          6             6           3             3                2                  
38     18         4          4             4           2             2                2                  
39     18         2          2             2           1             1                0                  
40     33         12         12            11          8             8                3                  
41     28         10         10            10          5             5                5                  
42     20         6          6             6           4             4                2                  
43     22         9          9             9           6             6                5                  
44     14         5          5             5           4             4                4                  
45     12         3          3             3           2             2                2                  
46     23         5          5             5           4             4                3                  
47     21         5          5             5           3             3                2                  
48     34         5          5             5           1             1                0                  
49     21         5          5             5           4             4                2                  
50     31         9          9             8           7             7                7                  
51     17         4          4             4           2             2                2                  
52     21         5          5             4           3             3                1                  
53     17         4          4             3           3             3                1                  
54     37         14         14            14          12            12               9                  
55     14         3          3             3           1             1                1                  
56     34         10         10            10          8             8                6                  
57     53         17         17            16          12            12               11                 
58     21         4          4             4           3             3                3                  
59     23         3          3             3           3             3                2                  
60     30         13         13            13          9             9                7                  
61     22         4          4             4           2             2                2                  
62     26         3          3             3           2             2                2                  
63     16         3          3             3           3             3                2                  
64     29         6          6             6           4             4                2                  
65     29         4          4             4           3             3                3                  
66     26         9          9             9           6             6                3                  
67     41         12         12            12          8             8                4                  
68     39         12         12            12          9             9                6                  
69     27         4          4             4           1             0                0                  
70     14         3          3             3           3             3                1                  
71     12         1          1             1           1             1                1                  
72     25         7          7             7           6             6                5                  
73     29         6          6             6           5             5                4                  
74     44         20         20            20          11            11               6                  
75     19         8          8             8           6             5                3                  
76     17         4          4             4           3             3                0                  
77     34         15         15            15          7             7                7                  
78     18         3          3             3           2             2                1                  
79     24         4          4             4           4             4                3                  
80     29         12         12            12          8             8                5                  
----------------------------------------------------------------------------------
SUM    1825       478        478           473         317           314              219                
----------------------------------------------------------------------------------

 Total Ripple Number: Û

 Detection parameters:
     maximum_peak:    3
     maxRippleLength: 100
     detection_peaks: thrsh
     num_peaks:       3
