Trial  Det1_2SD   Det2_4SD   Det3_MaxLen   Det4_Join   Det5_Cycles   68               101                
t6_Artif_Rej Det7_Spctr_Peak 1      57         21         21            20          12            11               7                  
2      50         18         18            18          12            11               6                  
3      27         6          6             6           3             2                2                  
4      37         7          7             7           2             1                0                  
5      37         6          6             6           4             3                1                  
6      35         10         10            10          5             4                2                  
7      26         7          7             7           6             5                2                  
8      46         9          9             9           5             4                3                  
9      32         7          7             7           2             1                1                  
10     39         13         13            13          6             5                4                  
11     30         8          8             8           5             4                3                  
12     31         8          8             8           6             5                2                  
13     30         6          6             6           3             2                0                  
14     21         8          8             8           2             1                1                  
15     38         8          8             8           3             2                2                  
16     34         6          6             6           4             3                3                  
17     42         9          9             8           4             3                2                  
18     36         12         12            12          9             8                5                  
19     31         7          7             7           5             4                3                  
20     31         9          9             9           4             3                1                  
21     23         9          9             9           7             6                5                  
22     46         12         12            12          7             6                3                  
23     20         5          5             5           4             3                3                  
24     23         5          5             5           4             3                2                  
25     23         5          5             5           4             3                2                  
26     28         4          4             4           1             0                0                  
27     28         8          8             8           4             3                3                  
28     35         14         14            14          5             4                3                  
29     22         7          7             7           3             2                1                  
30     27         6          6             6           1             0                0                  
31     32         6          6             6           6             5                2                  
32     19         2          2             2           1             0                0                  
33     36         7          7             7           4             3                2                  
34     26         11         11            11          7             6                5                  
35     28         7          7             7           2             1                0                  
36     25         6          6             6           2             1                1                  
37     28         8          8             8           5             4                4                  
38     25         10         10            10          6             5                2                  
39     31         12         12            12          6             5                4                  
40     40         20         20            19          12            11               7                  
41     51         14         14            14          9             8                5                  
42     38         17         17            17          7             6                2                  
43     33         10         10            10          7             6                5                  
44     25         5          5             5           2             1                1                  
45     25         3          3             3           2             1                1                  
46     37         10         10            10          6             5                3                  
47     37         9          9             9           6             5                3                  
48     35         14         14            14          10            9                5                  
49     29         12         12            12          8             7                3                  
50     38         15         15            15          11            10               6                  
51     25         10         10            10          6             5                4                  
52     26         6          6             6           3             2                0                  
53     22         5          5             5           3             2                1                  
54     54         20         20            19          12            11               5                  
55     24         9          9             9           6             5                3                  
56     36         18         18            17          11            10               7                  
57     55         24         24            22          15            14               4                  
58     35         8          8             8           5             4                2                  
59     32         8          8             8           2             1                1                  
60     36         12         12            12          7             6                4                  
61     45         10         10            10          6             5                4                  
62     31         5          5             5           3             2                2                  
63     32         12         12            12          8             7                4                  
64     54         16         16            16          11            10               3                  
65     37         10         10            10          8             7                3                  
66     45         16         16            16          6             5                0                  
67     55         20         20            20          12            11               6                  
68     61         20         20            20          12            11               5                  
69     40         20         20            19          11            10               5                  
70     37         16         16            16          10            9                5                  
71     25         4          4             4           3             2                1                  
72     33         8          8             8           3             2                0                  
73     49         12         12            12          7             6                5                  
74     71         28         28            26          15            14               8                  
75     32         14         14            14          6             5                5                  
76     22         7          7             7           3             2                1                  
77     46         14         14            13          11            10               7                  
78     36         10         10            9           6             5                4                  
79     30         6          6             6           4             3                3                  
80     29         9          9             9           5             4                1                  
----------------------------------------------------------------------------------
SUM    2778       835        835           823         481           401              236                
----------------------------------------------------------------------------------

 Total Ripple Number: ì

 Detection parameters:
     maximum_peak:    3
     maxRippleLength: 100
     detection_peaks: thrsh
     num_peaks:       3
