Trial  Det1_2SD   Det2_4SD   Det3_MaxLen   Det4_Join   Det5_Cycles   Det6_Artif_Rej  
1      36         10         10            10          5             5               
2      40         14         14            14          10            10              
3      36         8          8             8           3             2               
4      34         7          7             7           1             1               
5      34         4          4             4           3             3               
6      29         7          7             6           2             2               
7      31         4          4             4           2             2               
8      37         8          8             8           1             1               
9      31         8          8             8           3             2               
10     32         11         11            10          7             6               
11     33         6          6             6           2             2               
12     25         5          5             4           1             1               
13     30         6          6             6           2             2               
14     31         9          9             8           4             3               
15     24         7          7             7           3             3               
16     24         7          7             6           3             3               
17     24         5          5             5           2             2               
18     25         6          6             6           2             2               
19     24         6          6             6           1             1               
20     27         8          8             8           5             5               
21     28         6          6             6           2             2               
22     26         9          9             9           5             5               
23     29         9          9             9           2             2               
24     34         10         10            10          4             4               
25     26         7          7             7           1             1               
26     33         8          8             8           2             2               
27     35         8          8             8           4             4               
28     39         10         10            10          3             3               
29     30         5          5             4           3             2               
30     45         12         12            12          4             4               
31     26         8          8             8           3             3               
32     19         5          5             5           1             1               
33     27         6          6             6           3             3               
34     30         4          4             4           2             2               
35     30         10         10            10          5             4               
36     32         8          8             8           2             2               
37     32         2          2             2           1             1               
38     45         6          6             6           1             1               
39     40         9          9             9           4             3               
40     31         7          7             7           5             4               
41     28         6          6             6           2             2               
42     23         6          6             5           2             2               
43     28         10         10            10          4             4               
44     30         5          5             5           4             4               
45     20         5          5             5           2             2               
46     23         2          2             2           1             1               
47     26         4          4             4           2             2               
48     34         7          7             7           3             3               
49     39         15         15            15          5             5               
50     26         8          8             8           3             3               
51     23         2          2             2           1             1               
52     33         8          8             8           1             1               
53     37         7          7             7           3             3               
54     27         7          7             7           1             1               
55     28         10         10            10          4             4               
56     38         7          7             7           3             3               
57     23         4          4             4           3             3               
58     29         11         11            9           3             3               
59     27         6          6             5           4             4               
60     27         5          5             5           3             3               
61     42         10         10            10          4             4               
62     35         4          4             4           3             3               
63     30         6          6             6           3             3               
64     23         2          2             2           1             1               
65     18         2          2             2           1             1               
66     22         4          4             4           1             1               
67     26         6          6             6           3             3               
68     24         4          4             4           1             1               
69     17         6          6             5           4             3               
70     21         6          6             6           4             3               
71     19         6          6             6           1             1               
72     16         5          5             5           1             1               
73     21         8          8             8           1             1               
74     17         4          4             4           1             1               
75     25         6          6             6           3             3               
76     26         5          5             4           4             3               
77     28         7          7             7           4             3               
78     25         5          5             5           2             1               
79     22         4          4             4           2             2               
80     40         9          9             9           6             6               
----------------------------------------------------------------------------------
SUM    2310       539        539           527         223           210             
----------------------------------------------------------------------------------

 Total Ripple Number: Ò

 Detection parameters:
     maximum_peak:    3
     maxRippleLength: 100
     detection_peaks: thrsh
     num_peaks:       3
