Trial  Det1_2SD   Det2_4SD   Det3_MaxLen   Det4_Join   Det5_Cycles   Det6_Artif_Rej  
1      31         10         10            10          4             4               
2      32         9          9             9           4             4               
3      33         9          9             9           5             5               
4      16         5          5             5           3             3               
5      26         6          6             6           4             4               
6      31         4          4             4           2             2               
7      31         6          6             6           2             2               
8      41         11         11            11          5             5               
9      28         5          5             5           2             2               
10     30         9          9             8           4             4               
11     32         11         11            11          6             6               
12     29         7          7             7           4             4               
13     27         4          4             4           1             1               
14     38         7          7             7           4             3               
15     29         8          8             8           4             4               
16     21         3          3             3           1             1               
17     27         6          6             6           2             2               
18     15         2          2             2           2             2               
19     24         7          7             7           3             3               
20     26         6          6             6           3             3               
21     24         3          3             3           1             1               
22     23         6          6             6           0             0               
23     31         12         12            12          6             6               
24     33         8          8             8           3             3               
25     23         6          6             6           1             1               
26     24         6          6             6           2             2               
27     31         9          9             9           6             6               
28     36         7          7             7           4             4               
29     23         6          6             5           1             1               
30     46         15         15            14          10            9               
31     30         2          2             2           1             1               
32     25         3          3             3           1             1               
33     27         7          7             7           3             3               
34     27         3          3             3           3             3               
35     25         9          9             9           5             5               
36     23         7          7             7           5             4               
37     39         6          6             6           2             2               
38     43         11         11            11          4             4               
39     23         6          6             5           3             3               
40     25         6          6             5           4             4               
41     31         9          9             9           3             3               
42     23         3          3             3           0             0               
43     24         9          9             9           2             2               
44     17         6          6             6           1             1               
45     29         4          4             4           1             1               
46     25         3          3             3           2             2               
47     25         4          4             4           2             2               
48     21         7          7             7           4             4               
49     45         11         11            11          8             8               
50     28         6          6             6           5             5               
51     30         6          6             6           3             3               
52     22         5          5             5           2             2               
53     27         5          5             5           3             3               
54     18         6          6             6           3             3               
55     27         7          7             7           4             4               
56     39         7          7             7           2             2               
57     31         8          8             8           4             4               
58     29         7          7             6           4             4               
59     24         9          9             8           6             5               
60     29         4          4             4           0             0               
61     43         11         11            11          3             3               
62     26         5          5             5           4             4               
63     25         5          5             5           2             2               
64     24         5          5             5           3             3               
65     27         2          2             2           1             1               
66     19         4          4             4           3             3               
67     31         13         13            13          5             5               
68     29         10         10            10          1             1               
69     23         6          6             5           1             1               
70     22         4          4             4           2             1               
71     21         3          3             3           3             3               
72     24         6          6             6           4             4               
73     17         4          4             4           1             1               
74     17         6          6             6           1             1               
75     29         7          7             7           4             4               
76     28         12         12            12          7             7               
77     23         6          6             5           1             1               
78     19         8          8             8           3             3               
79     11         2          2             2           1             1               
80     38         11         11            10          5             5               
----------------------------------------------------------------------------------
SUM    2188       529        529           519         244           239             
----------------------------------------------------------------------------------

 Total Ripple Number: ï

 Detection parameters:
     maximum_peak:    3
     maxRippleLength: 100
     detection_peaks: thrsh
     num_peaks:       3
