Trial  Det1_2SD   Det2_4SD   Det3_MaxLen   Det4_Join   Det5_Cycles   68               101                
t6_Artif_Rej Det7_Spctr_Peak 1      39         5          5             5           2             2                2                  
2      36         4          4             4           1             1                0                  
3      38         10         10            9           2             2                2                  
4      31         10         10            10          4             4                0                  
5      34         4          4             4           0             0                0                  
6      32         3          3             3           1             1                1                  
7      38         7          7             7           4             4                3                  
8      42         12         12            12          6             6                4                  
9      38         9          9             9           2             2                0                  
10     36         6          6             6           0             0                0                  
11     39         4          4             4           3             3                3                  
12     37         6          6             6           4             4                1                  
13     43         11         11            11          6             6                2                  
14     45         13         13            13          2             2                2                  
15     33         8          8             8           4             4                2                  
16     25         8          8             7           4             4                1                  
17     36         14         14            13          5             5                3                  
18     49         11         11            11          5             5                2                  
19     40         9          9             9           2             2                1                  
20     32         6          6             6           1             1                0                  
21     29         2          2             2           2             2                2                  
22     26         3          3             3           1             1                1                  
23     35         5          5             5           1             1                0                  
24     42         6          6             6           2             2                1                  
25     34         3          3             3           1             1                0                  
26     22         4          4             4           1             1                0                  
27     31         9          9             9           3             3                1                  
28     37         8          8             8           3             3                1                  
29     39         6          6             6           4             4                3                  
30     46         14         14            14          10            10               7                  
31     56         10         10            10          7             7                6                  
32     47         9          9             9           5             5                5                  
33     32         5          5             5           3             3                3                  
34     34         4          4             4           3             3                2                  
35     39         9          9             9           5             5                2                  
36     46         12         12            12          6             6                2                  
37     50         14         14            14          4             4                3                  
38     35         6          6             6           4             4                2                  
39     32         3          3             3           2             2                0                  
40     45         7          7             7           1             1                0                  
41     30         6          6             6           1             1                0                  
42     34         9          9             9           3             3                1                  
43     41         11         11            11          3             3                2                  
44     50         15         15            15          4             4                2                  
45     40         7          7             7           2             2                0                  
46     39         8          8             8           2             2                1                  
47     48         12         12            12          4             4                1                  
48     38         11         11            11          5             5                3                  
49     26         7          7             7           3             3                3                  
50     21         6          6             6           2             2                2                  
51     24         5          5             5           2             2                2                  
52     34         4          4             4           2             2                0                  
53     37         6          6             6           3             3                1                  
54     39         7          7             7           5             5                3                  
55     45         8          8             8           5             5                4                  
56     36         5          5             5           3             3                1                  
57     37         9          9             9           2             2                0                  
58     36         7          7             7           1             1                0                  
59     48         15         15            15          2             2                1                  
60     44         14         14            14          3             3                1                  
61     32         9          9             9           2             2                2                  
62     31         6          6             6           3             3                2                  
63     40         7          7             7           3             3                2                  
64     34         4          4             4           1             1                0                  
65     38         6          6             6           5             5                4                  
66     46         8          8             8           5             5                4                  
67     42         7          7             7           3             3                2                  
68     42         7          7             7           4             4                2                  
69     40         8          8             8           6             6                3                  
70     39         9          9             9           4             4                2                  
71     40         10         10            10          1             1                1                  
72     43         13         13            13          4             4                3                  
73     38         9          9             9           2             2                0                  
74     37         10         10            10          2             2                1                  
75     40         13         13            12          6             6                4                  
76     43         7          7             7           1             1                0                  
77     40         10         10            10          3             3                1                  
78     36         10         10            10          2             2                1                  
79     42         11         11            11          4             4                2                  
80     33         5          5             5           2             2                2                  
----------------------------------------------------------------------------------
SUM    3023       640        640           636         246           246              136                
----------------------------------------------------------------------------------

 Total Ripple Number: 

 Detection parameters:
     maximum_peak:    3
     maxRippleLength: 100
     detection_peaks: thrsh
     num_peaks:       3
