Trial  Det1_2SD   Det2_4SD   Det3_MaxLen   Det4_Join   Det5_Cycles   68               101                
t6_Artif_Rej Det7_Spctr_Peak 1      30         4          4             4           0             0                0                  
2      25         4          4             4           0             0                0                  
3      32         1          1             1           0             0                0                  
4      44         3          3             3           0             0                0                  
5      38         5          5             5           1             1                1                  
6      33         9          9             9           2             2                2                  
7      37         9          9             9           1             1                0                  
8      35         4          4             4           1             1                0                  
9      33         4          4             4           1             1                0                  
10     30         3          3             3           0             0                0                  
11     37         6          6             6           3             3                3                  
12     32         13         13            12          6             6                4                  
13     51         20         20            19          7             7                4                  
14     47         11         11            11          7             7                4                  
15     29         5          5             5           2             2                1                  
16     34         7          7             7           1             1                1                  
17     33         8          8             8           2             2                0                  
18     41         8          8             8           3             3                3                  
19     35         7          7             7           3             3                3                  
20     29         8          8             8           2             2                2                  
21     36         5          5             5           2             2                2                  
22     38         4          4             4           0             0                0                  
23     38         10         10            10          3             3                3                  
24     47         8          8             8           4             4                4                  
25     55         8          8             8           2             2                2                  
26     41         7          7             7           4             4                3                  
27     35         7          7             7           2             2                1                  
28     32         8          8             8           2             2                0                  
29     47         6          6             6           3             3                0                  
30     53         10         10            10          2             2                0                  
31     49         13         13            13          4             4                2                  
32     38         11         11            11          4             4                2                  
33     39         8          8             8           3             3                1                  
34     44         10         10            10          2             2                1                  
35     38         7          7             7           2             2                2                  
36     38         8          8             8           4             4                2                  
37     42         11         11            11          4             4                2                  
38     33         5          5             5           1             1                1                  
39     33         6          6             6           3             3                2                  
40     27         5          5             5           2             2                1                  
41     29         4          4             4           1             1                1                  
42     35         3          3             3           0             0                0                  
43     35         6          6             6           3             3                2                  
44     40         10         10            10          4             4                3                  
45     44         7          7             7           2             2                1                  
46     43         9          9             9           4             4                3                  
47     55         8          8             8           4             4                4                  
48     38         9          9             9           3             3                3                  
49     38         2          2             2           1             1                1                  
50     45         5          5             5           1             1                1                  
51     37         8          8             8           1             1                1                  
52     36         7          7             7           1             1                0                  
53     45         6          6             6           1             1                0                  
54     38         4          4             4           2             2                2                  
55     41         7          7             7           3             3                2                  
56     42         10         10            10          3             3                0                  
57     45         3          3             3           1             1                1                  
58     31         8          8             8           4             4                2                  
59     51         13         13            13          4             4                2                  
60     47         8          8             8           4             4                2                  
61     31         1          1             1           0             0                0                  
62     44         5          5             5           1             1                0                  
63     52         14         14            14          4             4                0                  
64     47         15         15            15          3             3                1                  
65     40         9          9             9           2             2                1                  
66     37         7          7             7           2             2                0                  
67     35         5          5             5           1             1                0                  
68     33         7          7             7           2             2                0                  
69     37         8          8             8           1             1                0                  
70     40         8          8             8           1             1                0                  
71     43         5          5             5           2             2                1                  
72     47         10         10            10          3             3                2                  
73     43         10         10            10          0             0                0                  
74     44         9          9             9           2             2                1                  
75     41         8          8             8           3             3                2                  
76     47         11         11            11          3             3                1                  
77     38         8          8             8           0             0                0                  
78     39         7          7             7           3             3                3                  
79     43         6          6             6           3             3                3                  
80     37         6          6             6           2             2                1                  
----------------------------------------------------------------------------------
SUM    3141       592        592           590         180           180              106                
----------------------------------------------------------------------------------

 Total Ripple Number: j

 Detection parameters:
     maximum_peak:    3
     maxRippleLength: 100
     detection_peaks: thrsh
     num_peaks:       3
