Trial  Det1_2SD   Det2_4SD   Det3_MaxLen   Det4_Join   Det5_Cycles   68               101                
t6_Artif_Rej Det7_Spctr_Peak 1      38         9          9             9           2             2                2                  
2      38         10         10            10          2             2                2                  
3      43         4          4             4           1             1                0                  
4      48         5          5             5           3             3                1                  
5      36         5          5             5           3             3                2                  
6      35         5          5             5           3             3                1                  
7      34         6          6             6           5             5                3                  
8      37         5          5             5           3             3                3                  
9      44         3          3             3           1             1                0                  
10     46         8          8             8           1             1                0                  
11     42         8          8             8           3             3                2                  
12     38         8          8             8           3             3                0                  
13     48         8          8             8           3             3                2                  
14     48         5          5             5           2             2                2                  
15     27         5          5             5           4             3                1                  
16     28         9          9             9           4             4                2                  
17     39         7          7             7           4             4                3                  
18     40         5          5             5           2             2                2                  
19     37         5          5             5           2             2                1                  
20     37         6          6             6           1             1                0                  
21     36         6          6             6           2             2                0                  
22     36         4          4             4           3             3                1                  
23     37         5          5             5           0             0                0                  
24     37         3          3             3           1             1                1                  
25     39         3          3             3           1             1                1                  
26     41         4          4             4           1             1                0                  
27     33         4          4             4           1             1                1                  
28     32         7          7             7           3             3                3                  
29     43         8          8             8           5             5                5                  
30     44         6          6             6           4             4                4                  
31     37         12         12            12          8             8                7                  
32     45         14         14            14          8             8                6                  
33     32         8          8             8           3             3                1                  
34     40         5          5             5           3             3                2                  
35     40         6          6             6           2             2                2                  
36     31         6          6             6           2             2                2                  
37     29         3          3             3           2             2                2                  
38     33         5          5             5           0             0                0                  
39     28         6          6             6           2             2                2                  
40     42         9          9             9           2             2                0                  
41     35         6          6             6           0             0                0                  
42     28         7          7             7           2             2                1                  
43     28         7          7             7           2             2                2                  
44     38         6          6             6           2             2                1                  
45     38         6          6             6           2             2                0                  
46     44         13         13            13          10            10               6                  
47     44         16         16            16          10            10               7                  
48     45         14         14            14          4             4                3                  
49     33         6          6             6           1             1                0                  
50     42         8          8             8           6             6                2                  
51     42         8          8             8           5             5                2                  
52     36         5          5             5           2             2                2                  
53     30         6          6             6           3             3                2                  
54     31         5          5             5           3             3                3                  
55     38         6          6             6           3             3                1                  
56     29         7          7             7           4             4                1                  
57     20         9          9             9           3             3                1                  
58     22         3          3             3           2             2                0                  
59     36         11         11            11          5             5                2                  
60     47         12         12            12          7             7                3                  
61     39         6          6             6           1             1                1                  
62     34         3          3             3           0             0                0                  
63     43         8          8             8           4             4                3                  
64     35         8          8             8           4             4                2                  
65     33         5          5             5           0             0                0                  
66     38         6          6             6           2             2                1                  
67     33         5          5             5           2             2                2                  
68     28         6          6             6           1             1                1                  
69     24         3          3             3           1             1                1                  
70     33         2          2             2           1             1                1                  
71     34         3          3             3           1             1                1                  
72     33         5          5             5           1             1                1                  
73     31         4          4             4           1             1                1                  
74     39         5          5             5           3             3                3                  
75     38         10         10            10          3             3                2                  
76     24         4          4             4           2             2                1                  
77     26         4          4             4           3             3                2                  
78     27         3          3             3           1             1                1                  
79     29         8          8             8           3             3                3                  
80     31         10         10            10          5             5                4                  
----------------------------------------------------------------------------------
SUM    2876       519        519           519         220           219              139                
----------------------------------------------------------------------------------

 Total Ripple Number: 

 Detection parameters:
     maximum_peak:    3
     maxRippleLength: 100
     detection_peaks: thrsh
     num_peaks:       3
