Trial  Det1_2SD   Det2_4SD   Det3_MaxLen   Det4_Join   Det5_Cycles   68               101                
t6_Artif_Rej Det7_Spctr_Peak 1      44         9          9             8           3             3                1                  
2      51         8          8             8           2             2                1                  
3      48         8          8             8           0             0                0                  
4      40         10         10            10          3             3                3                  
5      38         10         10            9           4             4                3                  
6      42         11         11            11          3             3                2                  
7      43         10         10            10          3             3                1                  
8      39         15         15            15          3             3                1                  
9      41         13         13            13          2             2                2                  
10     34         9          9             9           2             2                1                  
11     37         10         10            10          3             3                1                  
12     38         7          7             7           1             1                0                  
13     55         8          8             8           0             0                0                  
14     45         5          5             5           1             1                1                  
15     47         10         10            10          1             1                1                  
16     44         6          6             6           1             1                0                  
17     46         8          8             8           3             3                0                  
18     50         12         12            12          5             5                1                  
19     51         12         12            11          4             3                0                  
20     33         6          6             6           1             1                0                  
21     28         7          7             7           1             1                1                  
22     45         12         12            12          4             4                3                  
23     47         8          8             8           3             3                2                  
24     48         11         11            11          2             2                1                  
25     43         12         12            12          0             0                0                  
26     35         7          7             7           2             2                2                  
27     30         5          5             5           2             2                2                  
28     32         6          6             6           3             3                1                  
29     45         14         14            14          6             6                2                  
30     45         12         12            12          4             4                0                  
31     39         8          8             8           3             3                1                  
32     32         8          8             8           1             1                0                  
33     30         10         10            10          1             1                0                  
34     31         6          6             6           0             0                0                  
35     35         6          6             6           2             2                0                  
36     57         12         12            12          2             2                0                  
37     50         10         10            10          0             0                0                  
38     41         4          4             4           0             0                0                  
39     34         6          6             6           2             2                0                  
40     32         10         10            10          3             3                1                  
41     39         10         10            10          0             0                0                  
42     42         9          9             9           2             2                0                  
43     48         11         11            11          3             3                3                  
44     53         13         12            12          5             5                3                  
45     37         6          6             6           3             3                1                  
46     42         8          8             8           3             3                2                  
47     38         5          5             5           1             1                0                  
48     40         13         13            12          3             2                0                  
49     44         11         11            11          1             1                1                  
50     43         10         10            10          0             0                0                  
51     41         11         11            11          1             1                1                  
52     33         6          6             6           2             2                2                  
53     31         8          8             8           1             1                1                  
54     40         11         11            11          1             1                1                  
55     51         13         13            13          1             1                1                  
56     36         8          8             8           1             1                1                  
57     48         14         14            14          5             5                2                  
58     40         9          9             9           5             5                2                  
59     44         10         10            10          3             3                1                  
60     44         8          8             8           1             1                1                  
61     36         7          7             7           1             1                1                  
62     39         12         12            12          1             1                1                  
63     49         13         13            13          4             4                1                  
64     45         5          5             5           3             3                0                  
65     38         7          7             7           3             3                0                  
66     30         5          5             5           3             3                0                  
67     29         4          4             4           0             0                0                  
68     46         3          3             3           0             0                0                  
69     44         2          2             2           0             0                0                  
70     38         5          5             5           0             0                0                  
71     45         12         12            12          3             3                1                  
72     48         15         15            15          3             3                1                  
73     43         13         13            13          2             2                0                  
74     40         13         13            11          3             3                0                  
75     50         14         14            12          4             4                0                  
76     45         9          9             9           0             0                0                  
77     50         12         12            12          1             1                1                  
78     33         11         11            11          1             1                1                  
79     28         11         11            11          2             2                1                  
80     33         8          8             8           3             3                2                  
----------------------------------------------------------------------------------
SUM    3288       736        735           727         165           163              68                 
----------------------------------------------------------------------------------

 Total Ripple Number: D

 Detection parameters:
     maximum_peak:    3
     maxRippleLength: 100
     detection_peaks: thrsh
     num_peaks:       3
