Trial  Det1_2SD   Det2_4SD   Det3_MaxLen   Det4_Join   Det5_Cycles   68               101                
t6_Artif_Rej Det7_Spctr_Peak 1      33         9          9             8           3             3                2                  
2      31         6          6             6           2             2                0                  
3      29         8          8             8           4             4                4                  
4      30         10         10            10          4             4                3                  
5      26         8          8             8           3             3                2                  
6      38         10         10            10          5             5                1                  
7      37         12         12            12          6             6                4                  
8      35         7          7             7           2             2                0                  
9      24         5          5             5           3             3                2                  
10     27         11         11            10          8             7                6                  
11     27         7          7             7           2             2                1                  
12     36         10         10            10          2             2                2                  
13     34         7          7             7           4             4                3                  
14     32         11         11            11          5             4                3                  
15     26         3          3             3           2             2                2                  
16     30         4          4             4           2             2                1                  
17     31         7          7             7           3             3                3                  
18     22         4          4             4           1             1                1                  
19     33         7          7             6           3             3                3                  
20     30         7          7             7           2             2                2                  
21     21         3          3             3           1             1                0                  
22     35         12         12            12          6             5                3                  
23     25         9          9             9           5             4                3                  
24     28         7          7             7           3             2                1                  
25     27         9          9             9           2             2                0                  
26     33         7          7             7           3             3                3                  
27     44         10         10            10          5             5                5                  
28     31         11         11            11          5             5                3                  
29     31         14         14            14          5             4                2                  
30     37         7          7             7           6             6                5                  
31     26         8          8             8           3             3                2                  
32     20         5          5             5           2             2                2                  
33     20         7          7             7           3             3                3                  
34     27         6          6             6           1             1                0                  
35     32         11         11            11          5             5                5                  
36     30         5          5             5           3             2                2                  
37     33         6          6             6           4             4                3                  
38     38         8          8             8           6             6                6                  
39     32         5          5             5           2             2                1                  
40     40         9          9             9           5             5                4                  
41     31         5          5             5           1             1                1                  
42     20         6          6             6           3             3                2                  
43     24         5          5             5           4             4                3                  
44     23         7          7             6           3             3                2                  
45     15         7          7             6           2             2                1                  
46     29         9          9             9           2             2                1                  
47     29         8          8             8           3             3                2                  
48     25         10         10            8           5             4                1                  
49     40         14         14            14          3             3                2                  
50     33         9          9             9           2             2                2                  
51     31         6          6             6           2             2                2                  
52     22         6          6             6           3             3                3                  
53     25         7          7             6           5             4                3                  
54     27         4          4             4           3             3                2                  
55     28         5          5             5           2             2                1                  
56     31         7          7             7           4             4                3                  
57     33         8          8             8           3             3                2                  
58     29         6          6             6           3             3                2                  
59     23         2          2             2           1             1                0                  
60     24         7          7             7           2             2                1                  
61     40         9          9             9           3             3                3                  
62     26         4          4             4           2             2                2                  
63     36         13         13            13          3             3                2                  
64     34         7          7             7           2             1                1                  
65     32         6          6             6           2             2                2                  
66     19         4          4             4           1             1                1                  
67     25         8          8             8           2             2                2                  
68     27         9          9             9           3             3                3                  
69     24         7          7             6           3             2                2                  
70     33         11         11            10          5             4                3                  
71     19         4          4             4           1             1                0                  
72     23         6          6             6           4             4                2                  
73     22         6          6             6           2             2                2                  
74     26         8          8             8           0             0                0                  
75     22         5          5             5           2             2                2                  
76     26         7          7             7           3             3                2                  
77     26         9          9             9           2             1                1                  
78     33         10         10            10          4             4                3                  
79     25         7          7             7           4             4                2                  
80     25         10         10            10          3             3                3                  
----------------------------------------------------------------------------------
SUM    2306       600        600           590         248           235              172                
----------------------------------------------------------------------------------

 Total Ripple Number: ¬

 Detection parameters:
     maximum_peak:    3
     maxRippleLength: 100
     detection_peaks: thrsh
     num_peaks:       3
