Trial  Det1_2SD   Det2_4SD   Det3_MaxLen   Det4_Join   Det5_Cycles   68               101                
t6_Artif_Rej Det7_Spctr_Peak 1      36         10         10            10          5             5                3                  
2      40         14         14            14          10            10               8                  
3      36         8          8             8           3             2                2                  
4      34         7          7             7           1             1                1                  
5      34         4          4             4           3             3                2                  
6      29         7          7             6           2             2                0                  
7      31         4          4             4           2             2                1                  
8      37         8          8             8           1             1                0                  
9      31         8          8             8           3             2                0                  
10     32         11         11            10          7             6                1                  
11     33         6          6             6           2             2                1                  
12     25         5          5             4           1             1                1                  
13     30         6          6             6           2             2                1                  
14     31         9          9             8           4             3                2                  
15     24         7          7             7           3             3                1                  
16     24         7          7             6           3             3                3                  
17     24         5          5             5           2             2                1                  
18     25         6          6             6           2             2                2                  
19     24         6          6             6           1             1                1                  
20     27         8          8             8           5             5                4                  
21     28         6          6             6           2             2                0                  
22     26         9          9             9           5             5                2                  
23     29         9          9             9           2             2                0                  
24     34         10         10            10          4             4                3                  
25     26         7          7             7           1             1                0                  
26     33         8          8             8           2             2                1                  
27     35         8          8             8           4             4                1                  
28     39         10         10            10          3             3                1                  
29     30         5          5             4           3             2                0                  
30     45         12         12            12          4             4                1                  
31     26         8          8             8           3             3                2                  
32     19         5          5             5           1             1                0                  
33     27         6          6             6           3             3                3                  
34     30         4          4             4           2             2                1                  
35     30         10         10            10          5             4                3                  
36     32         8          8             8           2             2                2                  
37     32         2          2             2           1             1                0                  
38     45         6          6             6           1             1                0                  
39     40         9          9             9           4             3                2                  
40     31         7          7             7           5             4                2                  
41     28         6          6             6           2             2                2                  
42     23         6          6             5           2             2                1                  
43     28         10         10            10          4             4                3                  
44     30         5          5             5           4             4                1                  
45     20         5          5             5           2             2                1                  
46     23         2          2             2           1             1                1                  
47     26         4          4             4           2             2                1                  
48     34         7          7             7           3             3                2                  
49     39         15         15            15          5             5                4                  
50     26         8          8             8           3             3                2                  
51     23         2          2             2           1             1                1                  
52     33         8          8             8           1             1                1                  
53     37         7          7             7           3             3                3                  
54     27         7          7             7           1             1                1                  
55     28         10         10            10          4             4                2                  
56     38         7          7             7           3             3                2                  
57     23         4          4             4           3             3                2                  
58     29         11         11            9           3             3                2                  
59     27         6          6             5           4             4                1                  
60     27         5          5             5           3             3                2                  
61     42         10         10            10          4             4                3                  
62     35         4          4             4           3             3                2                  
63     30         6          6             6           3             3                2                  
64     23         2          2             2           1             1                1                  
65     18         2          2             2           1             1                0                  
66     22         4          4             4           1             1                1                  
67     26         6          6             6           3             3                2                  
68     24         4          4             4           1             1                0                  
69     17         6          6             5           4             3                1                  
70     21         6          6             6           4             3                3                  
71     19         6          6             6           1             1                1                  
72     16         5          5             5           1             1                0                  
73     21         8          8             8           1             1                1                  
74     17         4          4             4           1             1                1                  
75     25         6          6             6           3             3                2                  
76     26         5          5             4           4             3                1                  
77     28         7          7             7           4             3                1                  
78     25         5          5             5           2             1                0                  
79     22         4          4             4           2             2                0                  
80     40         9          9             9           6             6                3                  
----------------------------------------------------------------------------------
SUM    2310       539        539           527         223           210              119                
----------------------------------------------------------------------------------

 Total Ripple Number: w

 Detection parameters:
     maximum_peak:    3
     maxRippleLength: 100
     detection_peaks: thrsh
     num_peaks:       3
