Trial  Det1_2SD   Det2_4SD   Det3_MaxLen   Det4_Join   Det5_Cycles   68               101                
t6_Artif_Rej Det7_Spctr_Peak 1      31         10         10            10          4             4                4                  
2      32         9          9             9           4             4                3                  
3      33         9          9             9           5             5                4                  
4      16         5          5             5           3             3                2                  
5      26         6          6             6           4             4                2                  
6      31         4          4             4           2             2                0                  
7      31         6          6             6           2             2                2                  
8      41         11         11            11          5             5                4                  
9      28         5          5             5           2             2                2                  
10     30         9          9             8           4             4                0                  
11     32         11         11            11          6             6                6                  
12     29         7          7             7           4             4                2                  
13     27         4          4             4           1             1                1                  
14     38         7          7             7           4             3                1                  
15     29         8          8             8           4             4                3                  
16     21         3          3             3           1             1                1                  
17     27         6          6             6           2             2                2                  
18     15         2          2             2           2             2                2                  
19     24         7          7             7           3             3                2                  
20     26         6          6             6           3             3                1                  
21     24         3          3             3           1             1                0                  
22     23         6          6             6           0             0                0                  
23     31         12         12            12          6             6                3                  
24     33         8          8             8           3             3                1                  
25     23         6          6             6           1             1                1                  
26     24         6          6             6           2             2                0                  
27     31         9          9             9           6             6                4                  
28     36         7          7             7           4             4                3                  
29     23         6          6             5           1             1                0                  
30     46         15         15            14          10            9                6                  
31     30         2          2             2           1             1                1                  
32     25         3          3             3           1             1                0                  
33     27         7          7             7           3             3                3                  
34     27         3          3             3           3             3                3                  
35     25         9          9             9           5             5                3                  
36     23         7          7             7           5             4                2                  
37     39         6          6             6           2             2                2                  
38     43         11         11            11          4             4                1                  
39     23         6          6             5           3             3                2                  
40     25         6          6             5           4             4                2                  
41     31         9          9             9           3             3                3                  
42     23         3          3             3           0             0                0                  
43     24         9          9             9           2             2                1                  
44     17         6          6             6           1             1                0                  
45     29         4          4             4           1             1                0                  
46     25         3          3             3           2             2                2                  
47     25         4          4             4           2             2                1                  
48     21         7          7             7           4             4                3                  
49     45         11         11            11          8             8                6                  
50     28         6          6             6           5             5                3                  
51     30         6          6             6           3             3                2                  
52     22         5          5             5           2             2                2                  
53     27         5          5             5           3             3                3                  
54     18         6          6             6           3             3                3                  
55     27         7          7             7           4             4                3                  
56     39         7          7             7           2             2                1                  
57     31         8          8             8           4             4                1                  
58     29         7          7             6           4             4                2                  
59     24         9          9             8           6             5                3                  
60     29         4          4             4           0             0                0                  
61     43         11         11            11          3             3                1                  
62     26         5          5             5           4             4                2                  
63     25         5          5             5           2             2                0                  
64     24         5          5             5           3             3                2                  
65     27         2          2             2           1             1                1                  
66     19         4          4             4           3             3                3                  
67     31         13         13            13          5             5                4                  
68     29         10         10            10          1             1                0                  
69     23         6          6             5           1             1                0                  
70     22         4          4             4           2             1                1                  
71     21         3          3             3           3             3                3                  
72     24         6          6             6           4             4                4                  
73     17         4          4             4           1             1                1                  
74     17         6          6             6           1             1                1                  
75     29         7          7             7           4             4                3                  
76     28         12         12            12          7             7                3                  
77     23         6          6             5           1             1                0                  
78     19         8          8             8           3             3                1                  
79     11         2          2             2           1             1                0                  
80     38         11         11            10          5             5                3                  
----------------------------------------------------------------------------------
SUM    2188       529        529           519         244           239              153                
----------------------------------------------------------------------------------

 Total Ripple Number: 

 Detection parameters:
     maximum_peak:    3
     maxRippleLength: 100
     detection_peaks: thrsh
     num_peaks:       3
