Trial  Det1_2SD   Det2_4SD   Det3_MaxLen   Det4_Join   Det5_Cycles   68               101                
t6_Artif_Rej Det7_Spctr_Peak 1      48         15         15            15          5             4                4                  
2      57         14         14            14          5             4                3                  
3      55         19         19            19          8             7                6                  
4      47         12         12            12          7             6                5                  
5      36         8          8             8           4             4                3                  
6      34         8          8             8           4             3                3                  
7      33         5          5             5           3             2                1                  
8      32         2          2             2           1             1                0                  
9      34         3          3             3           1             1                1                  
10     37         8          8             8           3             3                3                  
11     38         12         12            12          6             5                4                  
12     39         12         12            12          3             2                2                  
13     46         12         12            12          3             2                2                  
14     35         10         10            10          2             1                1                  
15     30         8          8             8           3             3                2                  
16     36         7          7             7           5             5                3                  
17     44         9          9             9           3             2                2                  
18     42         9          9             9           1             1                1                  
19     33         8          8             8           2             2                2                  
20     25         4          4             4           2             2                2                  
21     36         5          5             5           1             1                1                  
22     37         9          9             9           4             4                4                  
23     47         8          8             8           3             2                2                  
24     50         11         11            11          5             4                3                  
25     58         12         12            12          8             7                5                  
26     61         11         11            11          6             5                4                  
27     58         17         17            17          10            9                7                  
28     48         10         10            10          2             1                1                  
29     40         9          9             9           1             1                1                  
30     34         9          9             9           2             2                2                  
31     33         5          5             5           2             2                2                  
32     34         9          9             9           1             1                1                  
33     30         9          9             9           1             1                1                  
34     36         7          7             7           3             2                2                  
35     41         6          6             6           3             2                1                  
36     50         15         15            14          5             4                3                  
37     49         17         17            16          7             6                5                  
38     51         16         16            16          5             4                3                  
39     42         13         13            13          3             2                2                  
40     35         9          9             9           3             2                2                  
41     36         8          8             8           3             2                2                  
42     35         10         10            10          3             2                2                  
43     31         8          8             8           1             0                0                  
44     27         6          6             6           0             0                0                  
45     29         11         11            11          3             2                1                  
46     38         12         12            12          4             3                3                  
47     44         12         12            12          4             3                3                  
48     34         7          7             7           3             3                3                  
49     28         10         10            9           6             5                5                  
50     34         16         16            15          8             7                6                  
51     42         14         14            14          6             5                5                  
52     42         12         12            12          5             4                3                  
53     44         13         13            13          2             2                2                  
54     47         17         17            17          7             6                5                  
55     42         13         13            13          6             5                5                  
56     45         11         11            11          3             3                3                  
57     55         15         15            15          5             5                5                  
58     43         10         10            10          6             6                4                  
59     30         10         10            10          6             6                5                  
60     39         10         10            10          3             2                2                  
61     37         7          7             7           4             3                3                  
62     37         10         10            10          4             3                2                  
63     45         9          9             9           3             2                1                  
64     47         8          8             8           3             3                3                  
65     33         11         11            11          4             4                4                  
66     32         8          8             8           3             3                3                  
67     35         5          5             5           0             0                0                  
68     41         8          8             8           3             2                0                  
69     40         10         10            9           2             1                0                  
70     44         11         11            11          4             3                2                  
71     40         11         11            11          4             3                2                  
72     34         12         12            12          2             1                1                  
73     37         8          8             8           3             3                2                  
74     31         5          5             5           2             1                0                  
75     28         12         12            12          1             0                0                  
76     31         14         14            14          5             4                4                  
77     29         12         12            12          2             2                2                  
78     29         10         10            10          2             2                2                  
79     39         17         17            17          7             6                6                  
80     46         17         17            17          6             5                5                  
----------------------------------------------------------------------------------
SUM    3151       822        822           817         294           244              208                
----------------------------------------------------------------------------------

 Total Ripple Number: Ð

 Detection parameters:
     maximum_peak:    3
     maxRippleLength: 100
     detection_peaks: thrsh
     num_peaks:       3
