Trial  Det1_2SD   Det2_4SD   Det3_MaxLen   Det4_Join   Det5_Cycles   68               101                

t6_Artif_Rej Det7_Spctr_Peak 1      36         9          9             9           3             3                3                  
2      34         9          9             9           3             3                1                  
3      44         13         13            13          3             3                1                  
4      45         10         10            10          4             4                4                  
5      38         5          5             5           2             2                2                  
6      42         7          7             7           3             3                2                  
7      42         10         10            10          5             5                4                  
8      29         8          8             8           4             4                4                  
9      31         7          7             7           2             2                2                  
10     34         5          5             5           2             2                1                  
11     34         7          7             7           3             3                2                  
12     32         8          8             8           1             1                0                  
13     28         3          3             3           0             0                0                  
14     30         3          3             3           0             0                0                  
15     35         6          6             6           1             1                1                  
16     39         6          6             6           3             3                3                  
17     35         6          6             6           3             3                3                  
18     40         10         10            10          5             5                4                  
19     39         10         10            10          7             7                4                  
20     35         8          8             8           3             3                1                  
21     40         7          7             7           0             0                0                  
22     41         7          7             7           1             1                1                  
23     42         6          6             6           1             1                1                  
24     46         7          7             7           4             3                3                  
25     41         12         12            11          4             3                3                  
26     38         10         10            10          2             2                2                  
27     40         5          5             5           3             2                2                  
28     37         9          9             9           2             1                1                  
29     37         9          9             9           0             0                0                  
30     38         7          7             7           3             3                3                  
31     35         6          6             6           3             3                3                  
32     37         8          8             8           2             2                2                  
33     31         6          6             6           2             2                1                  
34     36         6          6             6           2             2                1                  
35     39         7          7             7           1             1                1                  
36     29         3          3             2           1             0                0                  
37     31         5          5             4           2             1                1                  
38     40         9          9             9           5             5                3                  
39     41         8          8             8           4             4                3                  
40     46         8          8             8           1             1                1                  
41     53         11         11            11          2             2                2                  
42     38         6          6             6           2             2                2                  
43     28         3          3             3           0             0                0                  
44     34         5          5             5           2             2                2                  
45     40         11         11            11          3             2                2                  
46     27         7          7             7           3             2                2                  
47     33         8          8             8           3             3                3                  
48     45         12         12            12          2             2                2                  
49     47         10         10            10          3             2                2                  
50     39         6          6             6           4             3                2                  
51     40         7          7             7           0             0                0                  
52     35         7          7             7           0             0                0                  
53     26         4          4             4           0             0                0                  
54     31         5          5             5           1             1                1                  
55     34         5          5             5           1             1                1                  
56     36         7          7             7           1             1                1                  
57     39         7          7             7           1             1                1                  
58     40         6          6             6           2             2                1                  
59     42         6          6             6           2             2                1                  
60     44         4          4             4           2             2                1                  
61     46         6          6             6           1             1                1                  
62     33         3          3             3           0             0                0                  
63     36         9          9             9           2             2                1                  
64     44         13         13            13          5             5                3                  
65     43         7          7             7           4             4                4                  
66     37         10         10            10          6             6                6                  
67     34         8          8             8           7             7                7                  
68     43         6          6             6           2             2                2                  
69     43         9          9             9           2             1                1                  
70     33         9          9             8           2             1                1                  
71     48         9          9             9           2             2                2                  
72     50         9          9             9           2             2                2                  
73     38         9          9             9           3             3                3                  
74     36         6          6             6           1             1                1                  
75     39         3          3             3           0             0                0                  
76     43         9          9             9           0             0                0                  
77     35         6          6             6           0             0                0                  
78     34         7          7             7           2             2                2                  
79     35         6          6             6           3             3                3                  
80     39         7          7             7           3             3                3                  
----------------------------------------------------------------------------------
SUM    3027       583        583           579         181           169              142                

----------------------------------------------------------------------------------

 Total Ripple Number: 142

 Detection parameters:
     maximum_peak:    3
     maxRippleLength: 100
     detection_peaks: thrsh
     num_peaks:       3
