Trial  Det1_2SD   Det2_4SD   Det3_MaxLen   Det4_Join   Det5_Cycles   68               101                

t6_Artif_Rej Det7_Spctr_Peak 1      40         11         11            11          3             3                3                  
2      36         10         10            10          2             2                2                  
3      42         10         10            10          5             5                5                  
4      37         9          9             9           1             1                1                  
5      37         8          8             8           1             1                0                  
6      38         4          4             4           1             1                1                  
7      37         3          3             3           0             0                0                  
8      36         4          4             4           2             2                1                  
9      35         5          5             5           2             2                2                  
10     36         3          3             3           1             1                1                  
11     31         5          5             5           2             2                1                  
12     32         8          8             8           2             2                1                  
13     43         9          9             9           5             5                4                  
14     39         8          8             8           3             3                3                  
15     35         3          3             3           0             0                0                  
16     45         3          3             3           2             2                2                  
17     37         7          7             7           3             3                3                  
18     31         6          6             6           1             1                1                  
19     32         4          4             4           1             1                1                  
20     32         7          7             7           2             2                2                  
21     46         7          7             7           2             2                2                  
22     46         9          9             9           4             4                4                  
23     41         5          5             5           2             2                2                  
24     34         8          8             8           3             2                2                  
25     35         8          8             8           3             2                2                  
26     43         8          8             8           2             2                2                  
27     44         10         10            10          2             2                1                  
28     48         5          5             5           0             0                0                  
29     41         3          3             3           1             1                1                  
30     35         3          3             3           2             2                2                  
31     41         8          8             8           2             2                2                  
32     39         10         10            10          3             3                3                  
33     39         10         10            10          4             4                4                  
34     33         7          7             7           4             4                4                  
35     32         7          7             7           4             4                3                  
36     40         11         11            11          5             4                2                  
37     34         7          7             7           2             1                1                  
38     38         3          3             3           0             0                0                  
39     40         8          8             8           2             2                1                  
40     37         8          8             8           3             3                2                  
41     50         10         10            10          3             3                3                  
42     37         8          8             8           2             2                2                  
43     35         5          5             5           1             1                1                  
44     46         12         12            12          3             3                2                  
45     51         15         15            15          2             2                1                  
46     45         10         10            10          1             1                1                  
47     36         8          8             8           2             2                2                  
48     37         7          7             7           1             1                1                  
49     37         7          7             7           1             1                1                  
50     30         7          7             7           1             1                1                  
51     32         7          7             7           1             1                1                  
52     35         9          9             9           3             3                3                  
53     34         7          7             7           3             3                3                  
54     30         6          6             6           1             1                1                  
55     30         9          9             9           1             1                1                  
56     43         5          5             5           1             1                1                  
57     38         1          1             1           1             1                1                  
58     36         8          8             8           5             5                5                  
59     39         8          8             8           3             3                2                  
60     38         6          6             6           2             2                1                  
61     41         6          6             6           2             2                2                  
62     38         10         10            10          2             2                2                  
63     40         12         12            12          3             3                3                  
64     43         6          6             6           3             3                3                  
65     43         5          5             5           3             3                3                  
66     41         6          6             6           4             4                3                  
67     36         6          6             6           2             2                1                  
68     36         5          5             5           0             0                0                  
69     36         4          4             4           1             0                0                  
70     38         5          5             5           3             3                3                  
71     38         6          6             6           4             4                4                  
72     35         9          9             9           5             5                5                  
73     39         8          8             8           3             3                3                  
74     44         6          6             6           2             2                2                  
75     39         9          9             9           3             3                3                  
76     36         8          8             8           4             4                4                  
77     43         10         10            10          6             6                6                  
78     47         11         11            11          6             6                5                  
79     39         8          8             8           4             4                4                  
80     34         8          8             8           3             3                3                  
----------------------------------------------------------------------------------
SUM    3062       575        575           575         190           185              167                

----------------------------------------------------------------------------------

 Total Ripple Number: 167

 Detection parameters:
     maximum_peak:    3
     maxRippleLength: 100
     detection_peaks: thrsh
     num_peaks:       3
