Trial  Det1_2SD   Det2_4SD   Det3_MaxLen   Det4_Join   Det5_Cycles   68               101                
t6_Artif_Rej Det7_Spctr_Peak 1      24         4          4             4           0             0                0                  
2      16         6          6             5           3             3                2                  
3      14         2          2             2           1             1                1                  
4      20         8          8             8           4             4                0                  
5      42         15         15            15          8             8                3                  
6      11         1          1             1           0             0                0                  
7      20         4          4             3           1             1                1                  
8      21         6          6             5           3             3                1                  
9      25         11         11            10          7             7                3                  
10     25         5          5             5           3             3                2                  
11     25         8          8             8           6             6                3                  
12     18         6          6             6           3             3                2                  
13     30         9          9             7           1             1                0                  
14     26         6          6             6           1             1                0                  
15     17         3          3             3           1             1                1                  
16     11         4          4             4           3             3                1                  
17     23         10         10            10          6             6                3                  
18     19         5          5             5           4             4                1                  
19     17         3          3             3           2             2                1                  
20     19         6          6             6           2             2                1                  
21     18         3          3             3           0             0                0                  
22     22         9          9             7           3             3                1                  
23     23         9          9             8           3             2                0                  
24     21         6          6             6           3             2                0                  
25     19         5          5             5           3             2                1                  
26     15         4          4             4           3             3                2                  
27     16         3          3             3           0             0                0                  
28     28         13         13            13          7             6                2                  
29     25         10         10            10          6             6                1                  
30     33         8          8             8           2             2                1                  
31     14         4          4             3           2             2                1                  
32     24         10         10            9           4             4                2                  
33     20         9          9             9           5             5                2                  
34     17         13         13            12          7             7                3                  
35     20         6          6             6           4             4                1                  
36     17         5          5             5           2             2                2                  
37     17         3          3             3           3             3                3                  
38     14         5          5             4           2             2                1                  
39     23         9          9             9           6             6                2                  
40     21         8          8             8           4             4                1                  
41     20         8          8             8           4             4                3                  
42     12         5          5             5           2             2                1                  
43     18         3          3             3           2             2                0                  
44     18         2          2             2           2             2                1                  
45     16         6          6             6           4             4                1                  
46     19         6          6             6           4             4                2                  
47     14         1          1             1           0             0                0                  
48     26         8          8             8           3             3                2                  
49     26         10         10            10          5             4                3                  
50     18         4          4             4           4             4                1                  
51     30         6          6             6           3             3                1                  
52     24         7          7             7           2             2                2                  
53     26         4          4             4           2             2                0                  
54     30         4          4             4           3             3                0                  
55     23         3          3             3           3             3                1                  
56     21         5          5             5           4             4                1                  
57     20         5          5             5           4             4                2                  
58     18         9          9             9           6             6                4                  
59     22         7          7             7           2             2                2                  
60     23         7          7             7           3             3                0                  
61     23         6          6             6           4             4                0                  
62     21         3          3             3           0             0                0                  
63     23         11         11            11          4             4                1                  
64     23         9          9             8           4             4                1                  
65     23         3          3             2           2             2                0                  
66     24         2          2             2           2             2                2                  
67     15         4          4             4           4             4                1                  
68     14         3          3             3           3             3                0                  
69     14         2          2             2           0             0                0                  
70     26         10         10            9           4             4                2                  
71     27         7          7             7           5             4                2                  
72     22         6          6             5           5             5                1                  
73     18         6          6             6           3             3                1                  
74     17         5          5             5           2             2                0                  
75     21         6          6             6           1             1                0                  
76     13         3          3             3           1             1                0                  
77     19         3          3             3           2             2                0                  
78     26         5          5             5           2             2                1                  
79     27         10         10            10          4             4                2                  
80     21         8          8             7           5             5                1                  
----------------------------------------------------------------------------------
SUM    1671       486        486           468         247           241              94                 
----------------------------------------------------------------------------------

 Total Ripple Number: ^

 Detection parameters:
     maximum_peak:    3
     maxRippleLength: 100
     detection_peaks: thrsh
     num_peaks:       3
