Trial  Det1_2SD   Det2_4SD   Det3_MaxLen   Det4_Join   Det5_Cycles   68               101                
t6_Artif_Rej Det7_Spctr_Peak 1      16         1          1             1           0             0                0                  
2      17         3          3             3           1             1                1                  
3      17         3          3             3           1             1                0                  
4      18         6          6             6           2             2                1                  
5      27         7          7             7           2             2                1                  
6      11         1          1             1           1             1                1                  
7      17         4          4             4           2             2                0                  
8      24         7          7             7           2             2                0                  
9      29         10         10            9           3             3                1                  
10     23         7          7             7           2             2                0                  
11     33         14         14            14          10            10               3                  
12     22         8          8             8           6             6                2                  
13     25         11         11            10          4             3                1                  
14     30         5          5             5           2             1                0                  
15     20         1          1             1           0             0                0                  
16     21         7          7             7           2             2                0                  
17     23         9          9             9           3             3                1                  
18     26         8          8             8           4             4                1                  
19     16         3          3             3           2             2                0                  
20     21         4          4             4           0             0                0                  
21     27         5          5             5           1             1                0                  
22     27         8          8             4           4             4                2                  
23     26         9          9             5           3             3                0                  
24     21         5          5             5           1             1                1                  
25     20         5          5             5           0             0                0                  
26     16         4          4             4           1             1                1                  
27     20         6          6             6           2             2                1                  
28     17         7          7             7           3             2                0                  
29     18         8          8             8           6             6                2                  
30     29         11         11            11          3             3                1                  
31     25         6          6             6           1             1                0                  
32     23         8          8             8           6             6                4                  
33     25         5          5             5           3             3                1                  
34     25         6          6             6           3             3                1                  
35     23         3          3             3           2             2                0                  
36     30         2          2             2           1             1                0                  
37     26         2          2             2           1             1                0                  
38     12         0          0             0           0             0                0                  
39     17         4          4             4           3             3                1                  
40     19         3          3             3           2             2                1                  
41     26         8          8             7           4             4                1                  
42     13         4          4             4           2             2                0                  
43     20         5          5             5           2             2                0                  
44     18         2          2             2           1             1                1                  
45     17         4          4             4           3             3                1                  
46     13         2          2             2           2             2                1                  
47     17         3          3             3           1             1                1                  
48     24         6          6             6           2             2                2                  
49     25         7          7             6           4             4                2                  
50     21         2          2             2           2             2                0                  
51     25         8          8             8           6             6                3                  
52     17         4          4             4           2             2                0                  
53     28         9          9             9           3             3                0                  
54     23         4          4             4           2             2                0                  
55     27         7          7             6           4             4                2                  
56     15         6          6             6           2             2                0                  
57     17         3          3             3           3             3                1                  
58     27         8          8             8           5             5                3                  
59     19         1          1             1           0             0                0                  
60     19         5          5             5           4             4                2                  
61     23         7          7             6           3             3                1                  
62     27         9          9             9           2             2                1                  
63     27         11         11            11          4             4                1                  
64     29         10         10            10          5             5                2                  
65     24         3          3             3           0             0                0                  
66     21         2          2             2           0             0                0                  
67     19         7          7             6           3             3                1                  
68     13         3          3             2           1             1                0                  
69     13         2          2             2           1             1                1                  
70     28         9          9             8           5             5                0                  
71     38         15         15            14          7             6                1                  
72     25         7          7             7           3             3                1                  
73     20         3          3             3           1             1                1                  
74     30         7          7             7           1             1                1                  
75     18         2          2             2           1             1                1                  
76     15         3          3             3           1             1                1                  
77     20         5          5             5           3             3                1                  
78     18         1          1             1           1             1                0                  
79     31         6          6             6           5             5                2                  
80     24         10         10            10          7             7                3                  
----------------------------------------------------------------------------------
SUM    1756       446        446           428         203           199              68                 
----------------------------------------------------------------------------------

 Total Ripple Number: D

 Detection parameters:
     maximum_peak:    3
     maxRippleLength: 100
     detection_peaks: thrsh
     num_peaks:       3
