Trial  Det1_2SD   Det2_4SD   Det3_MaxLen   Det4_Join   Det5_Cycles   68               101                
t6_Artif_Rej Det7_Spctr_Peak 1      34         6          6             6           1             1                0                  
2      27         2          2             2           0             0                0                  
3      20         2          2             2           2             2                0                  
4      19         4          4             4           3             3                0                  
5      40         12         12            12          5             5                0                  
6      15         4          4             4           1             1                0                  
7      23         8          8             8           2             2                1                  
8      28         5          5             5           1             1                0                  
9      28         6          6             6           2             2                1                  
10     22         4          4             4           1             1                1                  
11     27         12         12            12          7             7                4                  
12     21         8          8             8           1             1                0                  
13     31         8          8             7           5             5                0                  
14     28         7          7             7           3             3                0                  
15     11         2          2             2           0             0                0                  
16     23         8          8             8           5             5                2                  
17     31         5          5             5           0             0                0                  
18     38         8          8             8           0             0                0                  
19     28         7          7             7           4             4                4                  
20     17         6          6             6           2             2                1                  
21     21         8          8             8           3             3                1                  
22     27         10         10            10          4             3                0                  
23     23         5          5             5           2             1                0                  
24     15         2          2             2           1             1                0                  
25     23         3          3             3           2             2                0                  
26     26         5          5             5           3             3                1                  
27     20         4          4             4           2             2                0                  
28     29         12         12            11          3             3                1                  
29     32         7          7             7           3             3                3                  
30     38         16         16            16          5             5                3                  
31     33         10         10            10          3             3                1                  
32     31         5          5             5           2             2                2                  
33     32         10         10            10          1             1                0                  
34     25         6          6             6           2             2                2                  
35     14         2          2             2           0             0                0                  
36     26         5          5             5           0             0                0                  
37     24         4          4             4           0             0                0                  
38     15         3          3             3           1             1                1                  
39     32         8          8             8           4             4                1                  
40     23         7          7             7           4             4                1                  
41     32         7          7             6           2             2                1                  
42     23         5          5             5           3             3                2                  
43     29         6          6             6           2             2                1                  
44     22         2          2             2           1             1                1                  
45     27         2          2             2           1             1                0                  
46     29         9          9             9           3             3                2                  
47     26         7          7             7           0             0                0                  
48     23         8          8             8           5             5                5                  
49     30         9          9             9           5             5                4                  
50     22         4          4             4           0             0                0                  
51     44         12         12            12          4             4                1                  
52     28         6          6             6           3             3                0                  
53     27         8          8             7           4             4                1                  
54     31         4          4             4           2             2                0                  
55     35         10         10            10          4             4                0                  
56     24         6          6             6           1             1                1                  
57     30         3          3             3           2             2                2                  
58     45         9          9             9           5             5                3                  
59     24         6          6             6           1             1                1                  
60     20         3          3             3           2             2                0                  
61     33         5          5             5           0             0                0                  
62     39         12         12            12          2             2                2                  
63     28         10         10            9           3             3                2                  
64     29         14         14            13          6             5                2                  
65     28         9          9             9           4             4                1                  
66     22         6          6             6           0             0                0                  
67     27         2          2             2           1             1                1                  
68     19         2          2             2           1             1                1                  
69     22         3          3             3           1             1                0                  
70     37         18         18            16          7             7                0                  
71     45         21         21            21          9             8                1                  
72     20         8          8             8           5             5                1                  
73     24         4          4             4           1             1                0                  
74     26         5          5             5           1             1                0                  
75     26         9          9             9           1             1                0                  
76     22         6          6             6           0             0                0                  
77     33         7          7             7           1             1                0                  
78     41         14         14            13          3             3                2                  
79     46         13         13            13          5             5                2                  
80     40         11         11            11          5             4                1                  
----------------------------------------------------------------------------------
SUM    2198       561        561           552         196           191              72                 
----------------------------------------------------------------------------------

 Total Ripple Number: H

 Detection parameters:
     maximum_peak:    3
     maxRippleLength: 100
     detection_peaks: thrsh
     num_peaks:       3
