Trial  Det1_2SD   Det2_4SD   Det3_MaxLen   Det4_Join   Det5_Cycles   68               101                
t6_Artif_Rej Det7_Spctr_Peak 1      19         6          6             6           3             3                2                  
2      35         4          4             4           3             3                3                  
3      27         7          7             7           3             3                2                  
4      24         7          7             7           4             4                2                  
5      33         10         10            10          5             4                2                  
6      23         5          5             5           4             4                2                  
7      28         6          6             6           2             2                0                  
8      33         4          4             4           1             1                1                  
9      20         5          5             5           0             0                0                  
10     30         7          7             7           0             0                0                  
11     31         9          9             9           2             2                1                  
12     25         9          9             8           2             2                1                  
13     35         10         10            8           3             3                0                  
14     29         10         10            10          3             3                2                  
15     19         6          6             6           0             0                0                  
16     27         4          4             4           1             1                0                  
17     30         8          8             8           3             3                0                  
18     28         12         12            12          5             5                0                  
19     25         6          6             6           4             4                0                  
20     18         2          2             2           1             1                1                  
21     24         4          4             4           1             1                1                  
22     28         12         12            11          4             3                1                  
23     31         10         10            9           3             2                1                  
24     26         7          7             7           3             3                1                  
25     27         4          4             4           0             0                0                  
26     29         5          5             5           0             0                0                  
27     25         2          2             2           1             1                0                  
28     29         4          4             4           0             0                0                  
29     36         11         11            11          4             4                1                  
30     36         10         10            10          3             3                0                  
31     26         7          7             6           1             1                0                  
32     34         6          6             5           3             3                0                  
33     30         4          4             4           4             4                1                  
34     33         7          7             7           5             5                1                  
35     32         7          7             7           2             2                2                  
36     29         7          7             7           3             3                0                  
37     27         7          7             7           2             2                0                  
38     23         2          2             2           2             2                1                  
39     30         6          6             6           2             2                0                  
40     35         4          4             4           2             2                1                  
41     40         9          9             9           5             4                0                  
42     22         4          4             4           2             2                1                  
43     37         6          6             6           2             2                2                  
44     28         6          6             6           3             3                2                  
45     35         10         10            10          2             2                0                  
46     26         5          5             5           2             2                1                  
47     24         6          6             6           2             2                0                  
48     21         5          5             5           2             2                2                  
49     23         5          5             5           3             3                3                  
50     21         3          3             3           1             1                1                  
51     27         5          5             4           3             3                0                  
52     27         7          7             6           5             5                1                  
53     37         8          8             8           4             4                2                  
54     22         3          3             3           1             1                0                  
55     29         12         12            12          5             5                1                  
56     30         8          8             8           5             5                1                  
57     20         3          3             3           3             3                1                  
58     21         3          3             3           2             2                1                  
59     21         2          2             2           0             0                0                  
60     22         4          4             4           1             1                0                  
61     25         10         10            10          5             4                1                  
62     34         6          6             6           2             2                0                  
63     30         5          5             5           5             5                2                  
64     27         7          7             7           5             4                1                  
65     28         4          4             4           1             1                1                  
66     16         3          3             3           1             1                1                  
67     16         6          6             6           6             6                2                  
68     19         3          3             3           3             3                2                  
69     19         3          3             3           0             0                0                  
70     31         3          3             3           2             2                1                  
71     34         9          9             9           4             3                0                  
72     18         4          4             4           0             0                0                  
73     21         3          3             3           0             0                0                  
74     31         5          5             5           0             0                0                  
75     25         4          4             4           1             1                0                  
76     26         7          7             7           1             1                0                  
77     26         4          4             4           0             0                0                  
78     23         5          5             5           0             0                0                  
79     21         3          3             3           0             0                0                  
80     21         3          3             3           1             1                0                  
----------------------------------------------------------------------------------
SUM    2153       474        474           465         184           177              60                 
----------------------------------------------------------------------------------

 Total Ripple Number: <

 Detection parameters:
     maximum_peak:    3
     maxRippleLength: 100
     detection_peaks: thrsh
     num_peaks:       3
