Trial  Det1_2SD   Det2_4SD   Det3_MaxLen   Det4_Join   Det5_Cycles   68               101                
t6_Artif_Rej Det7_Spctr_Peak 1      22         2          2             2           0             0                0                  
2      28         5          5             5           1             1                0                  
3      28         9          9             9           4             4                1                  
4      29         6          6             6           4             4                1                  
5      29         7          7             7           2             2                1                  
6      30         7          7             7           0             0                0                  
7      24         10         10            10          1             1                0                  
8      22         2          2             2           0             0                0                  
9      29         6          6             6           2             2                1                  
10     30         4          4             4           0             0                0                  
11     34         5          5             5           1             1                0                  
12     32         5          5             5           1             1                1                  
13     32         5          5             4           1             1                0                  
14     35         5          5             5           1             1                1                  
15     20         4          4             4           3             3                2                  
16     34         6          6             6           1             1                1                  
17     27         3          3             3           1             1                0                  
18     32         8          8             8           2             2                0                  
19     25         8          8             8           1             1                0                  
20     21         1          1             1           0             0                0                  
21     30         3          3             3           1             1                1                  
22     25         10         10            10          2             2                1                  
23     28         4          4             4           1             1                0                  
24     22         5          5             5           3             3                3                  
25     17         4          4             4           3             3                1                  
26     40         7          7             7           1             1                1                  
27     32         5          5             5           3             3                0                  
28     26         7          7             7           2             2                1                  
29     29         6          6             6           2             2                1                  
30     36         6          6             6           3             3                1                  
31     31         4          4             4           2             2                0                  
32     32         6          6             6           3             3                1                  
33     37         8          8             8           4             4                3                  
34     26         11         11            10          4             3                1                  
35     21         6          6             6           4             4                3                  
36     28         7          7             7           1             1                0                  
37     25         2          2             2           0             0                0                  
38     24         5          5             5           1             1                0                  
39     30         7          7             7           4             4                4                  
40     28         6          6             6           2             2                2                  
41     34         9          9             9           6             5                2                  
42     31         3          3             3           2             2                1                  
43     21         6          6             6           3             3                2                  
44     22         4          4             4           3             3                2                  
45     24         5          5             5           3             3                1                  
46     29         5          5             5           2             2                1                  
47     43         7          7             7           2             2                1                  
48     36         5          5             5           2             2                1                  
49     32         4          4             4           0             0                0                  
50     31         7          7             7           1             1                1                  
51     28         6          6             6           4             4                2                  
52     35         5          5             5           2             2                0                  
53     23         3          3             3           1             1                0                  
54     19         2          2             2           0             0                0                  
55     24         10         10            10          1             1                0                  
56     27         6          6             6           2             2                1                  
57     22         5          5             5           4             4                2                  
58     26         5          5             5           3             3                2                  
59     28         3          3             3           2             2                1                  
60     24         1          1             1           1             1                0                  
61     37         8          8             8           2             2                1                  
62     42         2          2             2           1             1                1                  
63     32         6          6             6           3             3                1                  
64     24         7          7             7           3             3                0                  
65     26         5          5             5           0             0                0                  
66     22         3          3             3           1             1                0                  
67     32         5          5             5           2             2                0                  
68     28         4          4             4           2             2                1                  
69     17         4          4             4           1             1                1                  
70     26         3          3             3           2             2                2                  
71     26         8          8             8           3             3                3                  
72     17         4          4             4           2             2                2                  
73     15         1          1             1           0             0                0                  
74     28         5          5             5           3             3                2                  
75     29         4          4             4           2             2                1                  
76     29         3          3             3           1             1                0                  
77     26         6          6             6           3             3                1                  
78     29         5          5             5           1             1                0                  
79     27         6          6             6           1             1                1                  
80     29         7          7             7           3             3                2                  
----------------------------------------------------------------------------------
SUM    2230       424        424           422         152           150              72                 
----------------------------------------------------------------------------------

 Total Ripple Number: H

 Detection parameters:
     maximum_peak:    3
     maxRippleLength: 100
     detection_peaks: thrsh
     num_peaks:       3
