Trial  Det1_2SD   Det2_4SD   Det3_MaxLen   Det4_Join   Det5_Cycles   68               101                
t6_Artif_Rej Det7_Spctr_Peak 1      28         5          5             5           1             1                0                  
2      23         4          4             4           1             1                1                  
3      31         7          7             7           3             3                3                  
4      44         18         18            11          5             5                0                  
5      37         16         16            9           5             5                1                  
6      30         5          5             5           1             1                1                  
7      27         4          4             4           0             0                0                  
8      31         7          7             7           0             0                0                  
9      25         3          3             3           0             0                0                  
10     33         5          5             5           1             1                1                  
11     42         10         10            10          2             2                2                  
12     29         6          6             6           3             3                3                  
13     26         3          3             3           0             0                0                  
14     31         4          4             4           2             2                1                  
15     29         7          7             7           3             3                2                  
16     30         6          6             6           2             2                1                  
17     33         5          5             5           1             1                0                  
18     30         6          6             6           2             2                1                  
19     28         5          5             5           2             2                1                  
20     19         2          2             2           2             2                2                  
21     14         2          2             2           1             1                1                  
22     49         11         11            7           3             3                2                  
23     31         7          7             4           2             2                1                  
24     27         8          8             8           3             3                3                  
25     25         5          5             5           2             2                2                  
26     33         6          6             6           3             3                3                  
27     24         4          4             4           0             0                0                  
28     23         4          4             4           3             3                1                  
29     27         7          7             7           3             3                2                  
30     26         6          6             6           2             2                2                  
31     31         6          6             5           2             2                1                  
32     30         10         10            9           4             4                4                  
33     26         2          2             2           1             1                0                  
34     21         3          3             3           1             1                0                  
35     31         7          7             7           5             5                4                  
36     35         8          8             8           2             2                1                  
37     33         8          8             8           3             3                1                  
38     32         6          6             6           2             2                1                  
39     20         5          5             5           1             1                1                  
40     23         4          4             4           0             0                0                  
41     33         12         12            7           4             3                1                  
42     28         7          7             7           4             4                2                  
43     29         6          6             6           2             2                2                  
44     20         4          4             4           2             2                2                  
45     31         8          8             8           1             1                1                  
46     34         9          9             9           2             2                2                  
47     27         7          7             7           1             1                1                  
48     25         6          6             6           0             0                0                  
49     34         9          9             9           2             2                1                  
50     39         8          8             8           1             1                1                  
51     31         4          4             4           1             1                1                  
52     22         2          2             2           0             0                0                  
53     23         4          4             4           1             1                1                  
54     23         6          6             6           2             2                2                  
55     28         7          7             7           5             5                4                  
56     29         4          4             4           1             1                0                  
57     21         5          5             5           2             2                1                  
58     26         7          7             7           2             2                1                  
59     31         3          3             3           1             1                0                  
60     23         3          3             3           0             0                0                  
61     22         3          3             3           0             0                0                  
62     32         8          8             8           3             3                3                  
63     27         6          6             6           3             3                2                  
64     43         15         15            12          5             4                1                  
65     31         9          9             9           1             1                0                  
66     28         6          6             6           2             2                1                  
67     27         3          3             3           1             1                1                  
68     19         1          1             1           0             0                0                  
69     20         5          5             5           3             3                3                  
70     24         12         12            9           8             7                4                  
71     33         9          9             6           5             4                0                  
72     26         3          3             3           1             1                0                  
73     29         7          7             7           1             1                0                  
74     31         5          5             5           3             3                2                  
75     33         6          6             6           4             4                3                  
76     39         5          5             5           2             2                1                  
77     34         4          4             4           2             2                2                  
78     27         1          1             1           0             0                0                  
79     26         6          6             6           1             1                1                  
80     42         14         14            9           4             3                1                  
----------------------------------------------------------------------------------
SUM    2317       496        496           454         162           157              98                 
----------------------------------------------------------------------------------

 Total Ripple Number: b

 Detection parameters:
     maximum_peak:    3
     maxRippleLength: 100
     detection_peaks: thrsh
     num_peaks:       3
