Trial  Det1_2SD   Det2_4SD   Det3_MaxLen   Det4_Join   Det5_Cycles   68               101                
t6_Artif_Rej Det7_Spctr_Peak 1      32         7          7             7           0             0                0                  
2      34         6          6             6           0             0                0                  
3      45         6          5             5           0             0                0                  
4      40         9          9             8           3             2                0                  
5      39         10         10            10          3             2                0                  
6      41         10         10            10          2             2                1                  
7      40         8          8             8           3             3                2                  
8      30         7          7             7           2             2                1                  
9      34         9          9             9           5             5                4                  
10     30         8          8             8           6             6                4                  
11     32         4          4             4           2             2                1                  
12     32         2          2             2           0             0                0                  
13     25         4          4             4           1             1                1                  
14     22         6          6             6           2             2                2                  
15     22         7          7             7           1             1                1                  
16     38         8          8             8           2             2                1                  
17     36         6          6             6           0             0                0                  
18     41         10         10            8           3             2                0                  
19     46         12         12            9           3             2                0                  
20     32         4          4             4           0             0                0                  
21     37         6          6             6           1             1                1                  
22     41         7          7             7           2             2                2                  
23     35         7          7             7           3             3                3                  
24     35         9          9             9           3             3                3                  
25     41         8          8             8           2             2                2                  
26     32         7          7             7           2             1                1                  
27     27         8          8             8           2             2                2                  
28     37         13         13            13          2             2                2                  
29     31         11         11            11          3             3                1                  
30     27         7          7             7           3             3                1                  
31     19         2          2             2           0             0                0                  
32     28         5          5             5           0             0                0                  
33     30         8          8             8           2             1                0                  
34     22         6          6             6           1             0                0                  
35     26         5          5             5           0             0                0                  
36     33         5          5             5           0             0                0                  
37     39         11         11            11          4             4                3                  
38     28         6          6             6           2             2                1                  
39     22         6          6             6           1             1                0                  
40     21         6          6             6           2             2                0                  
41     31         7          7             7           2             2                0                  
42     43         8          8             8           0             0                0                  
43     40         7          7             7           1             1                1                  
44     28         8          8             8           5             4                2                  
45     29         4          4             4           3             2                2                  
46     32         5          5             5           2             2                1                  
47     35         6          6             6           2             2                1                  
48     40         9          9             9           3             2                1                  
49     54         17         17            17          4             3                0                  
50     54         13         13            13          3             2                2                  
51     38         11         11            10          6             6                3                  
52     28         8          8             7           3             3                1                  
53     36         8          8             7           5             5                4                  
54     50         11         11            11          4             4                4                  
55     41         8          8             8           0             0                0                  
56     29         2          2             2           0             0                0                  
57     32         8          8             6           4             3                1                  
58     33         10         10            9           5             4                1                  
59     30         5          5             5           2             2                1                  
60     25         4          4             4           1             0                0                  
61     25         3          3             3           2             2                0                  
62     34         7          7             7           1             1                0                  
63     42         15         15            15          3             2                0                  
64     50         19         19            18          7             6                3                  
65     46         13         13            13          5             5                4                  
66     31         7          7             7           1             1                1                  
67     31         7          7             7           0             0                0                  
68     28         4          4             4           1             1                0                  
69     34         11         11            10          4             3                0                  
70     48         13         13            11          4             3                2                  
71     36         6          6             6           2             2                2                  
72     25         8          8             8           2             2                2                  
73     26         6          6             6           1             1                1                  
74     27         3          3             3           0             0                0                  
75     27         4          4             3           1             0                0                  
76     30         5          5             4           2             1                0                  
77     37         8          8             8           5             4                1                  
78     50         14         14            13          7             6                3                  
79     39         11         11            11          2             1                1                  
80     28         6          6             6           0             0                0                  
----------------------------------------------------------------------------------
SUM    2724       615        614           595         178           154              85                 
----------------------------------------------------------------------------------

 Total Ripple Number: U

 Detection parameters:
     maximum_peak:    3
     maxRippleLength: 100
     detection_peaks: thrsh
     num_peaks:       3
