Trial  Det1_2SD   Det2_4SD   Det3_MaxLen   Det4_Join   Det5_Cycles   68               101                
t6_Artif_Rej Det7_Spctr_Peak 1      20         4          4             4           1             1                0                  
2      20         5          5             5           1             1                1                  
3      21         4          4             4           1             1                1                  
4      26         8          8             8           4             3                1                  
5      43         13         13            12          8             7                1                  
6      41         13         13            12          4             4                1                  
7      40         13         13            13          3             3                3                  
8      56         18         18            18          5             5                3                  
9      47         14         14            14          4             4                2                  
10     34         6          6             6           2             2                2                  
11     33         3          3             3           1             1                1                  
12     35         5          5             5           2             2                1                  
13     35         9          9             9           5             5                1                  
14     47         9          9             9           3             3                1                  
15     48         11         11            11          2             2                2                  
16     48         5          5             5           2             2                1                  
17     36         5          5             5           2             2                0                  
18     36         9          9             9           4             3                1                  
19     49         17         17            16          10            9                4                  
20     48         13         13            12          7             6                3                  
21     43         8          8             8           3             2                1                  
22     40         10         10            10          4             4                2                  
23     45         14         14            14          4             4                2                  
24     54         13         13            13          4             4                1                  
25     41         6          6             6           1             1                0                  
26     42         7          7             7           1             1                1                  
27     38         9          9             9           4             4                1                  
28     53         12         12            12          4             4                2                  
29     46         8          8             8           1             1                1                  
30     20         2          2             2           1             1                1                  
31     20         2          2             2           1             1                1                  
32     38         8          8             8           3             3                1                  
33     50         15         15            13          5             4                1                  
34     40         9          9             7           2             1                0                  
35     42         10         10            9           3             2                1                  
36     34         11         11            10          5             4                3                  
37     39         4          4             4           1             1                0                  
38     44         6          6             6           0             0                0                  
39     40         8          8             8           2             2                0                  
40     39         9          9             9           2             2                0                  
41     41         7          7             7           3             3                1                  
42     58         15         15            13          7             7                3                  
43     56         12         12            10          4             4                1                  
44     45         13         13            12          5             4                0                  
45     38         19         19            17          8             7                2                  
46     36         12         12            11          3             3                2                  
47     36         10         10            10          4             4                3                  
48     43         14         14            14          6             5                3                  
49     43         12         12            12          4             3                0                  
50     42         6          6             6           1             1                0                  
51     51         11         11            11          2             1                0                  
52     45         13         13            13          5             4                2                  
53     47         13         13            13          7             7                4                  
54     58         20         20            20          6             6                2                  
55     45         14         14            14          3             3                1                  
56     31         5          5             5           1             1                0                  
57     34         9          9             9           4             3                2                  
58     41         10         10            10          4             3                3                  
59     36         6          6             6           3             3                2                  
60     31         8          8             8           3             3                2                  
61     41         14         14            14          5             5                1                  
62     43         7          7             7           4             3                1                  
63     58         16         16            15          9             8                4                  
64     61         24         24            22          11            10               4                  
65     47         16         16            16          5             5                2                  
66     47         12         12            12          3             2                0                  
67     38         8          8             8           5             4                3                  
68     17         4          4             4           2             2                2                  
69     39         20         20            19          13            12               5                  
70     54         23         23            22          14            13               5                  
71     33         9          9             9           2             2                0                  
72     28         6          6             6           1             1                0                  
73     34         6          6             6           0             0                0                  
74     36         6          6             6           0             0                0                  
75     27         2          2             2           0             0                0                  
76     35         6          6             6           2             2                1                  
77     43         15         15            15          6             5                1                  
78     55         18         18            18          7             6                1                  
79     54         15         15            15          6             5                2                  
80     41         9          9             9           3             3                1                  
----------------------------------------------------------------------------------
SUM    3259       820        820           797         303           275              115                
----------------------------------------------------------------------------------

 Total Ripple Number: s

 Detection parameters:
     maximum_peak:    3
     maxRippleLength: 100
     detection_peaks: thrsh
     num_peaks:       3
