Trial  Det1_2SD   Det2_4SD   Det3_MaxLen   Det4_Join   Det5_Cycles   68               101                
t6_Artif_Rej Det7_Spctr_Peak 1      29         8          8             8           1             1                0                  
2      34         10         10            10          3             3                2                  
3      30         7          7             7           1             1                0                  
4      30         6          6             6           3             2                1                  
5      38         12         12            12          5             4                1                  
6      40         9          9             9           3             3                1                  
7      42         9          9             8           2             2                0                  
8      50         14         14            13          3             3                0                  
9      46         13         13            13          5             5                3                  
10     40         11         11            11          6             6                3                  
11     34         4          4             4           1             1                0                  
12     39         5          5             5           1             1                0                  
13     36         8          8             8           3             3                1                  
14     41         11         11            11          5             5                1                  
15     41         10         10            10          2             2                1                  
16     33         4          4             4           3             3                1                  
17     38         4          4             4           2             2                1                  
18     44         8          8             7           4             3                1                  
19     47         12         12            11          5             4                2                  
20     41         9          9             9           3             3                3                  
21     41         12         12            11          2             1                1                  
22     37         10         10            10          1             1                1                  
23     38         6          6             5           1             1                0                  
24     48         5          5             4           1             1                0                  
25     41         6          6             6           2             2                1                  
26     35         7          7             7           2             2                1                  
27     39         8          8             8           1             1                1                  
28     55         14         14            14          5             5                3                  
29     42         9          9             9           3             3                3                  
30     27         2          2             2           1             1                1                  
31     31         1          1             1           0             0                0                  
32     42         7          7             7           2             2                2                  
33     55         19         19            18          9             8                5                  
34     40         14         14            13          7             6                3                  
35     36         6          6             6           3             2                1                  
36     29         3          3             3           2             1                0                  
37     38         5          5             5           1             1                0                  
38     40         8          8             8           1             1                0                  
39     39         5          5             5           1             1                1                  
40     43         7          7             7           2             2                2                  
41     43         8          8             8           2             2                2                  
42     54         11         11            11          5             5                3                  
43     49         12         12            12          4             4                2                  
44     29         6          6             6           3             2                0                  
45     29         7          7             7           4             3                1                  
46     36         6          6             6           2             2                1                  
47     35         9          9             9           1             1                0                  
48     48         15         15            14          4             3                2                  
49     48         16         16            15          5             4                3                  
50     42         12         12            12          1             1                1                  
51     44         9          8             8           1             1                1                  
52     32         8          8             8           2             2                1                  
53     39         12         12            12          2             2                0                  
54     44         13         13            13          6             6                2                  
55     42         11         11            11          4             4                1                  
56     45         7          7             7           1             1                1                  
57     46         11         11            9           5             4                3                  
58     41         8          8             7           5             4                2                  
59     33         7          7             7           1             1                0                  
60     30         8          8             8           3             3                1                  
61     37         6          6             6           5             5                3                  
62     29         4          4             4           2             1                1                  
63     44         11         11            11          5             4                3                  
64     59         14         14            14          5             4                3                  
65     53         12         12            12          3             3                2                  
66     43         14         14            13          5             4                1                  
67     33         8          8             7           3             2                1                  
68     32         3          3             3           1             1                1                  
69     45         19         19            17          10            9                2                  
70     52         22         22            20          13            12               3                  
71     41         11         11            11          4             4                3                  
72     36         7          7             7           2             2                2                  
73     39         3          3             2           2             2                0                  
74     44         6          6             5           2             2                0                  
75     24         3          3             3           1             1                0                  
76     28         7          7             7           1             1                1                  
77     51         15         15            15          4             3                2                  
78     59         19         19            18          6             5                2                  
79     53         10         10            9           2             2                0                  
80     49         8          8             8           2             2                1                  
----------------------------------------------------------------------------------
SUM    3229       726        725           701         247           223              106                
----------------------------------------------------------------------------------

 Total Ripple Number: j

 Detection parameters:
     maximum_peak:    3
     maxRippleLength: 100
     detection_peaks: thrsh
     num_peaks:       3
