Trial  Det1_2SD   Det2_4SD   Det3_MaxLen   Det4_Join   Det5_Cycles   68               101                
t6_Artif_Rej Det7_Spctr_Peak 1      39         8          8             8           2             2                2                  
2      34         7          7             7           3             3                2                  
3      38         7          7             7           3             3                2                  
4      39         6          6             6           2             1                1                  
5      34         8          8             8           2             1                0                  
6      29         7          7             7           1             1                1                  
7      26         7          7             7           2             2                2                  
8      49         13         13            13          3             3                2                  
9      56         12         12            12          5             5                4                  
10     42         10         10            10          4             4                4                  
11     38         10         10            10          3             3                3                  
12     37         9          9             9           2             2                2                  
13     29         6          6             6           1             1                0                  
14     42         8          8             8           3             3                1                  
15     32         5          5             5           1             1                0                  
16     32         5          5             5           0             0                0                  
17     33         8          8             8           3             3                1                  
18     34         11         11            11          3             2                0                  
19     31         9          9             9           3             2                0                  
20     31         10         10            10          2             2                0                  
21     34         10         10            10          4             3                0                  
22     36         6          6             6           4             4                1                  
23     37         6          6             6           2             2                0                  
24     39         13         13            13          5             5                3                  
25     43         11         11            11          4             4                3                  
26     30         2          2             2           0             0                0                  
27     23         4          4             4           0             0                0                  
28     47         13         13            13          3             3                1                  
29     51         8          8             8           4             4                2                  
30     36         3          3             3           0             0                0                  
31     18         0          0             0           0             0                0                  
32     27         6          6             6           3             3                2                  
33     44         14         14            14          7             6                3                  
34     30         9          9             9           4             3                1                  
35     26         4          4             4           1             1                0                  
36     36         4          4             4           1             1                0                  
37     47         9          9             9           4             4                2                  
38     35         6          6             6           4             4                3                  
39     36         6          6             6           3             3                2                  
40     35         5          5             5           2             2                2                  
41     32         6          6             6           3             3                2                  
42     39         7          7             7           3             3                1                  
43     41         7          7             7           3             3                1                  
44     33         8          8             8           4             3                0                  
45     42         6          6             6           5             4                1                  
46     44         6          6             6           4             4                1                  
47     38         7          7             7           3             3                1                  
48     48         13         13            12          7             6                1                  
49     53         16         16            16          5             4                1                  
50     46         10         10            10          1             1                1                  
51     33         8          8             8           4             4                3                  
52     29         7          7             7           3             3                2                  
53     48         10         10            10          2             2                0                  
54     55         12         12            12          5             5                2                  
55     46         11         11            11          5             5                3                  
56     39         8          8             8           2             2                1                  
57     33         11         11            11          4             3                1                  
58     40         16         16            16          8             7                3                  
59     39         10         10            10          4             4                2                  
60     31         6          6             6           0             0                0                  
61     44         9          9             9           2             2                2                  
62     43         7          7             7           4             3                2                  
63     44         13         13            13          5             4                2                  
64     57         18         18            18          8             7                5                  
65     50         15         15            15          6             6                5                  
66     43         13         13            13          5             4                4                  
67     48         15         15            15          7             6                4                  
68     43         10         10            10          3             3                1                  
69     46         17         17            16          9             8                1                  
70     51         18         18            17          11            10               3                  
71     38         6          6             6           3             3                3                  
72     24         5          5             5           2             2                2                  
73     44         10         10            10          4             4                4                  
74     49         10         10            10          4             4                4                  
75     23         5          5             5           1             1                1                  
76     20         2          2             2           1             1                1                  
77     40         9          9             9           5             4                3                  
78     57         21         21            21          11            10               6                  
79     51         17         17            17          8             7                5                  
80     47         11         11            11          5             5                2                  
----------------------------------------------------------------------------------
SUM    3106       721        721           718         282           259              139                
----------------------------------------------------------------------------------

 Total Ripple Number: 

 Detection parameters:
     maximum_peak:    3
     maxRippleLength: 100
     detection_peaks: thrsh
     num_peaks:       3
