Trial  Det1_2SD   Det2_4SD   Det3_MaxLen   Det4_Join   Det5_Cycles   68               101                
t6_Artif_Rej Det7_Spctr_Peak 1      40         8          8             8           1             1                1                  
2      50         12         12            12          5             5                4                  
3      32         4          4             4           2             2                1                  
4      27         2          2             2           1             0                0                  
5      34         5          5             5           1             0                0                  
6      35         6          6             6           1             1                1                  
7      38         9          9             9           3             3                2                  
8      49         12         12            12          2             2                1                  
9      47         16         16            16          3             3                2                  
10     48         13         13            13          3             3                2                  
11     35         7          7             7           2             2                1                  
12     37         9          9             9           3             3                2                  
13     37         5          5             5           2             2                1                  
14     37         6          6             6           0             0                0                  
15     34         10         10            10          4             4                4                  
16     41         9          9             9           3             3                2                  
17     52         9          9             9           2             2                1                  
18     59         13         13            13          3             2                1                  
19     50         14         14            14          6             5                1                  
20     37         8          8             8           3             3                0                  
21     39         9          9             9           2             1                1                  
22     45         7          7             7           1             1                1                  
23     37         5          5             5           0             0                0                  
24     40         5          5             5           0             0                0                  
25     42         3          3             3           1             1                1                  
26     44         7          7             7           3             3                1                  
27     50         10         10            10          1             1                0                  
28     45         11         11            10          3             3                1                  
29     42         7          7             6           3             3                2                  
30     44         6          6             6           2             2                1                  
31     38         6          6             6           2             2                1                  
32     45         9          9             9           3             3                1                  
33     50         11         11            11          6             5                1                  
34     36         6          6             6           3             2                0                  
35     29         3          3             3           1             1                1                  
36     28         4          4             4           2             2                1                  
37     34         6          6             6           3             3                1                  
38     31         5          5             5           1             1                0                  
39     40         10         10            10          4             4                3                  
40     49         15         15            15          6             6                6                  
41     51         10         10            10          5             5                4                  
42     45         12         12            12          4             4                3                  
43     40         8          8             8           3             3                2                  
44     43         10         10            10          6             5                3                  
45     45         10         10            10          6             5                3                  
46     45         6          6             6           1             1                0                  
47     37         9          9             9           2             2                1                  
48     37         8          8             8           3             2                2                  
49     40         8          8             8           4             3                2                  
50     43         9          9             9           2             2                1                  
51     44         10         10            10          3             3                1                  
52     34         8          8             8           4             4                2                  
53     43         7          7             7           2             2                1                  
54     44         13         13            13          3             3                2                  
55     34         10         10            10          4             4                2                  
56     38         11         11            10          4             4                1                  
57     40         9          9             8           4             3                1                  
58     37         8          8             8           3             2                1                  
59     40         5          5             5           1             1                1                  
60     33         5          5             5           2             2                1                  
61     27         3          3             3           2             2                1                  
62     40         7          7             7           1             0                0                  
63     49         12         12            12          3             2                1                  
64     50         9          9             9           3             2                2                  
65     45         9          9             9           3             3                3                  
66     38         8          8             8           3             2                2                  
67     45         7          7             7           2             1                1                  
68     53         12         12            12          1             1                1                  
69     47         15         15            15          6             5                2                  
70     44         13         13            13          8             7                3                  
71     35         7          7             7           2             2                1                  
72     30         5          5             5           0             0                0                  
73     33         5          5             5           2             2                2                  
74     37         4          4             4           2             2                2                  
75     37         5          5             5           2             2                0                  
76     31         5          5             5           2             2                0                  
77     38         8          8             8           3             2                1                  
78     50         17         17            17          7             6                2                  
79     47         15         15            15          4             3                1                  
80     41         10         10            10          1             1                1                  
----------------------------------------------------------------------------------
SUM    3257       674        674           670         220           197              110                
----------------------------------------------------------------------------------

 Total Ripple Number: n

 Detection parameters:
     maximum_peak:    3
     maxRippleLength: 100
     detection_peaks: thrsh
     num_peaks:       3
