Trial  Det1_2SD   Det2_4SD   Det3_MaxLen   Det4_Join   Det5_Cycles   68               101                
t6_Artif_Rej Det7_Spctr_Peak 1      41         10         10            10          4             4                4                  
2      52         8          8             8           4             4                4                  
3      37         6          6             6           2             2                2                  
4      39         7          7             7           3             3                3                  
5      43         7          7             7           3             3                3                  
6      45         4          4             4           1             1                1                  
7      34         5          5             5           1             1                1                  
8      43         4          4             4           2             2                2                  
9      43         5          5             5           2             2                2                  
10     37         10         10            10          3             3                2                  
11     42         12         12            12          2             2                1                  
12     49         9          9             9           1             1                1                  
13     37         5          5             5           1             1                1                  
14     39         4          4             4           1             1                1                  
15     37         6          6             6           3             3                3                  
16     49         16         16            16          6             6                6                  
17     54         15         15            15          5             5                5                  
18     43         7          7             7           2             2                2                  
19     42         11         11            11          6             6                6                  
20     42         10         10            10          4             4                4                  
21     38         7          7             7           3             3                2                  
22     42         10         10            10          3             3                2                  
23     36         6          6             6           3             3                3                  
24     32         3          3             3           1             1                1                  
25     42         4          4             4           1             1                1                  
26     37         7          7             7           1             1                1                  
27     38         12         12            12          3             3                2                  
28     49         13         13            13          3             3                2                  
29     38         10         10            10          4             4                4                  
30     43         12         12            12          6             6                5                  
31     37         10         10            10          4             4                3                  
32     31         11         11            11          4             4                3                  
33     32         7          7             7           4             4                2                  
34     34         3          3             3           3             3                3                  
35     41         6          6             6           6             6                5                  
36     38         10         10            10          6             6                6                  
37     50         11         11            11          3             3                3                  
38     45         7          7             7           1             1                0                  
39     48         7          7             7           3             3                2                  
40     48         10         10            10          2             2                2                  
41     46         8          8             8           1             1                1                  
42     47         7          7             7           1             1                0                  
43     50         11         11            11          3             3                2                  
44     46         9          9             9           4             3                3                  
45     42         6          6             6           2             1                1                  
46     32         5          5             5           2             2                2                  
47     26         6          6             6           3             3                2                  
48     30         4          4             4           2             2                1                  
49     38         5          5             5           2             2                2                  
50     39         8          8             8           2             2                2                  
51     35         9          9             9           4             4                4                  
52     36         7          7             7           2             2                2                  
53     36         9          9             9           3             3                3                  
54     36         10         10            10          4             4                4                  
55     41         10         10            10          3             3                3                  
56     43         7          7             7           2             2                2                  
57     37         7          7             7           2             1                0                  
58     34         6          6             6           1             0                0                  
59     33         5          5             5           2             2                2                  
60     31         4          4             4           2             2                2                  
61     30         4          4             4           2             2                2                  
62     25         4          4             4           2             2                2                  
63     21         6          6             6           2             1                1                  
64     26         7          7             7           2             1                1                  
65     36         5          5             5           0             0                0                  
66     46         3          3             3           1             1                1                  
67     46         8          8             8           5             5                5                  
68     42         6          6             6           4             4                3                  
69     34         4          4             4           2             2                2                  
70     29         7          7             7           3             3                3                  
71     40         8          8             8           4             4                4                  
72     43         12         12            12          4             4                3                  
73     39         12         12            12          4             4                4                  
74     53         9          9             9           4             4                4                  
75     43         6          6             5           2             2                2                  
76     25         4          4             3           1             1                1                  
77     33         8          8             7           1             1                1                  
78     31         7          7             7           0             0                0                  
79     32         5          5             5           0             0                0                  
80     47         12         12            12          3             3                3                  
----------------------------------------------------------------------------------
SUM    3126       607        607           604         213           207              186                
----------------------------------------------------------------------------------

 Total Ripple Number: º

 Detection parameters:
     maximum_peak:    3
     maxRippleLength: 100
     detection_peaks: thrsh
     num_peaks:       3
