Trial  Det1_2SD   Det2_4SD   Det3_MaxLen   Det4_Join   Det5_Cycles   68               101                
t6_Artif_Rej Det7_Spctr_Peak 1      43         8          8             8           4             4                4                  
2      52         18         18            18          5             5                4                  
3      39         11         11            11          2             2                2                  
4      33         10         10            10          4             4                4                  
5      33         8          8             8           6             6                5                  
6      39         6          6             6           3             3                2                  
7      39         5          5             5           3             3                3                  
8      46         7          7             7           4             3                3                  
9      51         5          5             5           3             2                2                  
10     36         8          8             8           3             3                3                  
11     32         9          9             9           1             1                1                  
12     51         7          7             7           1             1                1                  
13     35         3          3             3           3             3                3                  
14     31         5          5             5           3             3                3                  
15     41         10         10            10          3             3                3                  
16     55         12         12            12          3             3                3                  
17     54         11         11            11          2             2                2                  
18     45         7          7             7           1             1                1                  
19     41         8          8             8           2             2                2                  
20     37         6          6             6           1             1                1                  
21     39         7          7             7           1             1                1                  
22     41         8          8             8           4             4                4                  
23     42         6          6             6           1             1                1                  
24     40         7          7             7           0             0                0                  
25     43         12         11            11          1             1                1                  
26     35         10         10            10          2             2                2                  
27     29         5          5             5           1             1                0                  
28     30         5          5             5           1             1                0                  
29     42         7          7             7           2             2                2                  
30     47         8          8             8           3             3                3                  
31     32         8          8             8           3             3                1                  
32     35         6          6             6           3             3                3                  
33     36         7          7             7           4             3                2                  
34     32         8          7             7           2             1                1                  
35     44         5          5             5           1             1                1                  
36     49         9          9             9           1             1                1                  
37     47         14         14            14          1             1                1                  
38     40         13         13            13          2             2                1                  
39     42         10         10            10          3             3                3                  
40     42         9          9             9           2             2                2                  
41     33         9          9             8           1             1                1                  
42     39         8          8             8           0             0                0                  
43     42         6          6             6           1             1                0                  
44     42         10         10            10          4             3                1                  
45     42         9          9             9           4             3                3                  
46     32         5          5             5           0             0                0                  
47     31         8          8             8           1             1                1                  
48     32         5          5             5           1             1                1                  
49     41         4          4             4           0             0                0                  
50     48         8          8             8           1             1                1                  
51     43         11         11            11          3             3                3                  
52     34         8          8             8           3             3                3                  
53     42         10         10            10          3             3                3                  
54     42         10         10            10          5             5                5                  
55     46         9          9             9           6             6                6                  
56     43         9          9             9           5             5                5                  
57     36         8          7             7           3             2                2                  
58     34         7          7             7           3             2                1                  
59     24         5          5             5           1             1                0                  
60     24         4          4             4           2             2                2                  
61     27         5          5             5           4             4                4                  
62     28         4          4             4           2             2                2                  
63     30         5          5             5           1             0                0                  
64     36         6          6             6           2             1                0                  
65     40         6          6             6           3             2                2                  
66     47         12         12            12          6             5                4                  
67     52         14         14            14          6             5                5                  
68     44         10         10            10          3             3                2                  
69     41         6          6             6           1             1                1                  
70     43         8          8             8           2             2                2                  
71     46         10         10            10          2             2                2                  
72     39         8          8             8           3             3                2                  
73     38         9          9             9           4             4                4                  
74     47         13         13            12          4             4                4                  
75     31         10         10            9           2             2                2                  
76     32         5          5             5           1             1                1                  
77     43         8          8             7           2             2                2                  
78     46         13         13            12          4             3                3                  
79     45         9          9             9           2             1                1                  
80     53         9          9             9           3             3                3                  
----------------------------------------------------------------------------------
SUM    3178       651        648           643         199           184              166                
----------------------------------------------------------------------------------

 Total Ripple Number: ¦

 Detection parameters:
     maximum_peak:    3
     maxRippleLength: 100
     detection_peaks: thrsh
     num_peaks:       3
