Trial  Det1_2SD   Det2_4SD   Det3_MaxLen   Det4_Join   Det5_Cycles   68               101                
t6_Artif_Rej Det7_Spctr_Peak 1      41         5          5             5           3             3                3                  
2      52         7          7             7           4             4                4                  
3      34         5          5             5           2             2                1                  
4      36         6          6             5           2             1                0                  
5      33         4          4             3           2             1                1                  
6      30         4          4             4           2             2                2                  
7      37         12         12            12          4             4                3                  
8      45         13         13            13          2             2                1                  
9      44         7          7             7           0             0                0                  
10     44         3          3             3           0             0                0                  
11     38         3          3             3           0             0                0                  
12     33         5          5             5           1             1                1                  
13     33         7          7             7           1             1                1                  
14     38         7          7             7           1             1                0                  
15     32         10         10            10          3             3                0                  
16     39         12         12            12          4             4                3                  
17     37         10         10            10          3             3                2                  
18     45         12         12            12          6             6                6                  
19     45         12         12            11          5             5                5                  
20     29         6          6             6           1             1                1                  
21     38         4          4             4           0             0                0                  
22     45         9          9             9           1             1                1                  
23     31         4          4             4           0             0                0                  
24     34         1          1             1           0             0                0                  
25     43         3          3             3           1             1                1                  
26     52         6          6             6           2             2                2                  
27     52         10         10            10          4             4                3                  
28     45         9          9             9           5             5                3                  
29     44         11         11            11          5             5                3                  
30     48         14         14            14          5             5                4                  
31     45         9          9             9           3             3                3                  
32     45         7          7             7           3             3                3                  
33     41         8          8             8           4             3                2                  
34     30         5          5             5           3             2                1                  
35     32         6          6             6           1             1                1                  
36     34         8          8             8           2             2                1                  
37     40         5          5             5           0             0                0                  
38     34         7          7             7           0             0                0                  
39     29         5          5             5           2             2                2                  
40     30         6          6             6           1             1                1                  
41     35         7          7             7           1             1                0                  
42     40         4          4             4           1             1                0                  
43     43         7          7             7           2             2                2                  
44     38         10         10            10          7             6                4                  
45     32         7          7             7           4             3                2                  
46     35         5          5             5           2             2                2                  
47     36         5          5             5           1             1                1                  
48     29         3          3             3           1             1                1                  
49     35         7          7             7           2             2                1                  
50     49         11         11            11          7             7                5                  
51     48         9          9             9           5             5                4                  
52     40         4          4             4           0             0                0                  
53     37         4          4             4           0             0                0                  
54     42         3          3             3           1             1                1                  
55     46         4          4             4           1             1                1                  
56     42         8          8             8           1             1                0                  
57     50         14         14            13          5             4                1                  
58     42         12         12            11          8             7                4                  
59     33         6          6             6           3             3                2                  
60     29         2          2             2           0             0                0                  
61     33         8          8             8           2             2                2                  
62     41         12         12            12          3             3                2                  
63     34         11         11            11          3             2                1                  
64     32         9          9             9           4             3                2                  
65     34         11         11            11          4             4                3                  
66     39         8          8             8           1             1                1                  
67     43         10         10            10          1             1                1                  
68     37         11         11            11          2             2                1                  
69     27         6          6             6           4             3                2                  
70     30         6          6             6           2             1                1                  
71     31         6          6             6           3             3                1                  
72     29         9          9             9           4             4                3                  
73     36         6          6             6           3             3                3                  
74     51         16         16            16          6             6                4                  
75     38         13         13            13          3             3                2                  
76     27         7          7             7           1             1                1                  
77     44         10         10            9           3             2                2                  
78     49         10         10            9           4             3                3                  
79     40         10         10            10          6             5                5                  
80     47         11         11            11          6             6                4                  
----------------------------------------------------------------------------------
SUM    3080       609        609           602         205           190              140                
----------------------------------------------------------------------------------

 Total Ripple Number: 

 Detection parameters:
     maximum_peak:    3
     maxRippleLength: 100
     detection_peaks: thrsh
     num_peaks:       3
