Trial  Det1_2SD   Det2_4SD   Det3_MaxLen   Det4_Join   Det5_Cycles   68               101                
t6_Artif_Rej Det7_Spctr_Peak 1      47         8          8             8           5             5                3                  
2      50         12         12            12          9             9                7                  
3      36         8          8             8           4             4                4                  
4      34         6          6             6           2             1                1                  
5      43         4          4             4           2             1                0                  
6      45         6          6             6           2             2                1                  
7      38         13         13            13          5             5                4                  
8      35         11         11            11          4             4                3                  
9      35         6          6             6           3             3                2                  
10     41         8          8             8           4             4                3                  
11     42         9          9             9           1             1                1                  
12     37         6          6             5           1             1                0                  
13     32         6          6             5           2             2                0                  
14     35         6          6             6           1             1                0                  
15     41         8          8             8           2             2                1                  
16     50         12         12            12          4             4                3                  
17     39         9          9             9           6             6                5                  
18     41         11         11            11          5             5                5                  
19     45         7          7             7           4             4                4                  
20     30         3          3             3           1             1                1                  
21     31         4          4             4           0             0                0                  
22     35         9          9             9           6             6                2                  
23     34         9          9             9           7             7                4                  
24     36         9          9             9           4             4                2                  
25     52         12         12            12          5             5                2                  
26     49         9          9             9           2             2                1                  
27     39         8          8             8           2             2                2                  
28     44         11         11            11          4             4                3                  
29     44         8          8             8           5             5                4                  
30     44         11         11            11          6             6                3                  
31     42         10         10            10          4             4                1                  
32     46         9          9             9           3             3                3                  
33     40         7          7             7           3             3                2                  
34     29         6          6             6           2             2                2                  
35     30         4          4             4           0             0                0                  
36     37         7          7             7           0             0                0                  
37     33         9          9             9           3             3                1                  
38     32         9          9             9           3             3                1                  
39     33         8          8             8           2             2                1                  
40     37         6          6             6           1             1                1                  
41     40         6          6             6           0             0                0                  
42     42         7          7             7           1             1                1                  
43     37         6          6             6           2             2                1                  
44     32         9          9             8           4             3                0                  
45     29         9          9             8           6             5                3                  
46     31         4          4             4           4             4                2                  
47     31         5          5             5           3             3                2                  
48     29         8          8             8           4             4                3                  
49     40         9          9             9           4             4                1                  
50     49         10         10            10          5             5                1                  
51     33         7          7             7           4             4                2                  
52     30         7          7             7           3             3                3                  
53     21         5          5             5           3             3                3                  
54     36         6          6             6           3             3                3                  
55     42         7          7             7           3             3                2                  
56     36         7          7             7           2             2                2                  
57     34         7          7             7           3             2                1                  
58     38         6          6             6           3             2                0                  
59     37         2          2             2           1             1                1                  
60     25         3          3             3           1             1                1                  
61     32         10         10            10          3             3                2                  
62     36         10         10            10          4             4                2                  
63     30         6          6             6           2             1                0                  
64     30         9          9             9           3             2                0                  
65     30         6          6             6           1             1                0                  
66     36         5          5             5           0             0                0                  
67     48         7          7             7           5             5                4                  
68     46         4          4             4           2             2                2                  
69     31         6          6             6           2             2                2                  
70     27         8          8             8           2             2                2                  
71     28         7          7             7           0             0                0                  
72     34         6          6             6           0             0                0                  
73     34         6          6             6           2             2                2                  
74     39         11         11            11          6             5                4                  
75     43         11         11            11          6             5                3                  
76     39         3          3             3           3             3                1                  
77     42         7          7             7           4             3                2                  
78     42         9          9             9           4             3                3                  
79     35         6          6             6           2             2                2                  
80     39         9          9             9           6             6                5                  
----------------------------------------------------------------------------------
SUM    2976       600        600           596         245           233              151                
----------------------------------------------------------------------------------

 Total Ripple Number: 

 Detection parameters:
     maximum_peak:    3
     maxRippleLength: 100
     detection_peaks: thrsh
     num_peaks:       3
