Trial  Det1_2SD   Det2_4SD   Det3_MaxLen   Det4_Join   Det5_Cycles   68               101                
t6_Artif_Rej Det7_Spctr_Peak 1      21         4          4             4           1             1                1                  
2      23         5          5             5           1             1                1                  
3      19         4          4             4           1             1                1                  
4      31         8          8             8           4             3                0                  
5      45         20         20            17          11            10               3                  
6      37         12         12            11          6             6                4                  
7      44         12         12            12          7             7                5                  
8      57         16         16            16          9             9                6                  
9      39         10         10            10          3             3                3                  
10     30         8          8             8           2             2                2                  
11     30         8          8             8           3             3                2                  
12     34         8          8             8           2             2                1                  
13     25         7          7             7           3             3                1                  
14     34         4          4             4           2             2                1                  
15     34         5          5             5           3             3                2                  
16     26         5          5             5           4             4                3                  
17     38         8          8             8           2             2                1                  
18     52         17         17            16          3             2                1                  
19     49         17         17            16          8             7                3                  
20     43         8          8             7           3             2                1                  
21     36         7          7             7           2             2                1                  
22     39         6          6             6           1             1                1                  
23     56         11         11            11          4             4                3                  
24     51         15         15            15          6             6                4                  
25     36         6          6             6           2             2                1                  
26     29         4          4             4           1             1                0                  
27     28         10         10            10          3             3                2                  
28     43         17         17            17          8             8                4                  
29     36         9          9             9           4             4                2                  
30     24         1          1             1           0             0                0                  
31     20         1          1             1           0             0                0                  
32     36         8          8             8           2             2                0                  
33     52         14         14            12          6             5                2                  
34     37         10         10            9           5             4                3                  
35     34         9          9             9           3             2                1                  
36     32         7          7             7           2             1                1                  
37     30         6          6             6           3             3                2                  
38     28         7          7             7           3             3                2                  
39     33         9          9             9           2             2                1                  
40     23         3          3             3           1             1                1                  
41     24         1          1             1           0             0                0                  
42     40         10         10            10          3             3                3                  
43     42         14         14            14          5             5                3                  
44     34         14         14            13          8             7                2                  
45     47         17         17            15          9             8                3                  
46     46         13         13            13          5             5                2                  
47     35         9          9             9           3             3                3                  
48     45         12         12            12          5             4                3                  
49     52         14         14            13          6             5                2                  
50     46         13         13            12          8             8                5                  
51     41         12         12            12          7             7                6                  
52     34         8          8             8           3             3                3                  
53     53         15         15            15          6             6                4                  
54     58         22         22            21          10            10               3                  
55     35         11         11            10          5             5                0                  
56     37         7          7             7           2             2                2                  
57     54         13         13            12          6             5                3                  
58     49         16         16            14          6             5                1                  
59     35         11         11            11          1             1                0                  
60     39         13         13            13          4             4                4                  
61     44         9          9             9           4             4                3                  
62     36         3          3             3           2             1                1                  
63     48         12         12            12          9             8                4                  
64     69         20         20            19          12            11               7                  
65     57         13         13            11          6             6                4                  
66     43         11         11            10          5             4                3                  
67     31         9          9             9           4             3                3                  
68     22         7          7             7           4             4                4                  
69     51         22         22            21          12            11               7                  
70     67         24         24            23          14            13               6                  
71     41         8          8             8           6             6                3                  
72     24         4          4             4           3             3                1                  
73     38         7          7             7           0             0                0                  
74     32         6          6             6           0             0                0                  
75     13         1          1             1           1             1                0                  
76     32         8          8             8           4             4                1                  
77     61         21         21            20          8             7                2                  
78     70         29         29            28          10            9                3                  
79     61         19         19            19          8             7                2                  
80     44         7          7             7           2             2                2                  
----------------------------------------------------------------------------------
SUM    3144       831        831           803         352           327              181                
----------------------------------------------------------------------------------

 Total Ripple Number: µ

 Detection parameters:
     maximum_peak:    3
     maxRippleLength: 100
     detection_peaks: thrsh
     num_peaks:       3
