Trial  Det1_2SD   Det2_4SD   Det3_MaxLen   Det4_Join   Det5_Cycles   68               101                
t6_Artif_Rej Det7_Spctr_Peak 1      28         4          4             4           1             1                1                  
2      31         9          9             9           3             3                3                  
3      22         5          5             5           1             1                1                  
4      23         4          4             4           2             1                1                  
5      38         12         12            12          6             5                3                  
6      37         11         11            11          5             5                2                  
7      45         12         12            12          7             7                3                  
8      55         13         13            13          8             8                3                  
9      36         4          4             4           2             2                0                  
10     19         3          3             3           2             2                1                  
11     21         5          5             5           4             4                2                  
12     22         4          4             4           2             2                1                  
13     26         5          5             5           1             1                0                  
14     37         7          7             7           1             1                0                  
15     30         7          7             7           1             1                1                  
16     28         5          5             5           3             3                2                  
17     35         9          9             9           2             2                1                  
18     46         13         13            13          3             2                2                  
19     43         13         13            12          4             3                2                  
20     39         11         11            10          4             4                2                  
21     41         14         14            12          5             4                3                  
22     37         5          5             5           2             2                2                  
23     40         6          6             6           1             1                1                  
24     42         7          7             7           3             3                2                  
25     35         8          8             8           4             4                3                  
26     35         8          8             8           3             3                3                  
27     38         11         11            11          1             1                0                  
28     45         12         12            12          4             4                3                  
29     39         10         10            10          3             3                1                  
30     26         5          5             5           1             1                1                  
31     10         1          1             1           0             0                0                  
32     22         7          7             7           1             1                0                  
33     45         13         13            12          7             6                0                  
34     39         11         11            10          6             5                1                  
35     33         8          8             8           3             2                1                  
36     35         5          5             5           2             1                0                  
37     43         2          2             2           0             0                0                  
38     40         4          4             4           4             4                3                  
39     35         10         10            10          4             4                2                  
40     31         5          5             5           0             0                0                  
41     28         5          5             5           0             0                0                  
42     45         14         14            14          5             5                3                  
43     45         14         14            14          6             6                3                  
44     34         11         11            10          6             5                1                  
45     42         15         15            14          7             6                2                  
46     41         9          9             8           3             3                1                  
47     40         5          5             5           0             0                0                  
48     60         12         12            12          5             4                2                  
49     63         14         14            14          5             4                2                  
50     54         16         16            16          7             7                4                  
51     52         14         14            14          7             7                4                  
52     43         8          8             8           1             1                0                  
53     47         11         11            11          3             3                1                  
54     55         19         19            19          6             6                2                  
55     43         14         14            14          6             6                3                  
56     35         9          9             9           2             2                1                  
57     43         16         16            16          4             3                2                  
58     50         14         14            14          4             3                2                  
59     42         8          8             8           4             4                3                  
60     36         11         11            11          8             8                7                  
61     32         7          7             7           3             3                3                  
62     28         5          5             5           1             0                0                  
63     50         17         17            17          12            11               7                  
64     64         24         24            24          11            10               9                  
65     50         15         15            15          5             5                4                  
66     47         14         14            13          6             5                4                  
67     43         11         11            11          5             4                4                  
68     29         4          4             4           1             1                1                  
69     46         20         20            18          12            11               7                  
70     54         23         23            21          13            12               6                  
71     39         6          6             6           1             1                0                  
72     39         8          8             8           0             0                0                  
73     47         11         11            11          0             0                0                  
74     33         6          6             6           0             0                0                  
75     18         1          1             1           0             0                0                  
76     25         2          2             2           0             0                0                  
77     50         14         14            13          5             4                2                  
78     72         24         24            20          8             7                3                  
79     57         17         17            16          8             7                4                  
80     36         12         12            12          3             3                2                  
----------------------------------------------------------------------------------
SUM    3129       788        788           768         299           274              156                
----------------------------------------------------------------------------------

 Total Ripple Number: 

 Detection parameters:
     maximum_peak:    3
     maxRippleLength: 100
     detection_peaks: thrsh
     num_peaks:       3
