Trial  Det1_2SD   Det2_4SD   Det3_MaxLen   Det4_Join   Det5_Cycles   68               101                
t6_Artif_Rej Det7_Spctr_Peak 1      47         6          6             6           1             1                1                  
2      41         6          6             6           2             2                2                  
3      25         3          3             3           1             1                1                  
4      29         8          8             8           4             3                1                  
5      33         13         13            13          5             4                2                  
6      33         11         11            11          1             1                1                  
7      30         3          3             3           0             0                0                  
8      43         8          8             8           2             2                2                  
9      42         7          7             7           3             3                3                  
10     34         4          4             4           0             0                0                  
11     40         3          3             3           1             1                1                  
12     29         3          3             3           1             1                1                  
13     29         2          2             2           0             0                0                  
14     40         7          7             7           1             1                1                  
15     36         5          5             5           2             2                2                  
16     34         7          7             7           1             1                1                  
17     35         13         13            13          2             2                2                  
18     35         9          9             9           2             2                2                  
19     35         2          2             2           0             0                0                  
20     37         4          4             4           0             0                0                  
21     42         13         13            13          2             1                1                  
22     42         9          9             9           2             2                2                  
23     41         6          6             6           1             1                1                  
24     42         7          7             7           0             0                0                  
25     34         6          6             6           1             1                1                  
26     28         5          5             5           1             1                1                  
27     32         8          8             8           3             3                2                  
28     35         6          6             6           4             4                3                  
29     42         7          7             7           2             2                2                  
30     44         10         10            10          3             3                3                  
31     27         4          4             4           1             1                1                  
32     37         4          4             4           0             0                0                  
33     53         14         14            14          5             4                3                  
34     42         12         12            12          7             6                5                  
35     40         6          6             6           0             0                0                  
36     44         6          6             6           0             0                0                  
37     46         9          9             9           1             1                1                  
38     33         9          9             9           0             0                0                  
39     42         9          9             9           3             3                2                  
40     33         4          4             4           2             2                2                  
41     28         4          4             3           2             2                2                  
42     42         8          8             7           2             2                2                  
43     39         7          7             7           1             1                1                  
44     40         11         11            10          5             4                2                  
45     45         10         10            10          5             4                3                  
46     39         7          7             6           4             4                3                  
47     31         5          5             5           3             3                3                  
48     31         7          7             7           2             2                1                  
49     41         7          7             7           1             1                1                  
50     50         12         11            11          6             6                6                  
51     44         11         11            11          4             4                4                  
52     43         7          7             7           1             1                1                  
53     47         8          8             8           1             1                1                  
54     42         10         10            10          1             1                1                  
55     39         15         15            15          8             8                6                  
56     37         14         14            14          5             5                4                  
57     45         17         17            16          7             6                5                  
58     48         19         19            18          9             8                7                  
59     37         7          7             7           3             3                3                  
60     36         4          4             4           3             3                3                  
61     47         9          9             9           4             4                4                  
62     37         11         11            11          4             3                2                  
63     45         12         12            12          7             6                3                  
64     51         13         13            13          7             6                3                  
65     51         11         11            11          3             3                1                  
66     57         18         18            18          6             5                1                  
67     50         15         15            15          9             8                6                  
68     22         8          8             8           5             5                5                  
69     45         22         22            21          10            9                5                  
70     68         24         24            23          11            10               5                  
71     56         13         13            13          4             4                2                  
72     41         6          6             6           1             1                1                  
73     41         7          7             7           2             2                2                  
74     46         10         10            10          2             2                2                  
75     38         8          8             8           0             0                0                  
76     29         4          4             4           1             1                1                  
77     41         12         12            12          5             4                2                  
78     59         22         22            22          7             6                3                  
79     51         17         17            17          6             5                4                  
80     51         13         13            13          5             5                5                  
----------------------------------------------------------------------------------
SUM    3216       723        722           714         239           220              169                
----------------------------------------------------------------------------------

 Total Ripple Number: ©

 Detection parameters:
     maximum_peak:    3
     maxRippleLength: 100
     detection_peaks: thrsh
     num_peaks:       3
