Trial  Det1_2SD   Det2_4SD   Det3_MaxLen   Det4_Join   Det5_Cycles   68               101                
t6_Artif_Rej Det7_Spctr_Peak 1      39         10         10            10          4             4                4                  
2      37         5          5             5           3             3                2                  
3      40         8          8             8           4             4                4                  
4      40         12         12            12          7             7                6                  
5      33         10         10            10          2             2                1                  
6      31         9          9             9           0             0                0                  
7      30         9          9             9           4             4                4                  
8      44         17         17            16          8             7                3                  
9      39         16         16            15          9             8                4                  
10     29         12         12            12          3             3                3                  
11     32         10         10            10          4             4                2                  
12     45         17         17            17          8             7                2                  
13     53         25         25            25          13            12               6                  
14     41         12         12            12          5             4                2                  
15     57         14         14            14          4             4                3                  
16     54         14         14            14          5             4                1                  
17     42         14         14            14          6             5                2                  
18     37         12         12            12          4             3                1                  
19     34         13         13            13          2             2                1                  
20     47         16         16            14          5             4                2                  
21     63         27         27            22          12            11               4                  
22     31         6          6             6           0             0                0                  
23     35         11         11            11          4             3                0                  
24     35         10         9             9           2             1                0                  
25     37         4          4             4           1             1                0                  
26     30         6          6             6           1             1                1                  
27     23         4          4             4           2             2                2                  
28     39         9          9             9           5             5                5                  
29     61         21         21            20          12            11               4                  
30     59         23         23            21          11            10               1                  
31     49         10         10            10          2             2                1                  
32     42         6          6             6           2             2                1                  
33     39         12         12            11          4             3                0                  
34     40         16         16            14          6             5                2                  
35     35         11         11            10          3             3                2                  
36     36         8          8             8           4             4                3                  
37     45         15         15            15          6             5                3                  
38     45         12         12            12          4             3                2                  
39     28         6          6             6           0             0                0                  
40     39         10         10            10          1             1                1                  
41     30         5          5             5           0             0                0                  
42     35         10         10            10          4             4                3                  
43     35         5          5             5           1             1                1                  
44     38         4          4             4           1             1                1                  
45     39         8          8             8           2             2                2                  
46     47         13         13            13          3             2                2                  
47     46         10         10            10          3             2                2                  
48     29         3          3             3           2             2                2                  
49     34         9          9             8           3             3                2                  
50     32         9          9             8           4             4                2                  
51     33         7          7             7           4             4                3                  
52     40         17         17            15          8             7                3                  
53     49         18         18            16          6             5                2                  
54     52         11         11            10          3             2                0                  
55     44         7          7             7           2             1                0                  
56     34         4          4             4           1             1                1                  
57     44         9          9             9           3             3                2                  
58     44         12         12            12          5             5                3                  
59     34         8          8             8           4             3                3                  
60     37         5          5             5           4             3                2                  
61     28         6          6             6           4             4                2                  
62     28         5          5             5           2             2                2                  
63     36         9          9             9           4             4                3                  
64     44         7          7             7           4             4                3                  
65     35         8          8             7           4             3                2                  
66     37         13         13            11          5             4                0                  
67     51         16         16            15          7             6                2                  
68     48         19         18            16          8             7                3                  
69     41         19         19            17          7             6                3                  
70     35         7          7             7           3             3                2                  
71     40         9          9             9           3             3                1                  
72     32         6          6             6           2             2                1                  
73     31         6          6             6           3             2                1                  
74     30         4          4             4           2             1                1                  
75     33         8          8             8           2             1                0                  
76     41         11         11            11          3             2                1                  
77     42         10         10            10          6             6                5                  
78     43         10         10            10          5             5                4                  
79     38         12         12            12          4             4                3                  
80     38         11         11            10          6             6                3                  
----------------------------------------------------------------------------------
SUM    3142       852        850           818         329           294              163                
----------------------------------------------------------------------------------

 Total Ripple Number: £

 Detection parameters:
     maximum_peak:    3
     maxRippleLength: 100
     detection_peaks: thrsh
     num_peaks:       3
