Trial  Det1_2SD   Det2_4SD   Det3_MaxLen   Det4_Join   Det5_Cycles   68               101                
t6_Artif_Rej Det7_Spctr_Peak 1      34         5          5             5           1             1                1                  
2      35         7          7             7           2             2                1                  
3      37         9          9             9           4             4                2                  
4      37         8          8             8           4             4                3                  
5      35         7          7             7           1             1                1                  
6      36         7          7             7           2             2                0                  
7      35         13         13            13          2             2                1                  
8      39         16         16            15          6             5                4                  
9      43         10         10            9           5             4                3                  
10     31         6          6             6           1             1                0                  
11     43         9          9             9           2             2                0                  
12     40         10         10            10          4             3                0                  
13     34         12         12            12          6             5                1                  
14     42         12         12            12          4             4                3                  
15     45         10         10            10          3             3                2                  
16     45         11         11            11          3             3                2                  
17     39         9          9             9           1             1                0                  
18     33         2          2             2           1             1                0                  
19     32         6          6             6           3             3                1                  
20     26         8          8             8           2             2                1                  
21     37         11         11            10          2             1                0                  
22     38         3          3             3           0             0                0                  
23     42         7          7             7           4             4                3                  
24     45         10         10            10          6             6                4                  
25     34         5          5             5           2             2                0                  
26     41         9          9             9           1             1                1                  
27     35         5          5             5           2             2                2                  
28     37         5          5             5           2             1                0                  
29     53         8          8             7           4             3                1                  
30     62         16         16            15          5             4                3                  
31     39         9          9             9           3             3                2                  
32     40         8          8             8           3             3                3                  
33     34         8          8             8           3             3                3                  
34     34         5          5             5           1             1                1                  
35     37         5          5             5           0             0                0                  
36     34         2          2             2           0             0                0                  
37     46         7          7             7           3             3                3                  
38     47         8          8             8           3             3                2                  
39     40         7          7             7           3             3                2                  
40     45         6          6             6           3             3                2                  
41     42         8          8             8           3             3                2                  
42     44         9          9             9           2             2                1                  
43     39         9          9             9           5             5                4                  
44     32         5          5             5           3             3                2                  
45     35         6          6             6           2             2                2                  
46     30         7          7             6           2             1                1                  
47     28         8          8             7           2             1                1                  
48     32         10         10            10          0             0                0                  
49     41         12         12            12          3             2                2                  
50     43         9          9             9           2             1                1                  
51     41         7          7             7           2             2                1                  
52     55         17         17            17          9             8                2                  
53     53         17         17            17          9             8                2                  
54     54         14         14            14          5             4                1                  
55     48         9          9             9           3             3                3                  
56     41         6          6             6           1             1                1                  
57     45         9          9             9           2             2                1                  
58     39         13         13            13          5             4                3                  
59     36         10         10            10          4             3                3                  
60     41         11         11            11          4             4                3                  
61     40         12         12            12          4             4                4                  
62     36         6          6             6           3             2                2                  
63     38         8          8             8           2             1                1                  
64     43         9          9             9           4             4                3                  
65     34         6          6             6           4             4                3                  
66     35         9          9             9           4             4                3                  
67     45         9          9             9           5             5                4                  
68     52         13         13            13          7             6                6                  
69     46         15         15            15          6             5                5                  
70     39         8          8             8           2             2                2                  
71     36         10         10            9           3             3                2                  
72     26         5          5             5           0             0                0                  
73     24         4          4             4           1             1                1                  
74     38         11         11            11          4             4                4                  
75     45         14         14            14          5             4                4                  
76     41         9          9             9           3             2                2                  
77     34         9          9             9           2             2                1                  
78     46         10         10            10          3             3                1                  
79     62         13         13            13          4             4                2                  
80     43         8          8             8           1             0                0                  
----------------------------------------------------------------------------------
SUM    3183       705        705           697         242           218              144                
----------------------------------------------------------------------------------

 Total Ripple Number: 

 Detection parameters:
     maximum_peak:    3
     maxRippleLength: 100
     detection_peaks: thrsh
     num_peaks:       3
