Trial  Det1_2SD   Det2_4SD   Det3_MaxLen   Det4_Join   Det5_Cycles   68               101                
t6_Artif_Rej Det7_Spctr_Peak 1      36         11         11            11          2             2                0                  
2      33         5          5             5           0             0                0                  
3      20         5          5             4           2             2                1                  
4      25         6          6             6           2             2                2                  
5      26         4          4             4           2             2                2                  
6      33         9          9             9           2             2                1                  
7      43         11         11            10          4             3                3                  
8      37         13         13            13          7             6                2                  
9      41         15         15            13          8             7                2                  
10     30         9          9             7           4             3                2                  
11     30         9          9             9           1             1                1                  
12     44         12         12            12          5             4                2                  
13     46         16         16            15          9             8                4                  
14     34         16         16            14          6             5                3                  
15     43         16         16            11          6             5                3                  
16     50         19         19            17          7             7                4                  
17     47         18         18            15          10            10               5                  
18     36         14         14            12          7             6                2                  
19     42         13         13            13          5             4                1                  
20     35         10         10            10          4             3                1                  
21     49         14         14            13          8             7                2                  
22     36         4          4             4           0             0                0                  
23     37         11         11            10          1             1                1                  
24     41         8          8             8           1             1                1                  
25     39         6          6             6           2             1                0                  
26     42         13         13            13          6             5                3                  
27     41         14         14            14          6             5                1                  
28     33         10         10            10          4             4                0                  
29     60         22         22            21          11            10               3                  
30     57         26         26            24          13            12               4                  
31     39         9          9             9           3             2                1                  
32     32         6          6             6           1             1                0                  
33     31         8          8             8           3             3                1                  
34     44         12         12            10          4             4                1                  
35     50         14         14            12          5             4                2                  
36     41         10         10            10          2             1                1                  
37     45         10         10            10          3             3                1                  
38     41         14         14            14          9             8                3                  
39     32         13         13            13          7             6                2                  
40     42         11         11            10          5             4                2                  
41     37         8          8             8           4             4                1                  
42     19         3          3             2           1             1                0                  
43     17         2          2             2           1             1                1                  
44     17         5          5             5           0             0                0                  
45     19         4          4             4           0             0                0                  
46     33         8          8             8           3             3                1                  
47     34         8          8             8           2             2                1                  
48     31         8          8             8           2             2                1                  
49     42         15         15            15          4             4                3                  
50     47         21         21            21          5             5                3                  
51     37         12         12            12          4             4                0                  
52     37         16         16            16          6             5                3                  
53     42         15         15            15          6             5                4                  
54     48         14         14            14          4             3                2                  
55     48         19         19            19          7             6                3                  
56     38         14         14            14          6             6                3                  
57     47         13         13            13          7             6                3                  
58     53         14         14            14          7             6                2                  
59     34         8          8             7           2             2                0                  
60     42         14         14            14          5             4                3                  
61     41         10         10            10          4             3                2                  
62     35         10         10            9           3             3                0                  
63     30         11         11            8           3             3                0                  
64     33         11         11            11          4             3                2                  
65     35         9          9             9           3             2                1                  
66     37         11         11            11          3             2                1                  
67     44         19         19            16          9             9                5                  
68     49         19         19            16          9             9                5                  
69     42         12         12            12          3             3                2                  
70     45         9          9             8           2             1                1                  
71     37         8          8             7           1             0                0                  
72     24         6          6             6           2             1                0                  
73     28         8          8             8           3             2                1                  
74     25         8          8             8           3             2                1                  
75     29         9          9             9           4             3                2                  
76     43         12         12            12          7             6                4                  
77     46         13         13            13          7             6                4                  
78     36         8          8             8           4             4                3                  
79     27         5          5             5           1             1                1                  
80     40         9          9             9           4             4                3                  
----------------------------------------------------------------------------------
SUM    3011       894        894           849         342           300              142                
----------------------------------------------------------------------------------

 Total Ripple Number: 

 Detection parameters:
     maximum_peak:    3
     maxRippleLength: 100
     detection_peaks: thrsh
     num_peaks:       3
