Trial  Det1_2SD   Det2_4SD   Det3_MaxLen   Det4_Join   Det5_Cycles   68               101                
t6_Artif_Rej Det7_Spctr_Peak 1      40         8          8             8           2             2                2                  
2      31         11         11            11          1             1                0                  
3      36         8          8             8           1             1                0                  
4      34         10         10            10          3             3                1                  
5      41         11         11            11          4             4                2                  
6      48         10         10            10          2             2                1                  
7      53         10         10            9           5             4                2                  
8      50         10         10            10          4             3                2                  
9      39         16         16            15          6             5                3                  
10     42         9          9             7           3             2                2                  
11     34         5          5             5           2             2                2                  
12     45         10         10            10          1             1                1                  
13     55         12         12            12          3             3                3                  
14     32         8          8             8           5             4                3                  
15     30         9          9             9           4             3                2                  
16     34         10         10            10          3             3                2                  
17     37         8          8             8           2             2                2                  
18     36         11         11            10          2             1                0                  
19     37         14         14            13          5             4                4                  
20     35         11         11            11          5             5                5                  
21     47         19         19            17          6             5                3                  
22     33         5          5             5           2             2                2                  
23     34         5          5             5           1             1                1                  
24     39         10         10            10          6             6                5                  
25     41         14         14            12          7             6                5                  
26     51         16         16            13          5             4                4                  
27     49         15         15            14          7             6                4                  
28     39         11         11            11          5             5                4                  
29     40         17         17            17          7             6                3                  
30     45         18         18            18          8             7                4                  
31     48         8          8             8           2             1                1                  
32     38         6          6             6           2             2                1                  
33     35         8          8             7           4             4                1                  
34     39         8          8             7           3             3                1                  
35     41         10         10            10          3             2                2                  
36     42         8          8             8           4             3                2                  
37     45         7          7             7           1             1                0                  
38     43         13         13            13          3             2                0                  
39     37         10         10            10          2             1                0                  
40     31         7          7             7           2             2                2                  
41     29         8          8             8           4             4                4                  
42     30         10         10            10          2             2                1                  
43     45         13         13            13          1             1                1                  
44     38         7          7             7           2             2                2                  
45     30         6          6             6           1             1                1                  
46     36         10         10            10          2             2                1                  
47     35         10         10            10          0             0                0                  
48     38         7          7             7           0             0                0                  
49     49         9          9             9           1             1                0                  
50     55         7          7             7           0             0                0                  
51     43         5          5             5           3             3                2                  
52     43         9          9             9           5             5                4                  
53     42         12         12            12          5             5                4                  
54     43         15         15            15          3             2                1                  
55     38         12         12            12          2             2                2                  
56     38         5          5             5           2             2                2                  
57     58         13         13            13          6             5                5                  
58     55         15         15            15          6             5                5                  
59     31         5          5             5           2             2                0                  
60     37         9          9             9           5             4                1                  
61     33         9          9             9           4             3                3                  
62     41         7          7             7           1             1                1                  
63     43         4          4             4           1             1                1                  
64     42         5          5             5           1             1                1                  
65     36         6          6             6           1             1                1                  
66     35         6          6             6           2             1                1                  
67     48         13         13            13          6             5                3                  
68     54         13         13            13          4             4                2                  
69     36         5          5             5           1             1                1                  
70     38         7          7             5           2             1                0                  
71     46         9          9             7           2             1                0                  
72     32         7          7             7           1             1                1                  
73     49         7          7             7           1             1                0                  
74     42         9          9             9           1             0                0                  
75     41         8          8             8           2             1                0                  
76     49         18         18            18          10            9                4                  
77     38         15         15            15          7             6                1                  
78     31         5          5             5           1             1                1                  
79     44         6          6             6           0             0                0                  
80     38         5          5             5           1             1                1                  
----------------------------------------------------------------------------------
SUM    3235       767        767           747         244           212              142                
----------------------------------------------------------------------------------

 Total Ripple Number: 

 Detection parameters:
     maximum_peak:    3
     maxRippleLength: 100
     detection_peaks: thrsh
     num_peaks:       3
