Trial  Det1_2SD   Det2_4SD   Det3_MaxLen   Det4_Join   Det5_Cycles   68               101                
t6_Artif_Rej Det7_Spctr_Peak 1      26         3          3             3           0             0                0                  
2      14         2          2             2           0             0                0                  
3      15         3          3             3           0             0                0                  
4      12         3          3             3           0             0                0                  
5      16         2          2             2           0             0                0                  
6      9          1          1             1           0             0                0                  
7      24         8          8             8           4             4                3                  
8      26         8          8             8           3             3                3                  
9      24         7          7             7           2             2                2                  
10     25         11         11            11          2             2                1                  
11     13         0          0             0           0             0                0                  
12     33         8          8             7           3             2                1                  
13     42         12         12            11          5             4                2                  
14     35         8          8             8           3             3                2                  
15     49         11         11            11          6             5                4                  
16     36         18         17            16          6             5                4                  
17     33         16         16            15          7             6                4                  
18     36         10         10            9           4             3                1                  
19     41         14         14            13          5             4                2                  
20     31         14         14            13          7             6                5                  
21     45         17         17            16          7             6                2                  
22     30         4          4             4           1             1                0                  
23     32         7          7             7           2             2                1                  
24     35         12         12            12          6             5                4                  
25     42         16         16            16          6             5                4                  
26     39         14         14            14          4             4                3                  
27     39         4          4             4           2             2                2                  
28     49         13         13            11          5             4                3                  
29     49         22         22            20          10            9                4                  
30     54         30         30            29          16            15               9                  
31     47         19         19            18          9             8                5                  
32     51         13         13            12          5             4                2                  
33     44         13         13            13          7             6                3                  
34     45         13         13            13          7             6                3                  
35     44         12         12            12          7             6                5                  
36     42         11         11            11          6             6                5                  
37     47         13         13            12          8             8                5                  
38     44         12         12            11          7             7                6                  
39     31         5          5             5           3             3                1                  
40     41         13         13            11          4             4                4                  
41     36         10         10            9           4             4                3                  
42     27         6          6             6           1             1                1                  
43     17         5          5             5           2             2                1                  
44     21         5          5             5           0             0                0                  
45     31         8          8             8           1             1                0                  
46     36         13         13            13          4             4                2                  
47     36         15         15            15          7             7                4                  
48     32         10         10            10          3             3                2                  
49     30         9          9             9           3             2                2                  
50     52         19         19            18          11            10               6                  
51     52         16         16            15          10            9                3                  
52     43         13         13            13          2             2                1                  
53     54         13         13            13          2             2                1                  
54     63         14         14            14          3             3                1                  
55     53         14         14            14          4             4                2                  
56     38         10         10            10          5             5                1                  
57     54         26         26            23          9             8                3                  
58     61         32         32            29          12            11               5                  
59     33         13         13            13          6             6                4                  
60     39         10         10            9           5             4                3                  
61     55         14         14            13          8             7                6                  
62     29         8          8             8           4             4                4                  
63     27         7          7             7           6             6                5                  
64     38         8          8             8           4             4                3                  
65     43         12         12            12          6             5                2                  
66     56         18         18            18          12            11               4                  
67     64         27         27            27          11            10               4                  
68     47         21         21            20          5             5                1                  
69     28         6          6             5           2             2                0                  
70     27         6          6             6           2             2                0                  
71     32         11         11            11          3             3                1                  
72     25         8          8             8           3             3                3                  
73     25         5          5             5           3             3                3                  
74     28         7          7             7           4             4                4                  
75     40         9          9             9           4             4                3                  
76     49         18         18            17          8             7                3                  
77     44         18         18            17          7             6                4                  
78     27         10         10            10          3             3                3                  
79     28         6          6             5           2             2                1                  
80     52         9          9             7           3             2                0                  
----------------------------------------------------------------------------------
SUM    2962       911        910           873         373           341              204                
----------------------------------------------------------------------------------

 Total Ripple Number: Ì

 Detection parameters:
     maximum_peak:    3
     maxRippleLength: 100
     detection_peaks: thrsh
     num_peaks:       3
