Trial  Det1_2SD   Det2_4SD   Det3_MaxLen   Det4_Join   Det5_Cycles   68               101                
t6_Artif_Rej Det7_Spctr_Peak 1      42         10         10            10          0             0                0                  
2      42         5          5             5           2             2                2                  
3      33         12         12            12          4             4                1                  
4      27         5          5             5           1             1                1                  
5      26         3          3             3           0             0                0                  
6      28         9          9             9           0             0                0                  
7      40         13         13            13          2             2                1                  
8      38         9          9             9           3             3                2                  
9      38         9          9             9           2             1                1                  
10     38         6          6             6           2             1                0                  
11     36         8          8             8           3             3                2                  
12     34         12         12            12          3             3                3                  
13     37         9          9             9           2             2                2                  
14     36         6          6             6           3             3                3                  
15     40         6          6             6           3             3                3                  
16     39         5          5             5           1             1                1                  
17     41         6          6             6           1             1                1                  
18     37         10         10            10          2             2                1                  
19     31         5          5             5           1             1                1                  
20     34         7          7             7           4             4                4                  
21     39         14         14            13          7             6                5                  
22     32         9          9             9           0             0                0                  
23     32         9          9             9           1             1                1                  
24     35         9          9             9           1             1                1                  
25     44         13         13            13          3             3                1                  
26     50         14         14            14          4             4                2                  
27     47         12         12            12          3             3                3                  
28     45         10         10            10          1             1                1                  
29     32         9          9             9           2             2                1                  
30     31         9          9             9           2             1                1                  
31     42         6          6             5           1             0                0                  
32     52         11         11            11          2             2                1                  
33     41         13         13            12          5             5                4                  
34     40         11         11            10          4             4                3                  
35     40         9          8             8           2             2                2                  
36     36         3          3             3           0             0                0                  
37     51         3          3             3           0             0                0                  
38     49         6          6             6           2             2                1                  
39     43         10         10            10          4             4                3                  
40     41         10         10            10          1             1                1                  
41     38         6          6             6           1             1                1                  
42     51         8          8             8           2             2                2                  
43     47         12         12            12          3             3                2                  
44     42         10         10            10          5             5                3                  
45     26         3          3             3           0             0                0                  
46     30         4          4             4           0             0                0                  
47     38         5          5             5           2             2                2                  
48     52         9          9             9           3             3                3                  
49     51         7          7             7           1             1                1                  
50     47         8          8             8           1             1                0                  
51     48         9          9             9           2             2                1                  
52     47         6          6             6           1             1                0                  
53     40         6          6             6           1             1                1                  
54     41         7          7             7           4             4                3                  
55     50         9          9             9           4             4                1                  
56     47         13         13            13          2             2                0                  
57     51         15         15            15          5             5                3                  
58     43         12         12            11          5             5                3                  
59     31         4          4             4           0             0                0                  
60     38         9          9             9           2             2                2                  
61     42         11         11            11          4             4                3                  
62     40         9          9             9           3             3                1                  
63     37         5          5             5           0             0                0                  
64     36         4          4             4           0             0                0                  
65     30         4          4             4           0             0                0                  
66     31         7          7             7           1             1                0                  
67     38         11         11            11          3             3                2                  
68     40         15         15            15          3             3                3                  
69     38         10         10            10          2             2                2                  
70     37         6          6             6           4             4                4                  
71     29         2          2             2           2             2                2                  
72     39         6          6             6           0             0                0                  
73     40         9          9             9           2             2                2                  
74     39         10         10            10          3             3                2                  
75     48         9          9             9           2             2                0                  
76     43         6          6             6           1             1                1                  
77     34         7          7             7           2             2                2                  
78     41         10         10            10          4             4                3                  
79     49         15         15            15          5             5                4                  
80     52         8          8             8           3             3                3                  
----------------------------------------------------------------------------------
SUM    3180       671        670           665         172           167              122                
----------------------------------------------------------------------------------

 Total Ripple Number: z

 Detection parameters:
     maximum_peak:    3
     maxRippleLength: 100
     detection_peaks: thrsh
     num_peaks:       3
