Trial  Det1_2SD   Det2_4SD   Det3_MaxLen   Det4_Join   Det5_Cycles   68               101                
t6_Artif_Rej Det7_Spctr_Peak 1      36         4          4             4           1             1                1                  
2      39         4          4             4           1             1                1                  
3      45         8          8             8           1             1                1                  
4      43         7          7             7           2             2                1                  
5      37         8          8             8           4             4                2                  
6      28         7          7             7           4             4                1                  
7      32         8          8             8           2             2                0                  
8      24         8          8             8           1             1                0                  
9      38         7          7             7           2             2                1                  
10     45         3          3             3           1             1                1                  
11     40         12         12            12          2             2                2                  
12     31         10         10            10          1             1                0                  
13     35         8          8             8           2             2                0                  
14     37         9          9             9           3             3                1                  
15     32         3          3             3           0             0                0                  
16     28         6          6             6           2             2                1                  
17     30         8          8             8           4             4                4                  
18     35         13         13            13          4             3                3                  
19     35         11         11            11          5             4                4                  
20     35         7          7             7           1             1                1                  
21     36         5          5             5           2             2                0                  
22     44         9          9             9           4             4                2                  
23     32         6          6             6           2             2                1                  
24     36         10         10            10          2             2                1                  
25     33         4          4             4           0             0                0                  
26     37         7          7             7           1             1                1                  
27     42         6          6             6           3             3                1                  
28     35         4          4             4           1             1                1                  
29     33         7          7             7           4             4                2                  
30     47         10         10            10          2             2                0                  
31     50         11         11            11          1             0                0                  
32     44         9          9             9           3             3                2                  
33     34         6          6             6           3             3                2                  
34     37         3          3             3           0             0                0                  
35     42         8          8             8           1             1                1                  
36     43         12         12            12          1             1                1                  
37     42         11         11            11          2             2                2                  
38     38         8          8             7           4             4                4                  
39     47         10         10            10          2             2                1                  
40     30         5          5             5           1             1                1                  
41     42         5          5             5           2             2                2                  
42     44         7          7             7           2             2                2                  
43     49         9          9             9           1             1                1                  
44     37         7          7             7           2             2                2                  
45     33         5          5             5           1             1                1                  
46     39         5          5             5           2             2                1                  
47     33         7          7             7           2             2                1                  
48     34         4          4             4           3             3                2                  
49     37         6          6             6           3             3                2                  
50     39         9          9             9           4             4                3                  
51     47         10         10            10          5             5                2                  
52     48         10         10            10          4             4                2                  
53     38         11         11            11          2             2                1                  
54     48         8          8             8           1             1                0                  
55     51         7          7             7           1             1                0                  
56     30         6          6             6           2             2                1                  
57     52         17         17            16          4             3                2                  
58     58         18         18            16          5             4                3                  
59     41         12         12            12          4             4                4                  
60     37         6          6             6           3             3                2                  
61     44         4          4             4           1             1                1                  
62     35         5          5             5           2             2                2                  
63     28         7          7             7           2             2                2                  
64     38         9          9             9           2             2                2                  
65     39         9          9             9           3             3                2                  
66     40         13         13            13          6             6                4                  
67     35         9          9             9           5             5                3                  
68     32         6          6             6           1             1                1                  
69     40         5          5             5           1             1                1                  
70     53         12         12            12          3             3                2                  
71     43         15         15            15          3             3                2                  
72     32         6          6             6           1             1                1                  
73     35         5          5             5           2             2                2                  
74     36         9          9             9           2             2                2                  
75     31         8          8             8           2             2                1                  
76     39         7          7             7           1             1                0                  
77     39         4          4             4           0             0                0                  
78     42         6          6             6           1             1                0                  
79     47         11         11            11          1             1                0                  
80     44         9          9             9           2             2                2                  
----------------------------------------------------------------------------------
SUM    3096       630        630           626         176           171              112                
----------------------------------------------------------------------------------

 Total Ripple Number: p

 Detection parameters:
     maximum_peak:    3
     maxRippleLength: 100
     detection_peaks: thrsh
     num_peaks:       3
