Trial  Det1_2SD   Det2_4SD   Det3_MaxLen   Det4_Join   Det5_Cycles   68               101                
t6_Artif_Rej Det7_Spctr_Peak 1      36         7          7             7           2             2                1                  
2      42         5          5             5           2             2                2                  
3      41         8          8             8           3             3                3                  
4      38         10         10            10          2             2                2                  
5      33         10         10            10          3             3                3                  
6      36         13         13            13          3             3                2                  
7      40         8          8             8           1             1                0                  
8      25         0          0             0           0             0                0                  
9      38         8          8             8           1             1                1                  
10     34         10         10            10          1             1                1                  
11     42         8          8             8           0             0                0                  
12     43         10         10            10          2             2                2                  
13     37         10         10            10          4             4                2                  
14     33         9          9             9           1             1                0                  
15     29         7          7             7           1             1                1                  
16     27         4          4             4           0             0                0                  
17     27         6          6             6           3             3                2                  
18     31         7          7             7           2             1                1                  
19     43         13         13            13          4             3                3                  
20     35         9          9             9           2             2                2                  
21     30         4          4             4           1             0                0                  
22     43         8          8             8           3             3                3                  
23     37         5          5             5           1             1                1                  
24     36         7          7             7           1             1                1                  
25     30         5          5             5           1             1                1                  
26     33         10         10            10          4             4                4                  
27     43         11         11            11          4             4                3                  
28     42         5          5             5           2             2                2                  
29     39         8          8             8           4             3                3                  
30     47         10         10            10          5             4                3                  
31     50         10         10            10          5             5                4                  
32     42         5          5             5           3             3                3                  
33     35         3          3             3           0             0                0                  
34     29         4          4             4           0             0                0                  
35     32         5          5             5           0             0                0                  
36     33         7          7             7           1             1                1                  
37     36         7          7             7           2             2                1                  
38     41         8          8             8           2             2                2                  
39     44         10         10            10          4             4                4                  
40     25         4          4             4           1             1                1                  
41     28         4          4             4           0             0                0                  
42     43         7          7             7           1             1                1                  
43     50         13         13            13          5             5                3                  
44     33         9          9             9           4             4                2                  
45     31         5          5             5           1             1                1                  
46     44         7          7             7           1             1                1                  
47     42         8          8             8           1             1                0                  
48     35         7          7             7           1             1                0                  
49     39         7          7             7           2             2                1                  
50     45         9          9             9           4             4                3                  
51     57         13         13            13          4             4                2                  
52     56         17         17            17          6             6                4                  
53     41         14         14            14          5             5                4                  
54     51         12         12            12          3             3                3                  
55     53         12         12            12          2             2                2                  
56     34         7          7             7           2             2                2                  
57     42         9          9             9           5             4                4                  
58     52         12         12            12          5             4                4                  
59     37         9          9             9           4             4                3                  
60     35         7          7             7           2             2                2                  
61     47         9          9             9           2             2                2                  
62     41         8          8             8           5             5                5                  
63     34         11         11            11          5             5                5                  
64     44         13         13            13          3             3                2                  
65     45         10         10            10          3             3                3                  
66     37         8          8             8           2             2                1                  
67     34         7          7             7           1             1                0                  
68     35         9          9             9           3             3                2                  
69     41         7          7             7           3             3                2                  
70     55         13         13            12          5             5                3                  
71     48         10         10            9           4             4                3                  
72     25         1          1             1           0             0                0                  
73     31         6          6             6           1             1                1                  
74     50         15         15            14          3             3                3                  
75     39         11         11            10          2             2                2                  
76     32         5          5             5           2             2                0                  
77     36         7          7             7           2             2                0                  
78     37         13         13            13          3             3                2                  
79     41         15         15            15          4             4                3                  
80     39         11         11            11          3             3                2                  
----------------------------------------------------------------------------------
SUM    3096       675        675           671         195           188              148                
----------------------------------------------------------------------------------

 Total Ripple Number: 

 Detection parameters:
     maximum_peak:    3
     maxRippleLength: 100
     detection_peaks: thrsh
     num_peaks:       3
