Trial  Det1_2SD   Det2_4SD   Det3_MaxLen   Det4_Join   Det5_Cycles   68               101                
t6_Artif_Rej Det7_Spctr_Peak 1      43         6          6             6           1             1                1                  
2      48         15         15            15          3             3                2                  
3      42         5          5             5           0             0                0                  
4      37         6          6             6           0             0                0                  
5      38         10         10            10          2             2                2                  
6      30         8          8             8           0             0                0                  
7      34         10         10            10          2             2                1                  
8      26         3          3             3           1             1                0                  
9      31         10         10            10          3             3                0                  
10     41         11         11            11          3             3                0                  
11     62         15         15            14          4             4                1                  
12     36         4          4             4           4             4                2                  
13     29         5          5             5           2             2                0                  
14     43         11         11            11          4             4                3                  
15     32         5          5             5           2             2                2                  
16     30         7          7             7           3             3                1                  
17     26         8          8             8           4             4                2                  
18     37         10         10            10          3             3                3                  
19     36         8          8             8           2             2                2                  
20     36         10         10            10          3             3                2                  
21     30         9          9             9           4             4                1                  
22     43         4          4             4           1             1                1                  
23     31         1          1             1           0             0                0                  
24     31         4          4             4           0             0                0                  
25     34         6          6             6           1             1                0                  
26     29         7          7             7           3             2                0                  
27     42         10         10            10          4             4                2                  
28     45         12         12            12          3             3                1                  
29     27         8          8             8           3             2                1                  
30     36         12         12            12          9             9                6                  
31     40         11         11            11          6             5                3                  
32     37         12         12            12          3             3                0                  
33     36         10         10            10          2             2                0                  
34     27         4          4             4           1             1                1                  
35     34         8          8             8           2             2                1                  
36     43         10         10            10          1             1                0                  
37     42         8          8             8           3             3                2                  
38     31         8          8             8           4             4                3                  
39     35         8          8             7           4             3                2                  
40     37         4          4             4           1             1                0                  
41     35         4          4             4           0             0                0                  
42     36         9          9             9           4             4                2                  
43     42         10         10            10          5             5                3                  
44     41         13         13            13          5             5                3                  
45     43         9          9             9           4             4                2                  
46     39         7          7             7           3             3                1                  
47     38         6          6             6           1             1                1                  
48     43         5          5             5           0             0                0                  
49     39         5          5             5           3             3                2                  
50     40         8          8             8           3             3                1                  
51     59         17         17            17          6             6                3                  
52     68         24         24            24          6             6                3                  
53     46         13         13            13          1             1                1                  
54     44         15         15            15          5             5                4                  
55     47         18         18            18          5             5                3                  
56     27         6          6             6           2             2                0                  
57     34         6          6             6           3             2                0                  
58     46         9          9             9           4             3                1                  
59     38         9          9             9           1             1                1                  
60     36         5          5             5           0             0                0                  
61     49         6          6             6           1             1                1                  
62     41         6          6             6           4             4                1                  
63     32         7          7             7           4             4                1                  
64     34         8          8             8           6             6                3                  
65     36         6          6             6           3             3                2                  
66     32         5          5             5           0             0                0                  
67     24         4          4             4           1             1                1                  
68     33         7          7             7           4             4                1                  
69     39         11         11            10          4             4                1                  
70     52         16         16            15          6             6                1                  
71     47         16         16            14          6             6                1                  
72     31         9          9             8           1             1                1                  
73     35         9          8             7           1             1                1                  
74     36         11         11            11          3             3                0                  
75     34         8          8             8           3             3                0                  
76     39         5          5             5           2             2                1                  
77     38         6          6             6           2             2                1                  
78     52         12         12            12          5             5                1                  
79     62         19         19            19          7             7                2                  
80     42         14         14            13          6             6                2                  
----------------------------------------------------------------------------------
SUM    3076       706        705           696         231           225              101                
----------------------------------------------------------------------------------

 Total Ripple Number: e

 Detection parameters:
     maximum_peak:    3
     maxRippleLength: 100
     detection_peaks: thrsh
     num_peaks:       3
