Trial  Det1_2SD   Det2_4SD   Det3_MaxLen   Det4_Join   Det5_Cycles   68               101                
t6_Artif_Rej Det7_Spctr_Peak 1      50         14         14            14          3             3                3                  
2      50         8          8             8           3             3                1                  
3      50         12         12            12          4             4                2                  
4      49         9          9             9           2             2                1                  
5      38         5          5             5           1             1                1                  
6      38         6          6             6           2             2                2                  
7      37         5          5             5           1             1                0                  
8      34         3          3             3           1             1                0                  
9      36         6          6             6           1             1                1                  
10     42         7          7             7           1             1                1                  
11     49         10         10            10          3             3                1                  
12     35         5          5             5           0             0                0                  
13     37         5          5             5           1             1                0                  
14     41         9          9             9           5             5                3                  
15     49         7          7             7           2             2                1                  
16     44         6          6             6           1             1                1                  
17     45         10         10            9           2             2                1                  
18     41         5          5             4           1             1                1                  
19     32         5          5             5           0             0                0                  
20     30         5          5             5           0             0                0                  
21     27         5          5             5           1             1                1                  
22     47         10         10            10          2             2                1                  
23     31         8          8             8           1             1                1                  
24     30         5          5             5           0             0                0                  
25     40         4          4             4           1             1                1                  
26     50         10         10            10          4             4                4                  
27     41         12         12            12          3             3                2                  
28     27         6          6             6           2             2                1                  
29     25         2          2             2           1             1                0                  
30     30         9          9             9           3             3                1                  
31     44         10         10            10          5             5                3                  
32     38         9          9             9           4             4                2                  
33     28         5          5             5           1             1                1                  
34     26         7          7             7           3             3                3                  
35     29         7          7             7           3             3                3                  
36     37         7          7             7           2             2                1                  
37     41         8          8             8           2             2                1                  
38     40         5          5             5           1             1                1                  
39     39         6          6             6           2             2                2                  
40     37         8          8             8           1             1                0                  
41     41         9          9             9           1             1                0                  
42     56         9          9             9           6             6                5                  
43     59         10         10            10          3             3                2                  
44     45         8          8             8           1             1                0                  
45     34         7          7             7           1             1                0                  
46     29         7          7             7           1             1                0                  
47     28         5          5             5           0             0                0                  
48     34         6          6             6           0             0                0                  
49     42         6          6             6           2             2                2                  
50     40         12         12            12          4             4                3                  
51     45         15         15            15          6             6                4                  
52     48         14         14            14          5             5                5                  
53     41         9          9             9           1             1                1                  
54     46         9          9             9           2             2                2                  
55     51         7          7             7           2             2                2                  
56     30         3          3             3           1             1                1                  
57     25         1          1             1           0             0                0                  
58     33         5          5             5           1             1                1                  
59     34         8          8             8           4             4                4                  
60     32         6          6             6           3             3                3                  
61     42         4          4             4           2             2                2                  
62     42         7          7             7           4             4                3                  
63     32         6          6             6           4             4                1                  
64     37         8          7             7           2             2                0                  
65     41         7          7             6           2             2                1                  
66     39         9          9             8           3             3                1                  
67     37         7          7             7           4             4                0                  
68     40         9          9             9           4             4                1                  
69     52         11         11            11          1             1                1                  
70     62         17         17            17          3             3                1                  
71     42         15         15            15          4             4                2                  
72     46         11         11            11          4             4                3                  
73     54         9          9             9           5             5                5                  
74     49         7          7             7           1             1                1                  
75     47         11         11            11          1             1                0                  
76     36         8          8             8           1             1                0                  
77     39         4          4             4           0             0                0                  
78     50         10         10            9           4             4                1                  
79     45         14         14            13          3             3                1                  
80     39         10         10            10          2             2                1                  
----------------------------------------------------------------------------------
SUM    3198       625        624           618         174           174              109                
----------------------------------------------------------------------------------

 Total Ripple Number: m

 Detection parameters:
     maximum_peak:    3
     maxRippleLength: 100
     detection_peaks: thrsh
     num_peaks:       3
