Trial  Det1_2SD   Det2_4SD   Det3_MaxLen   Det4_Join   Det5_Cycles   68               101                
t6_Artif_Rej Det7_Spctr_Peak 1      52         15         15            15          3             3                2                  
2      54         16         16            16          6             6                6                  
3      61         19         19            17          8             8                6                  
4      49         12         12            12          4             4                4                  
5      56         12         12            12          5             5                4                  
6      54         11         11            11          4             4                3                  
7      54         10         10            10          3             3                2                  
8      45         7          7             7           1             1                1                  
9      43         12         12            12          1             1                1                  
10     49         13         13            13          3             3                3                  
11     43         11         11            11          4             4                4                  
12     31         7          7             7           2             2                2                  
13     39         6          6             6           2             2                1                  
14     45         7          7             7           0             0                0                  
15     37         11         11            11          3             2                0                  
16     34         11         11            11          4             3                1                  
17     31         14         14            14          5             4                3                  
18     31         11         11            11          4             3                3                  
19     36         8          8             8           2             2                2                  
20     34         9          9             9           2             2                1                  
21     23         6          6             6           1             1                0                  
22     13         1          1             1           0             0                0                  
23     22         6          6             6           3             2                1                  
24     34         7          7             7           3             2                1                  
25     34         3          3             3           0             0                0                  
26     42         4          4             4           0             0                0                  
27     48         8          8             8           3             3                2                  
28     50         13         13            10          4             4                3                  
29     51         18         18            18          7             7                7                  
30     25         5          5             5           0             0                0                  
31     40         4          4             4           0             0                0                  
32     38         11         11            11          4             4                4                  
33     32         13         13            13          3             3                2                  
34     37         13         13            13          3             3                2                  
35     40         14         14            14          5             4                3                  
36     39         11         11            11          4             4                3                  
37     35         3          3             3           1             1                1                  
38     23         4          4             4           1             1                1                  
39     24         7          7             7           2             2                2                  
40     34         8          8             8           3             3                3                  
41     35         9          9             8           4             3                2                  
42     43         14         14            13          3             2                0                  
43     41         14         14            14          5             4                1                  
44     30         11         11            11          5             4                2                  
45     39         8          8             8           2             2                2                  
46     47         14         14            14          1             1                1                  
47     46         20         20            20          2             2                2                  
48     49         15         15            15          4             3                2                  
49     26         4          4             4           0             0                0                  
50     32         7          7             7           3             3                2                  
51     37         8          8             8           1             1                0                  
52     22         4          4             4           1             1                1                  
53     23         7          7             7           1             1                1                  
54     37         9          9             9           3             3                3                  
55     46         12         12            12          4             4                4                  
56     26         5          5             5           3             3                3                  
57     36         6          6             6           1             1                1                  
58     30         8          8             8           2             1                0                  
59     38         8          8             8           4             3                2                  
60     39         10         10            10          3             2                2                  
61     39         12         12            12          1             1                1                  
62     36         8          8             8           0             0                0                  
63     34         5          5             5           1             1                1                  
64     36         7          7             6           3             2                1                  
65     62         21         21            20          3             2                0                  
66     82         39         39            38          4             4                2                  
67     70         23         23            23          5             5                4                  
68     47         15         15            14          6             5                4                  
69     34         9          9             8           4             3                2                  
70     33         7          7             7           0             0                0                  
71     30         9          9             9           0             0                0                  
72     23         4          4             4           0             0                0                  
73     39         7          7             7           2             2                1                  
74     40         6          6             6           2             2                1                  
75     35         8          8             8           1             1                1                  
76     33         4          4             4           1             1                1                  
77     33         6          6             5           3             2                0                  
78     26         5          5             5           3             2                1                  
79     38         8          8             8           0             0                0                  
80     41         9          9             9           0             0                0                  
----------------------------------------------------------------------------------
SUM    3095       786        786           773         204           183              135                
----------------------------------------------------------------------------------

 Total Ripple Number: 

 Detection parameters:
     maximum_peak:    3
     maxRippleLength: 100
     detection_peaks: thrsh
     num_peaks:       3
