Trial  Det1_2SD   Det2_4SD   Det3_MaxLen   Det4_Join   Det5_Cycles   68               101                
t6_Artif_Rej Det7_Spctr_Peak 1      33         14         14            14          4             3                0                  
2      27         8          8             8           3             3                1                  
3      31         7          7             7           2             2                1                  
4      30         4          4             4           1             1                0                  
5      35         5          5             5           2             2                0                  
6      38         9          9             9           2             2                1                  
7      38         10         10            10          0             0                0                  
8      31         8          8             8           1             1                0                  
9      40         8          8             8           1             1                0                  
10     36         7          7             7           2             2                1                  
11     29         6          6             6           2             2                1                  
12     28         3          3             3           0             0                0                  
13     38         4          4             4           0             0                0                  
14     41         8          8             7           4             4                4                  
15     35         6          6             6           3             2                1                  
16     46         8          8             8           2             1                1                  
17     45         13         13            13          4             3                1                  
18     40         9          9             9           3             2                0                  
19     39         9          9             9           1             1                0                  
20     45         16         16            15          4             3                0                  
21     56         21         21            19          7             6                4                  
22     34         10         10            10          4             4                3                  
23     33         11         11            11          5             4                3                  
24     38         9          9             9           4             3                2                  
25     34         9          9             8           3             3                3                  
26     41         10         10            9           3             3                2                  
27     42         13         13            13          4             4                3                  
28     43         15         15            15          6             6                4                  
29     34         6          6             6           1             1                1                  
30     36         9          9             9           4             4                2                  
31     26         7          7             7           3             3                2                  
32     22         5          5             5           2             2                2                  
33     24         5          5             5           3             3                2                  
34     28         6          6             6           2             2                1                  
35     41         10         10            10          3             3                2                  
36     39         13         13            13          5             5                3                  
37     38         13         13            13          4             4                3                  
38     30         8          8             8           1             1                1                  
39     24         3          3             3           0             0                0                  
40     33         8          8             8           2             2                1                  
41     37         11         11            10          4             3                2                  
42     37         14         14            11          4             3                1                  
43     35         17         17            13          7             6                3                  
44     36         14         14            13          9             8                2                  
45     41         11         11            11          6             6                0                  
46     42         10         10            10          4             4                0                  
47     41         13         13            13          3             3                1                  
48     38         12         12            12          5             4                3                  
49     20         3          3             3           2             2                2                  
50     27         6          6             6           3             3                2                  
51     26         6          6             6           1             1                0                  
52     32         6          5             5           2             2                1                  
53     37         7          7             7           2             2                1                  
54     50         11         11            11          4             4                2                  
55     57         13         13            13          5             5                4                  
56     30         7          7             7           2             2                2                  
57     33         3          3             3           0             0                0                  
58     30         6          6             6           4             3                1                  
59     43         18         18            17          9             8                2                  
60     47         22         22            21          7             6                3                  
61     40         11         11            11          2             2                2                  
62     39         11         11            10          2             2                2                  
63     39         13         13            12          3             3                3                  
64     44         18         18            17          7             6                1                  
65     36         14         14            13          7             6                1                  
66     29         5          5             5           3             3                2                  
67     49         10         10            10          4             4                2                  
68     41         10         10            10          4             4                2                  
69     31         10         10            10          5             5                2                  
70     34         13         13            13          5             5                3                  
71     32         6          6             6           3             3                2                  
72     36         8          8             8           3             3                2                  
73     48         13         13            12          5             5                4                  
74     51         16         16            15          5             5                5                  
75     39         11         11            11          4             4                3                  
76     48         13         13            13          6             6                3                  
77     52         19         19            17          7             6                2                  
78     45         14         14            12          3             2                1                  
79     42         12         12            12          3             3                2                  
80     58         13         13            13          3             3                2                  
----------------------------------------------------------------------------------
SUM    2993       803        802           775         274           253              134                
----------------------------------------------------------------------------------

 Total Ripple Number: 

 Detection parameters:
     maximum_peak:    3
     maxRippleLength: 100
     detection_peaks: thrsh
     num_peaks:       3
