Trial  Det1_2SD   Det2_4SD   Det3_MaxLen   Det4_Join   Det5_Cycles   68               101                
t6_Artif_Rej Det7_Spctr_Peak 1      35         8          8             8           4             4                3                  
2      29         5          5             5           4             4                3                  
3      39         6          6             6           0             0                0                  
4      32         7          7             7           2             2                2                  
5      31         8          8             8           2             2                2                  
6      33         9          9             9           0             0                0                  
7      38         8          8             8           2             2                2                  
8      40         8          8             8           3             3                1                  
9      38         8          8             8           3             3                3                  
10     31         6          6             6           3             3                2                  
11     33         7          7             7           3             3                1                  
12     34         4          4             4           0             0                0                  
13     43         6          6             6           2             2                2                  
14     41         7          7             7           3             3                3                  
15     37         6          6             6           0             0                0                  
16     41         9          9             9           2             1                0                  
17     47         6          6             6           2             1                0                  
18     43         5          5             5           2             1                1                  
19     39         10         10            10          3             2                2                  
20     40         14         14            13          6             5                4                  
21     41         17         17            16          6             5                3                  
22     29         10         10            10          1             1                0                  
23     35         12         12            12          4             3                1                  
24     38         11         11            11          6             5                3                  
25     31         5          5             5           1             1                1                  
26     29         4          4             4           0             0                0                  
27     42         5          5             5           3             3                2                  
28     58         14         14            14          9             9                8                  
29     42         14         14            14          6             6                4                  
30     37         8          8             8           0             0                0                  
31     25         8          8             8           3             3                1                  
32     27         7          7             7           3             3                1                  
33     32         4          4             4           0             0                0                  
34     33         8          8             8           1             1                1                  
35     50         8          8             8           3             3                2                  
36     54         8          8             8           4             4                3                  
37     42         7          7             7           3             3                3                  
38     35         6          6             6           2             2                2                  
39     21         5          5             5           4             4                2                  
40     36         11         11            10          3             3                0                  
41     41         11         11            9           5             4                1                  
42     49         15         15            13          8             7                5                  
43     53         18         18            18          11            10               6                  
44     41         13         13            13          8             7                4                  
45     40         12         12            12          4             4                3                  
46     38         13         13            13          5             4                4                  
47     33         10         10            10          6             6                5                  
48     36         9          9             9           5             4                2                  
49     31         4          4             4           0             0                0                  
50     49         9          9             9           2             2                1                  
51     42         8          8             8           2             2                0                  
52     35         10         10            9           3             3                3                  
53     39         9          8             7           4             4                4                  
54     43         6          6             6           1             1                1                  
55     55         9          9             9           2             2                2                  
56     39         4          4             4           0             0                0                  
57     41         4          4             4           3             3                3                  
58     41         8          8             8           6             5                4                  
59     51         16         16            15          7             6                2                  
60     47         16         16            15          7             6                2                  
61     31         7          7             7           4             4                1                  
62     42         9          9             9           4             4                2                  
63     39         8          8             8           1             1                1                  
64     40         9          9             9           4             3                1                  
65     38         11         11            11          5             4                2                  
66     24         4          4             4           1             1                1                  
67     39         5          5             5           1             1                1                  
68     36         10         10            10          3             3                3                  
69     43         14         14            14          4             4                4                  
70     41         12         12            12          2             2                1                  
71     36         7          7             7           2             2                1                  
72     43         10         10            10          4             4                1                  
73     54         13         13            13          4             4                0                  
74     50         7          7             7           1             1                0                  
75     35         5          5             5           1             1                1                  
76     31         7          7             7           3             2                2                  
77     40         14         14            14          8             7                3                  
78     42         11         11            11          5             4                1                  
79     37         11         11            10          6             5                2                  
80     45         14         14            13          5             4                1                  
----------------------------------------------------------------------------------
SUM    3111       711        710           697         265           241              149                
----------------------------------------------------------------------------------

 Total Ripple Number: 

 Detection parameters:
     maximum_peak:    3
     maxRippleLength: 100
     detection_peaks: thrsh
     num_peaks:       3
