Trial  Det1_2SD   Det2_4SD   Det3_MaxLen   Det4_Join   Det5_Cycles   68               101                
t6_Artif_Rej Det7_Spctr_Peak 1      37         9          9             9           5             5                4                  
2      33         5          5             5           3             3                3                  
3      31         10         10            10          2             2                1                  
4      29         4          4             4           2             2                1                  
5      24         5          5             5           2             2                1                  
6      39         12         12            12          4             4                3                  
7      38         11         11            11          5             5                4                  
8      47         10         10            10          3             3                2                  
9      50         15         15            15          3             3                1                  
10     43         8          8             8           2             2                1                  
11     42         3          3             3           1             1                1                  
12     41         6          6             6           2             2                1                  
13     42         5          5             5           1             1                0                  
14     41         5          5             5           1             1                1                  
15     34         7          7             7           4             4                4                  
16     37         7          7             7           4             4                3                  
17     42         8          8             8           2             2                1                  
18     38         6          6             6           2             2                1                  
19     34         5          5             5           1             1                0                  
20     29         5          5             5           3             3                2                  
21     44         12         12            12          4             4                3                  
22     37         7          7             7           3             3                1                  
23     31         8          8             8           4             3                1                  
24     33         8          8             7           4             3                1                  
25     31         6          6             6           3             3                2                  
26     34         5          5             5           4             4                3                  
27     32         5          5             5           1             1                1                  
28     48         9          9             9           4             4                4                  
29     51         10         10            10          6             6                6                  
30     49         13         13            12          5             5                5                  
31     34         9          9             9           5             5                5                  
32     44         9          9             9           3             3                3                  
33     25         3          3             3           0             0                0                  
34     27         3          3             3           1             1                1                  
35     42         9          9             9           4             4                4                  
36     43         8          8             8           2             2                2                  
37     38         9          9             9           2             2                2                  
38     33         6          6             6           2             2                2                  
39     26         4          4             4           2             2                2                  
40     27         5          5             5           3             3                3                  
41     29         8          8             8           3             3                2                  
42     36         9          9             9           1             1                1                  
43     35         10         10            10          2             1                1                  
44     26         9          9             9           3             2                1                  
45     26         4          4             4           1             1                1                  
46     38         2          2             2           0             0                0                  
47     48         6          6             6           2             2                2                  
48     49         13         13            13          3             2                2                  
49     38         10         10            10          2             2                1                  
50     32         5          5             5           1             1                1                  
51     26         6          6             6           2             2                1                  
52     24         3          3             3           1             1                0                  
53     36         7          7             7           1             1                1                  
54     46         8          8             8           2             2                1                  
55     46         6          6             6           3             3                2                  
56     52         22         22            22          10            10               9                  
57     43         14         14            14          6             6                5                  
58     44         14         14            14          5             5                3                  
59     44         11         11            11          4             4                3                  
60     33         7          7             7           3             3                2                  
61     30         6          6             6           2             2                2                  
62     31         5          5             5           2             2                2                  
63     38         9          9             9           5             5                4                  
64     55         15         15            15          7             6                4                  
65     42         9          9             9           3             2                1                  
66     25         5          5             5           2             2                1                  
67     35         7          7             7           2             1                1                  
68     27         3          3             3           1             1                1                  
69     37         6          6             6           1             1                1                  
70     39         5          5             5           0             0                0                  
71     33         5          5             5           0             0                0                  
72     38         8          8             8           0             0                0                  
73     50         16         16            16          3             3                3                  
74     49         11         11            11          3             3                3                  
75     35         5          5             5           0             0                0                  
76     34         5          5             5           0             0                0                  
77     45         5          5             5           0             0                0                  
78     49         10         10            10          4             4                4                  
79     41         20         20            20          6             6                4                  
80     50         22         22            22          7             7                5                  
----------------------------------------------------------------------------------
SUM    3014       645        645           643         217           209              161                
----------------------------------------------------------------------------------

 Total Ripple Number: ¡

 Detection parameters:
     maximum_peak:    3
     maxRippleLength: 100
     detection_peaks: thrsh
     num_peaks:       3
