Trial  Det1_2SD   Det2_4SD   Det3_MaxLen   Det4_Join   Det5_Cycles   68               101                

t6_Artif_Rej Det7_Spctr_Peak 1      49         8          8             8           2             2                2                  
2      36         5          5             5           2             2                2                  
3      46         12         12            12          2             2                2                  
4      49         18         18            18          1             1                1                  
5      34         8          8             8           2             2                1                  
6      58         13         13            13          4             4                4                  
7      35         7          7             7           3             3                3                  
8      45         5          5             5           3             3                1                  
9      52         13         13            13          5             5                5                  
10     43         15         15            15          5             5                4                  
11     53         16         16            16          5             5                5                  
12     38         7          7             7           3             3                2                  
13     27         5          5             5           4             4                4                  
14     35         3          3             3           2             2                2                  
15     50         8          8             8           1             1                1                  
16     35         9          9             9           3             3                3                  
17     37         10         10            10          4             4                3                  
18     40         9          9             9           4             4                4                  
19     42         8          8             8           3             3                3                  
20     38         8          8             8           3             3                2                  
21     33         5          5             5           1             1                1                  
22     39         13         13            13          3             3                3                  
23     26         5          5             5           1             1                1                  
24     27         7          7             7           2             2                2                  
25     44         9          9             9           2             2                2                  
26     46         8          8             8           2             2                2                  
27     33         4          4             4           1             1                1                  
28     44         7          7             7           2             2                2                  
29     43         11         11            11          0             0                0                  
30     25         7          7             7           1             1                1                  
31     38         4          4             4           1             1                1                  
32     40         7          7             7           1             1                1                  
33     36         8          8             8           2             2                2                  
34     40         7          7             7           2             2                2                  
35     47         10         10            10          3             3                3                  
36     42         8          8             8           1             1                1                  
37     37         7          7             7           4             4                3                  
38     39         8          8             8           2             2                2                  
39     27         8          8             8           1             1                1                  
40     29         7          7             7           0             0                0                  
41     40         8          8             8           2             2                1                  
42     39         5          5             5           2             2                2                  
43     43         7          7             7           2             2                2                  
44     33         7          7             7           1             1                1                  
45     37         9          9             9           4             4                3                  
46     38         8          8             8           6             6                4                  
47     39         11         11            11          4             4                4                  
48     37         11         11            11          2             2                2                  
49     33         2          2             2           0             0                0                  
50     40         2          2             2           1             1                1                  
51     37         3          3             3           1             1                1                  
52     30         5          5             5           0             0                0                  
53     34         5          5             5           1             1                1                  
54     28         2          2             2           1             1                1                  
55     38         7          7             7           5             5                5                  
56     47         10         10            10          6             6                6                  
57     40         5          5             5           1             1                1                  
58     29         5          5             5           1             0                0                  
59     35         5          5             5           2             1                1                  
60     33         8          8             8           1             1                1                  
61     44         9          9             9           1             1                1                  
62     30         4          4             4           0             0                0                  
63     37         8          8             8           1             1                1                  
64     47         12         12            12          1             1                1                  
65     46         12         12            12          2             2                1                  
66     40         8          8             8           3             3                2                  
67     35         7          7             7           3             3                2                  
68     35         12         12            12          3             3                3                  
69     33         10         10            10          5             5                3                  
70     41         9          9             9           2             2                1                  
71     39         9          9             9           5             5                4                  
72     44         11         11            11          5             5                4                  
73     43         8          8             8           2             2                2                  
74     40         8          8             8           2             2                2                  
75     42         12         12            12          4             4                4                  
76     40         12         12            12          3             3                3                  
77     36         9          9             9           3             3                2                  
78     30         3          3             3           2             2                2                  
79     28         5          5             5           2             2                2                  
80     31         8          8             8           2             2                2                  
----------------------------------------------------------------------------------
SUM    3068       638        638           638         187           185              164                

----------------------------------------------------------------------------------

 Total Ripple Number: 164

 Detection parameters:
     maximum_peak:    3
     maxRippleLength: 100
     detection_peaks: thrsh
     num_peaks:       3
