Trial  Det1_2SD   Det2_4SD   Det3_MaxLen   Det4_Join   Det5_Cycles   68               101                

t6_Artif_Rej Det7_Spctr_Peak 1      35         15         15            15          4             3                2                  
2      35         5          5             5           1             0                0                  
3      38         10         10            10          4             4                3                  
4      43         11         11            11          4             4                4                  
5      41         8          8             8           1             1                1                  
6      45         15         15            15          2             2                2                  
7      34         11         11            11          3             3                1                  
8      40         12         12            12          3             3                1                  
9      34         6          6             6           2             2                2                  
10     40         14         14            13          3             3                2                  
11     47         14         14            13          2             2                1                  
12     40         14         14            14          3             3                1                  
13     31         9          9             9           5             5                4                  
14     42         10         10            10          4             4                4                  
15     48         17         17            17          3             3                3                  
16     46         14         14            13          2             2                1                  
17     37         13         13            13          2             2                2                  
18     37         11         11            10          3             3                3                  
19     40         8          8             8           2             2                2                  
20     39         8          8             8           4             4                4                  
21     38         12         12            12          5             5                5                  
22     41         8          8             8           2             2                1                  
23     38         10         10            10          1             1                1                  
24     41         15         15            15          4             4                4                  
25     40         12         12            12          2             2                2                  
26     44         10         10            10          2             2                2                  
27     47         7          7             7           1             1                1                  
28     43         6          6             6           0             0                0                  
29     44         15         15            15          2             2                1                  
30     41         18         18            18          2             2                2                  
31     39         12         12            12          0             0                0                  
32     33         8          8             8           1             1                1                  
33     37         9          9             9           3             3                3                  
34     42         11         11            11          4             4                4                  
35     46         16         16            16          4             4                4                  
36     37         14         14            14          4             4                3                  
37     26         9          9             9           4             4                2                  
38     22         6          6             6           0             0                0                  
39     32         7          7             7           1             1                1                  
40     37         7          7             7           3             3                2                  
41     41         9          9             9           1             1                1                  
42     42         10         10            10          1             1                1                  
43     46         13         13            13          3             3                2                  
44     39         8          8             8           3             3                3                  
45     30         6          6             6           1             1                1                  
46     29         6          6             6           0             0                0                  
47     39         10         10            10          4             4                2                  
48     47         11         11            11          6             5                2                  
49     40         4          4             4           2             1                0                  
50     34         9          9             9           3             3                2                  
51     37         12         12            12          6             6                6                  
52     39         12         12            12          5             5                3                  
53     34         9          9             9           3             3                1                  
54     35         7          7             7           1             1                1                  
55     40         11         11            11          2             2                1                  
56     33         9          9             9           1             1                0                  
57     41         9          9             9           1             1                1                  
58     50         16         16            16          7             6                3                  
59     38         9          9             9           4             3                2                  
60     42         5          5             5           3             3                3                  
61     36         8          8             8           3             3                3                  
62     40         11         11            11          2             2                2                  
63     37         7          7             7           1             1                1                  
64     35         4          4             4           0             0                0                  
65     42         14         14            14          3             3                1                  
66     38         12         12            12          2             2                1                  
67     39         8          8             8           1             1                1                  
68     46         10         10            10          3             3                3                  
69     34         9          9             9           2             2                2                  
70     25         7          7             7           1             1                1                  
71     30         7          7             7           2             2                2                  
72     43         12         12            12          2             2                2                  
73     41         11         11            11          1             1                1                  
74     39         7          7             7           0             0                0                  
75     37         10         10            10          0             0                0                  
76     39         10         10            10          2             2                1                  
77     38         5          5             5           1             1                1                  
78     39         6          6             6           1             1                1                  
79     36         8          8             8           3             3                3                  
80     43         12         12            12          3             3                3                  
----------------------------------------------------------------------------------
SUM    3093       800        800           796         192           186              146                

----------------------------------------------------------------------------------

 Total Ripple Number: 146

 Detection parameters:
     maximum_peak:    3
     maxRippleLength: 100
     detection_peaks: thrsh
     num_peaks:       3
