Trial  Det1_2SD   Det2_4SD   Det3_MaxLen   Det4_Join   Det5_Cycles   68               101                
t6_Artif_Rej Det7_Spctr_Peak 1      19         5          5             5           3             3                2                  
2      30         10         10            10          3             3                2                  
3      40         10         10            10          1             1                0                  
4      18         1          1             1           0             0                0                  
5      32         10         10            10          3             3                1                  
6      26         8          8             8           1             1                1                  
7      25         5          5             5           3             3                2                  
8      25         7          7             6           3             3                2                  
9      34         8          8             8           2             2                0                  
10     32         13         13            13          3             2                1                  
11     30         6          6             6           2             2                1                  
12     14         5          5             5           1             1                0                  
13     29         5          5             4           3             3                2                  
14     37         6          6             6           3             3                0                  
15     32         7          7             7           2             1                1                  
16     24         5          5             5           1             1                0                  
17     22         4          4             4           1             1                1                  
18     28         7          7             7           3             3                1                  
19     29         4          4             4           2             2                2                  
20     30         12         12            12          4             3                2                  
21     41         12         12            12          5             5                2                  
22     25         7          7             7           1             1                1                  
23     28         8          8             8           1             1                1                  
24     38         12         12            12          6             6                3                  
25     20         7          7             7           3             2                2                  
26     34         11         11            11          6             6                1                  
27     17         4          4             4           2             2                0                  
28     27         9          9             9           3             3                1                  
29     27         6          6             6           1             1                1                  
30     42         16         16            16          5             5                1                  
31     28         8          8             8           2             2                1                  
32     33         10         10            10          5             4                1                  
33     36         12         12            12          2             2                1                  
34     28         3          3             3           2             1                0                  
35     24         3          3             3           0             0                0                  
36     28         1          1             1           1             1                0                  
37     32         4          4             4           2             2                2                  
38     41         8          8             8           1             1                1                  
39     32         8          8             8           2             2                1                  
40     31         7          7             7           1             1                0                  
41     22         7          7             7           0             0                0                  
42     19         6          6             6           0             0                0                  
43     29         7          7             7           2             2                2                  
44     31         5          5             5           2             2                1                  
45     31         7          7             7           3             3                0                  
46     42         13         13            13          4             4                3                  
47     28         6          6             6           0             0                0                  
48     28         7          7             7           3             3                2                  
49     28         6          6             5           1             1                0                  
50     28         7          7             7           3             2                0                  
51     24         8          8             8           4             3                2                  
52     14         5          5             5           1             1                0                  
53     32         11         11            10          4             4                1                  
54     25         7          7             7           2             2                1                  
55     37         11         11            11          7             6                2                  
56     26         10         10            10          1             1                0                  
57     29         11         11            10          4             4                0                  
58     32         4          4             4           1             1                0                  
59     39         10         10            9           2             2                0                  
60     16         5          5             5           3             3                1                  
61     35         12         12            12          6             6                1                  
62     22         3          3             3           1             1                1                  
63     33         7          7             7           1             1                1                  
64     31         9          9             9           3             3                1                  
65     31         4          4             4           0             0                0                  
66     38         6          6             6           1             1                1                  
67     24         8          8             8           2             1                1                  
68     38         8          8             8           0             0                0                  
69     27         9          9             9           3             3                2                  
70     32         7          7             6           2             2                1                  
71     22         5          5             5           1             0                0                  
72     26         12         12            11          1             0                0                  
73     36         15         15            15          2             2                1                  
74     33         11         11            11          4             4                0                  
75     31         9          9             9           1             1                0                  
76     21         5          5             5           1             1                0                  
77     31         10         10            10          3             3                1                  
78     24         2          2             2           0             0                0                  
79     29         7          7             7           3             2                0                  
80     28         8          8             8           4             3                0                  
----------------------------------------------------------------------------------
SUM    2320       604        604           596         181           167              67                 
----------------------------------------------------------------------------------

 Total Ripple Number: C

 Detection parameters:
     maximum_peak:    3
     maxRippleLength: 100
     detection_peaks: thrsh
     num_peaks:       3
