Trial  Det1_2SD   Det2_4SD   Det3_MaxLen   Det4_Join   Det5_Cycles   68               101                
t6_Artif_Rej Det7_Spctr_Peak 1      30         5          5             5           3             3                1                  
2      33         7          7             7           4             4                3                  
3      42         11         11            10          4             4                1                  
4      24         4          4             4           1             1                1                  
5      35         7          7             6           3             3                1                  
6      13         2          2             2           1             1                0                  
7      30         8          8             8           7             7                1                  
8      35         6          6             6           2             2                1                  
9      23         2          2             2           0             0                0                  
10     23         5          5             5           1             0                0                  
11     23         7          7             7           0             0                0                  
12     19         2          2             2           1             1                0                  
13     31         5          5             5           2             2                1                  
14     19         1          1             1           0             0                0                  
15     21         3          3             3           1             1                0                  
16     26         4          4             4           3             3                2                  
17     26         6          6             6           3             3                1                  
18     33         9          9             9           2             2                1                  
19     24         2          2             2           1             1                0                  
20     21         5          5             5           3             2                1                  
21     36         7          7             7           3             3                0                  
22     32         7          7             7           5             5                2                  
23     29         7          7             7           3             3                0                  
24     29         9          9             9           3             3                2                  
25     31         10         10            10          2             2                0                  
26     28         8          8             8           3             3                0                  
27     19         4          4             4           3             3                2                  
28     22         5          5             5           2             2                1                  
29     15         2          2             2           1             1                1                  
30     51         22         22            21          13            12               3                  
31     26         7          7             7           3             3                1                  
32     15         0          0             0           0             0                0                  
33     28         9          9             8           4             3                0                  
34     34         3          3             2           1             1                0                  
35     19         2          2             2           1             1                0                  
36     40         14         14            13          8             7                2                  
37     39         10         10            10          5             4                0                  
38     34         5          5             5           2             2                1                  
39     17         3          3             3           2             1                1                  
40     17         7          7             7           2             2                0                  
41     30         6          6             6           3             3                1                  
42     16         4          4             4           0             0                0                  
43     9          0          0             0           0             0                0                  
44     18         3          3             3           2             2                1                  
45     21         4          4             3           2             2                1                  
46     35         10         10            9           6             6                2                  
47     27         7          7             7           1             1                0                  
48     42         6          6             6           2             2                1                  
49     24         2          2             2           0             0                0                  
50     38         8          8             8           2             1                1                  
51     29         5          5             5           2             1                1                  
52     19         6          6             6           2             2                0                  
53     28         7          7             7           4             4                1                  
54     18         3          3             3           2             2                1                  
55     17         1          1             1           0             0                0                  
56     26         7          7             7           1             1                0                  
57     28         7          7             7           4             4                0                  
58     16         5          5             5           1             1                0                  
59     25         6          6             5           4             4                0                  
60     20         6          6             6           3             3                0                  
61     10         3          3             3           2             2                1                  
62     25         7          7             7           4             4                0                  
63     18         4          4             4           0             0                0                  
64     24         6          6             6           1             1                1                  
65     17         4          4             4           1             1                0                  
66     48         6          6             6           1             1                0                  
67     37         11         11            11          3             3                0                  
68     21         4          4             4           1             1                1                  
69     16         5          5             5           1             1                0                  
70     18         4          4             4           3             3                1                  
71     43         13         13            13          10            9                2                  
72     29         8          8             8           5             4                1                  
73     24         11         11            11          7             7                3                  
74     21         5          5             5           2             2                1                  
75     33         2          2             2           1             1                1                  
76     30         5          5             5           2             2                1                  
77     27         6          6             6           2             2                1                  
78     16         2          2             2           0             0                0                  
79     16         8          8             8           0             0                0                  
80     29         5          5             5           3             3                2                  
----------------------------------------------------------------------------------
SUM    2080       464        464           455         198           187              57                 
----------------------------------------------------------------------------------

 Total Ripple Number: 9

 Detection parameters:
     maximum_peak:    3
     maxRippleLength: 100
     detection_peaks: thrsh
     num_peaks:       3
