Trial  Det1_2SD   Det2_4SD   Det3_MaxLen   Det4_Join   Det5_Cycles   68               101                
t6_Artif_Rej Det7_Spctr_Peak 1      29         3          3             3           0             0                0                  
2      33         4          4             4           1             1                1                  
3      31         11         11            11          2             2                0                  
4      22         6          6             6           1             1                0                  
5      19         1          1             1           0             0                0                  
6      30         5          5             5           1             0                0                  
7      26         4          4             4           1             1                1                  
8      35         11         11            11          4             4                3                  
9      27         7          7             7           1             0                0                  
10     30         2          2             2           1             1                1                  
11     33         5          5             5           2             2                1                  
12     24         5          5             5           1             1                1                  
13     21         1          1             1           1             1                1                  
14     19         3          3             3           2             2                2                  
15     36         10         10            10          2             1                1                  
16     23         6          6             6           0             0                0                  
17     34         7          7             7           2             2                1                  
18     23         4          4             4           2             2                1                  
19     22         2          2             2           1             1                1                  
20     17         5          5             5           0             0                0                  
21     25         3          3             3           1             1                1                  
22     24         4          4             4           2             2                1                  
23     22         4          4             4           1             1                0                  
24     35         9          9             9           2             2                0                  
25     23         4          4             4           1             0                0                  
26     23         1          1             1           0             0                0                  
27     26         5          5             5           1             0                0                  
28     29         6          6             6           2             2                1                  
29     31         4          4             4           1             1                1                  
30     26         5          5             5           2             2                0                  
31     27         10         10            10          4             4                2                  
32     25         8          8             8           3             2                2                  
33     35         7          7             7           1             0                0                  
34     28         9          9             9           2             1                0                  
35     15         1          1             1           0             0                0                  
36     20         4          4             4           1             1                0                  
37     40         12         12            12          7             6                1                  
38     35         8          8             8           2             2                0                  
39     27         2          2             2           0             0                0                  
40     27         4          4             4           3             3                2                  
41     29         8          8             8           3             3                1                  
42     25         4          4             4           2             2                0                  
43     21         2          2             2           0             0                0                  
44     21         3          3             3           1             1                1                  
45     31         6          6             6           3             3                2                  
46     39         10         10            10          1             1                0                  
47     22         5          5             5           3             3                2                  
48     28         6          6             6           2             2                1                  
49     31         6          6             6           3             2                0                  
50     27         2          2             2           0             0                0                  
51     30         6          6             6           2             2                0                  
52     37         5          5             5           1             1                0                  
53     32         7          7             7           4             4                3                  
54     18         3          3             3           0             0                0                  
55     21         1          1             1           1             0                0                  
56     24         2          2             2           1             1                0                  
57     31         6          6             6           2             2                1                  
58     17         6          6             6           4             4                2                  
59     34         7          7             7           2             2                2                  
60     21         2          2             2           1             1                0                  
61     19         4          4             4           1             1                0                  
62     30         7          7             7           1             1                0                  
63     18         5          5             5           2             2                1                  
64     25         5          5             5           2             2                0                  
65     27         7          7             7           2             2                1                  
66     38         8          8             8           3             3                1                  
67     42         15         15            15          5             5                2                  
68     24         7          7             7           5             4                1                  
69     26         4          4             4           3             3                1                  
70     27         3          3             3           2             2                1                  
71     37         7          7             7           3             3                2                  
72     35         5          5             5           1             1                0                  
73     26         6          6             6           1             1                1                  
74     28         7          7             7           3             3                1                  
75     35         10         10            10          3             3                1                  
76     40         6          6             6           2             2                0                  
77     25         7          7             7           2             2                2                  
78     19         2          2             2           0             0                0                  
79     28         5          5             5           0             0                0                  
80     44         12         12            12          4             4                1                  
----------------------------------------------------------------------------------
SUM    2209       441        441           441         142           130              57                 
----------------------------------------------------------------------------------

 Total Ripple Number: 9

 Detection parameters:
     maximum_peak:    3
     maxRippleLength: 100
     detection_peaks: thrsh
     num_peaks:       3
