Trial  Det1_2SD   Det2_4SD   Det3_MaxLen   Det4_Join   Det5_Cycles   68               101                
t6_Artif_Rej Det7_Spctr_Peak 1      26         9          9             9           4             4                2                  
2      31         6          6             6           1             1                0                  
3      44         11         11            11          4             4                1                  
4      31         7          7             7           3             3                0                  
5      15         1          1             1           0             0                0                  
6      21         3          3             3           1             0                0                  
7      20         3          3             3           1             1                0                  
8      27         7          7             7           4             4                3                  
9      24         3          3             3           0             0                0                  
10     27         3          3             3           0             0                0                  
11     33         5          5             5           1             1                0                  
12     18         3          3             3           1             1                1                  
13     30         4          4             4           2             2                1                  
14     19         3          3             3           2             2                1                  
15     31         7          7             7           1             1                1                  
16     23         2          2             2           0             0                0                  
17     24         9          9             9           5             5                2                  
18     22         2          2             2           1             0                0                  
19     21         3          3             3           1             1                0                  
20     19         4          4             4           0             0                0                  
21     24         1          1             1           1             1                1                  
22     26         7          7             7           3             3                1                  
23     22         7          7             7           3             3                1                  
24     23         7          7             7           3             3                1                  
25     22         9          9             9           5             4                2                  
26     20         3          3             3           2             2                1                  
27     26         3          3             3           0             0                0                  
28     34         5          5             5           1             1                0                  
29     26         6          6             6           3             3                1                  
30     26         7          7             7           3             3                2                  
31     26         4          4             4           2             2                1                  
32     25         3          3             3           2             1                1                  
33     25         4          4             4           2             1                1                  
34     30         8          8             8           4             3                1                  
35     18         1          1             1           0             0                0                  
36     27         3          3             3           2             2                1                  
37     36         8          8             8           4             3                1                  
38     26         6          6             6           4             4                1                  
39     15         2          2             2           0             0                0                  
40     35         10         10            10          4             4                3                  
41     31         9          9             9           3             3                0                  
42     18         5          5             5           3             3                1                  
43     21         3          3             3           2             2                1                  
44     26         3          3             3           0             0                0                  
45     16         4          4             4           2             2                1                  
46     34         7          7             6           2             2                0                  
47     21         4          4             4           3             3                0                  
48     26         4          4             4           3             3                0                  
49     29         6          6             6           3             2                0                  
50     22         6          6             6           2             1                0                  
51     30         9          9             9           5             4                2                  
52     37         7          7             7           3             3                0                  
53     32         7          7             7           4             4                2                  
54     15         2          2             2           1             1                0                  
55     18         2          2             2           1             0                0                  
56     16         1          1             1           1             1                1                  
57     23         8          8             8           2             2                1                  
58     24         4          4             4           1             1                0                  
59     29         5          5             5           2             2                1                  
60     26         3          3             3           1             1                0                  
61     24         4          4             4           2             2                1                  
62     28         3          3             3           1             1                0                  
63     20         3          3             3           2             1                0                  
64     31         6          6             6           2             2                0                  
65     16         3          3             3           1             1                0                  
66     40         9          9             9           2             2                0                  
67     39         12         12            12          3             2                0                  
68     29         6          6             6           2             1                0                  
69     19         2          2             2           0             0                0                  
70     19         7          7             7           4             4                2                  
71     30         9          9             9           4             4                2                  
72     24         3          3             3           2             2                0                  
73     30         3          3             3           3             3                0                  
74     29         2          2             2           2             2                0                  
75     29         8          8             8           3             3                2                  
76     36         11         11            11          4             4                1                  
77     21         3          3             3           1             1                0                  
78     15         2          2             2           0             0                0                  
79     19         3          3             3           1             1                1                  
80     38         7          7             7           3             3                1                  
----------------------------------------------------------------------------------
SUM    2048       404        404           403         166           152              52                 
----------------------------------------------------------------------------------

 Total Ripple Number: 4

 Detection parameters:
     maximum_peak:    3
     maxRippleLength: 100
     detection_peaks: thrsh
     num_peaks:       3
