Trial  Det1_2SD   Det2_4SD   Det3_MaxLen   Det4_Join   Det5_Cycles   68               101                
t6_Artif_Rej Det7_Spctr_Peak 1      20         4          4             4           3             3                1                  
2      28         7          7             7           0             0                0                  
3      44         10         10            10          3             3                0                  
4      32         6          6             6           3             3                1                  
5      23         3          3             3           1             1                1                  
6      21         4          4             4           2             1                1                  
7      26         4          4             4           0             0                0                  
8      23         1          1             1           0             0                0                  
9      29         10         10            10          3             2                2                  
10     27         7          7             7           2             1                1                  
11     26         3          3             3           2             2                0                  
12     20         5          5             5           2             2                1                  
13     29         5          5             5           1             1                0                  
14     21         3          3             3           0             0                0                  
15     35         6          6             6           0             0                0                  
16     21         4          4             4           2             2                1                  
17     32         8          8             8           3             2                2                  
18     27         4          4             4           0             0                0                  
19     23         2          2             2           1             1                1                  
20     15         1          1             1           0             0                0                  
21     26         4          4             4           1             1                0                  
22     31         7          7             7           2             2                2                  
23     31         4          4             4           2             2                2                  
24     29         4          4             4           2             2                1                  
25     21         2          2             2           1             1                0                  
26     20         3          3             3           0             0                0                  
27     30         4          4             4           3             3                2                  
28     26         2          2             2           0             0                0                  
29     32         5          5             5           2             2                1                  
30     34         3          3             3           3             3                1                  
31     27         5          5             5           1             1                0                  
32     23         4          4             4           1             1                1                  
33     30         3          3             3           2             2                1                  
34     37         7          7             7           2             1                0                  
35     20         2          2             2           1             0                0                  
36     33         10         10            10          4             3                0                  
37     35         10         10            10          3             3                1                  
38     39         9          9             9           5             5                2                  
39     20         1          1             1           0             0                0                  
40     17         2          2             2           1             1                1                  
41     19         6          6             6           1             1                1                  
42     28         5          5             5           2             2                2                  
43     30         3          3             3           0             0                0                  
44     24         3          3             3           0             0                0                  
45     23         2          2             2           0             0                0                  
46     30         10         10            10          5             5                2                  
47     22         2          2             2           0             0                0                  
48     35         6          6             5           3             3                1                  
49     28         4          4             4           1             0                0                  
50     28         5          5             5           2             2                1                  
51     28         8          8             8           5             5                3                  
52     33         6          6             6           4             4                2                  
53     20         5          5             5           2             2                1                  
54     18         3          3             3           2             2                2                  
55     23         3          3             3           2             1                0                  
56     28         4          4             4           3             3                2                  
57     38         9          9             9           2             2                0                  
58     47         14         14            14          5             5                1                  
59     28         5          5             5           0             0                0                  
60     21         5          5             5           2             2                1                  
61     23         3          3             3           0             0                0                  
62     16         4          4             4           1             1                0                  
63     17         4          4             4           1             1                0                  
64     28         4          4             4           1             1                1                  
65     27         6          6             6           1             1                1                  
66     46         9          9             9           5             5                1                  
67     43         9          9             9           4             4                1                  
68     28         4          4             4           1             1                1                  
69     29         4          4             4           3             3                3                  
70     25         7          7             7           2             2                1                  
71     37         10         10            10          4             4                2                  
72     24         5          5             5           2             1                0                  
73     30         7          7             7           4             4                3                  
74     21         4          4             4           1             1                1                  
75     28         5          5             5           3             3                2                  
76     38         5          5             5           4             4                3                  
77     37         7          7             7           0             0                0                  
78     34         6          6             6           1             1                0                  
79     27         3          3             3           2             2                0                  
80     36         11         11            11          5             5                2                  
----------------------------------------------------------------------------------
SUM    2228       413        413           412         150           140              68                 
----------------------------------------------------------------------------------

 Total Ripple Number: D

 Detection parameters:
     maximum_peak:    3
     maxRippleLength: 100
     detection_peaks: thrsh
     num_peaks:       3
