Trial  Det1_2SD   Det2_4SD   Det3_MaxLen   Det4_Join   Det5_Cycles   68               101                
t6_Artif_Rej Det7_Spctr_Peak 1      35         3          3             3           1             1                1                  
2      29         4          4             4           1             1                0                  
3      41         12         12            12          7             7                5                  
4      31         7          7             7           3             3                2                  
5      19         3          3             3           1             1                0                  
6      14         1          1             1           1             1                1                  
7      19         5          5             5           2             2                1                  
8      27         8          8             8           3             3                2                  
9      31         8          8             5           1             0                0                  
10     27         7          7             4           2             1                1                  
11     21         6          6             6           1             1                1                  
12     27         5          5             5           2             2                1                  
13     27         2          2             2           2             2                0                  
14     23         6          6             6           3             3                3                  
15     15         0          0             0           0             0                0                  
16     21         1          1             1           1             1                0                  
17     26         9          9             9           4             3                2                  
18     17         2          2             2           1             1                1                  
19     19         9          9             9           2             2                1                  
20     22         3          3             3           0             0                0                  
21     24         2          2             2           2             2                2                  
22     24         8          8             8           4             4                3                  
23     24         1          1             1           0             0                0                  
24     29         3          3             3           0             0                0                  
25     27         6          6             6           4             3                1                  
26     19         2          2             2           0             0                0                  
27     34         7          7             7           2             1                1                  
28     16         3          3             3           0             0                0                  
29     27         6          6             6           3             3                1                  
30     22         2          2             2           0             0                0                  
31     35         1          1             1           1             1                0                  
32     19         1          1             1           0             0                0                  
33     22         3          3             3           1             1                1                  
34     32         3          3             3           0             0                0                  
35     20         5          5             5           2             2                2                  
36     24         3          3             3           1             1                0                  
37     29         2          2             2           0             0                0                  
38     25         8          8             8           3             3                1                  
39     24         4          4             4           1             1                0                  
40     30         7          7             7           2             2                1                  
41     18         7          7             7           2             2                2                  
42     25         8          8             8           3             3                1                  
43     22         6          6             6           2             2                0                  
44     24         5          5             5           2             2                2                  
45     25         4          4             4           2             2                2                  
46     31         9          9             8           2             2                1                  
47     22         2          2             2           2             2                1                  
48     22         2          2             2           1             1                0                  
49     32         9          9             9           6             5                3                  
50     26         6          6             6           2             1                1                  
51     32         4          4             4           2             2                1                  
52     33         7          7             7           3             3                1                  
53     28         7          7             7           3             3                1                  
54     13         2          2             2           0             0                0                  
55     32         6          6             6           2             2                2                  
56     30         3          3             3           0             0                0                  
57     34         5          5             5           1             1                0                  
58     37         8          8             8           2             2                0                  
59     32         6          6             5           3             3                1                  
60     28         7          7             6           3             3                1                  
61     28         8          8             8           2             2                2                  
62     42         7          7             7           1             1                0                  
63     30         5          5             5           0             0                0                  
64     26         8          8             8           3             3                0                  
65     24         5          5             5           1             1                0                  
66     27         11         11            11          2             2                0                  
67     52         15         15            15          6             6                2                  
68     36         9          9             9           5             5                0                  
69     27         7          7             7           2             2                1                  
70     40         12         12            11          5             5                3                  
71     31         10         10            9           1             1                1                  
72     29         8          8             7           1             0                0                  
73     22         0          0             0           0             0                0                  
74     31         6          6             6           3             3                1                  
75     22         7          7             7           2             2                1                  
76     31         11         11            10          7             7                5                  
77     44         10         10            10          6             6                2                  
78     37         12         12            11          3             3                2                  
79     35         9          9             8           4             3                1                  
80     35         11         11            10          5             4                2                  
----------------------------------------------------------------------------------
SUM    2192       462        462           446         166           156              78                 
----------------------------------------------------------------------------------

 Total Ripple Number: N

 Detection parameters:
     maximum_peak:    3
     maxRippleLength: 100
     detection_peaks: thrsh
     num_peaks:       3
