Trial  Det1_2SD   Det2_4SD   Det3_MaxLen   Det4_Join   Det5_Cycles   Det6_Artif_Rej  
1      29         5          5             5           2             2               
2      26         2          2             2           0             0               
3      30         10         10            9           2             2               
4      20         6          6             6           3             3               
5      23         3          3             3           0             0               
6      26         3          3             3           1             1               
7      18         3          3             3           2             2               
8      31         7          7             7           3             3               
9      29         7          7             7           2             2               
10     24         3          3             3           0             0               
11     29         4          4             4           3             3               
12     19         2          2             2           0             0               
13     33         8          8             8           5             5               
14     28         11         11            11          2             2               
15     18         2          2             2           1             1               
16     17         4          4             4           2             2               
17     31         10         10            9           5             5               
18     37         9          9             9           4             4               
19     32         6          6             6           2             2               
20     25         5          5             5           1             1               
21     19         1          1             1           1             1               
22     18         2          2             2           0             0               
23     24         2          2             2           1             1               
24     30         5          5             5           1             1               
25     26         2          2             2           1             1               
26     11         4          4             4           1             1               
27     18         4          4             4           1             1               
28     30         5          5             5           3             3               
29     27         3          3             3           2             2               
30     28         8          8             8           7             7               
31     42         8          8             8           6             6               
32     28         5          5             5           3             3               
33     24         4          4             4           2             2               
34     23         2          2             2           2             2               
35     22         4          4             4           4             4               
36     31         5          5             5           3             3               
37     36         12         12            12          4             4               
38     21         4          4             4           2             2               
39     22         1          1             1           1             1               
40     36         6          6             6           2             2               
41     20         4          4             4           1             1               
42     30         8          8             8           3             3               
43     29         9          9             9           1             1               
44     34         8          8             8           4             4               
45     28         4          4             4           1             1               
46     28         5          5             5           1             1               
47     37         10         10            10          3             3               
48     23         4          4             4           1             1               
49     21         4          4             4           1             1               
50     16         4          4             4           2             2               
51     12         4          4             4           2             2               
52     28         4          4             4           2             2               
53     28         4          4             4           3             3               
54     29         4          4             4           3             3               
55     29         7          7             7           4             4               
56     27         3          3             3           2             2               
57     30         8          8             8           2             2               
58     28         6          6             6           0             0               
59     36         12         12            12          1             1               
60     30         8          8             8           2             2               
61     20         7          7             7           2             2               
62     21         4          4             4           3             3               
63     37         7          7             7           3             3               
64     26         2          2             2           0             0               
65     27         4          4             4           3             3               
66     38         6          6             6           4             4               
67     31         8          8             8           3             3               
68     31         6          6             6           3             3               
69     31         7          7             7           5             5               
70     33         9          9             9           3             3               
71     21         3          3             3           0             0               
72     35         10         10            10          4             4               
73     28         6          6             6           0             0               
74     22         5          5             5           2             2               
75     33         11         11            10          6             6               
76     27         7          7             7           1             1               
77     32         11         11            11          3             3               
78     27         6          6             6           2             2               
79     36         11         11            11          4             4               
80     21         4          4             4           2             2               
----------------------------------------------------------------------------------
SUM    2161       451        451           448         179           179             
----------------------------------------------------------------------------------

 Total Ripple Number: ³

 Detection parameters:
     maximum_peak:    3
     maxRippleLength: 100
     detection_peaks: thrsh
     num_peaks:       3
