Trial  Det1_2SD   Det2_4SD   Det3_MaxLen   Det4_Join   Det5_Cycles   Det6_Artif_Rej  
1      29         4          4             4           1             1               
2      27         6          6             6           1             1               
3      31         4          4             4           1             1               
4      38         4          4             4           2             2               
5      23         4          4             4           3             3               
6      28         5          5             5           3             3               
7      23         3          3             3           3             3               
8      32         4          4             4           2             2               
9      32         3          3             3           1             1               
10     31         5          5             5           0             0               
11     30         6          6             6           2             2               
12     28         4          4             4           3             3               
13     36         7          7             7           3             3               
14     36         5          5             5           2             2               
15     15         1          1             1           1             1               
16     20         6          6             6           2             2               
17     27         5          5             5           4             4               
18     36         6          6             6           3             3               
19     27         3          3             3           0             0               
20     25         3          3             3           1             1               
21     26         6          6             6           2             2               
22     23         2          2             2           1             1               
23     28         4          4             4           0             0               
24     23         3          3             3           1             1               
25     30         3          3             3           1             1               
26     28         1          1             1           0             0               
27     15         4          4             4           1             1               
28     21         4          4             4           1             1               
29     27         2          2             2           1             1               
30     35         6          6             6           5             5               
31     26         5          5             5           3             3               
32     36         11         11            11          7             7               
33     19         5          5             5           2             2               
34     31         4          4             4           2             2               
35     22         4          4             4           1             1               
36     23         5          5             5           2             2               
37     20         3          3             3           2             2               
38     22         1          1             1           0             0               
39     21         5          5             5           2             2               
40     33         9          9             9           2             2               
41     29         6          6             6           1             1               
42     19         4          4             4           2             2               
43     22         5          5             5           1             1               
44     23         2          2             2           1             1               
45     31         7          7             7           2             2               
46     35         10         10            10          7             7               
47     24         9          9             9           5             5               
48     31         7          7             7           3             3               
49     23         4          4             4           1             1               
50     35         8          8             8           5             5               
51     27         3          3             3           2             2               
52     25         5          5             5           2             2               
53     21         5          5             5           3             3               
54     20         2          2             2           1             1               
55     27         3          3             3           1             1               
56     15         6          6             6           4             4               
57     20         9          9             9           3             3               
58     20         1          1             1           1             1               
59     26         8          8             8           3             3               
60     33         7          7             7           4             4               
61     28         4          4             4           0             0               
62     21         2          2             2           0             0               
63     32         6          6             6           4             4               
64     23         5          5             5           2             2               
65     24         3          3             3           0             0               
66     31         3          3             3           3             3               
67     26         5          5             5           2             2               
68     15         4          4             4           0             0               
69     18         2          2             2           1             1               
70     24         0          0             0           0             0               
71     23         1          1             1           1             1               
72     30         4          4             4           1             1               
73     26         3          3             3           0             0               
74     29         4          4             4           2             2               
75     28         11         11            11          3             3               
76     16         1          1             1           0             0               
77     23         4          4             4           3             3               
78     22         1          1             1           0             0               
79     25         8          8             8           3             3               
80     19         5          5             5           2             2               
----------------------------------------------------------------------------------
SUM    2072       362        362           362         153           153             
----------------------------------------------------------------------------------

 Total Ripple Number: 

 Detection parameters:
     maximum_peak:    3
     maxRippleLength: 100
     detection_peaks: thrsh
     num_peaks:       3
