Trial  Det1_2SD   Det2_4SD   Det3_MaxLen   Det4_Join   Det5_Cycles   Det6_Artif_Rej  
1      30         6          6             5           2             2               
2      38         5          5             5           1             1               
3      35         5          5             5           0             0               
4      21         6          6             6           2             2               
5      29         7          7             6           3             3               
6      25         6          6             6           2             2               
7      32         8          8             8           3             3               
8      23         8          8             8           1             1               
9      31         9          9             9           3             3               
10     23         4          4             4           1             1               
11     22         7          7             7           1             1               
12     25         4          4             4           1             1               
13     44         5          5             5           0             0               
14     29         4          4             4           0             0               
15     31         7          7             7           1             1               
16     29         3          3             3           0             0               
17     29         5          5             5           2             2               
18     38         9          9             9           4             4               
19     42         10         10            9           4             4               
20     24         6          6             6           1             1               
21     22         5          5             5           0             0               
22     30         7          7             7           4             4               
23     30         4          4             4           2             2               
24     35         7          7             7           2             2               
25     34         10         10            10          0             0               
26     29         6          6             6           2             2               
27     18         2          2             2           0             0               
28     25         5          5             5           3             3               
29     30         8          8             8           4             4               
30     30         6          6             6           2             2               
31     25         5          5             5           3             3               
32     22         6          6             6           0             0               
33     21         6          6             6           1             1               
34     25         5          5             5           0             0               
35     26         5          5             5           1             1               
36     38         8          8             8           2             2               
37     42         7          7             7           0             0               
38     26         3          3             3           0             0               
39     25         3          3             3           1             1               
40     26         6          6             6           2             2               
41     32         9          9             9           0             0               
42     30         6          6             6           2             2               
43     35         8          8             8           2             2               
44     39         11         11            11          5             5               
45     27         2          2             2           1             1               
46     25         6          6             6           4             4               
47     26         5          5             5           1             1               
48     30         7          7             7           0             0               
49     31         8          8             8           1             1               
50     33         8          8             8           0             0               
51     29         6          6             6           0             0               
52     19         3          3             3           1             1               
53     26         5          5             5           1             1               
54     23         5          5             5           1             1               
55     35         8          8             8           0             0               
56     27         5          5             5           1             1               
57     38         12         12            12          5             5               
58     27         5          5             5           2             2               
59     30         6          6             6           2             2               
60     31         5          5             5           1             1               
61     22         5          5             5           1             1               
62     27         6          6             6           1             1               
63     40         12         12            12          4             4               
64     30         3          3             3           2             2               
65     26         7          7             7           3             3               
66     26         3          3             3           3             3               
67     22         3          3             3           0             0               
68     42         3          3             3           0             0               
69     29         2          2             2           0             0               
70     23         2          2             2           0             0               
71     29         6          6             6           3             3               
72     38         11         11            11          3             3               
73     34         11         11            11          1             1               
74     28         9          9             9           2             2               
75     40         12         12            10          4             4               
76     29         5          5             5           0             0               
77     42         11         11            11          1             1               
78     23         7          7             7           1             1               
79     25         12         12            12          2             2               
80     21         3          3             3           2             2               
----------------------------------------------------------------------------------
SUM    2348       501        501           496         124           124             
----------------------------------------------------------------------------------

 Total Ripple Number: |

 Detection parameters:
     maximum_peak:    3
     maxRippleLength: 100
     detection_peaks: thrsh
     num_peaks:       3
