Trial  Det1_2SD   Det2_4SD   Det3_MaxLen   Det4_Join   Det5_Cycles   Det6_Artif_Rej  
1      39         4          4             4           1             1               
2      46         10         10            10          1             1               
3      39         6          6             6           1             1               
4      30         6          6             6           1             1               
5      40         6          6             6           2             1               
6      36         8          8             8           3             3               
7      41         9          9             9           4             4               
8      41         5          5             5           3             3               
9      37         9          9             9           2             2               
10     45         5          5             5           0             0               
11     38         6          6             6           1             1               
12     42         4          4             4           1             0               
13     44         0          0             0           0             0               
14     42         5          5             5           1             1               
15     35         4          4             4           1             1               
16     31         4          4             4           1             1               
17     29         6          6             6           1             1               
18     37         10         10            10          2             2               
19     34         5          5             5           0             0               
20     36         8          8             8           2             2               
21     43         6          6             6           0             0               
22     30         6          6             6           1             1               
23     45         11         11            11          3             3               
24     32         7          7             7           2             2               
25     27         6          6             6           2             2               
26     38         6          6             6           2             2               
27     30         4          4             4           1             1               
28     36         6          6             6           3             3               
29     45         5          5             5           1             1               
30     36         3          3             3           0             0               
31     42         6          6             6           3             3               
32     31         5          5             5           2             2               
33     45         9          9             9           3             3               
34     54         12         12            12          4             4               
35     27         5          5             5           4             4               
36     33         6          6             6           1             1               
37     41         11         11            11          5             5               
38     35         5          5             5           2             2               
39     35         5          5             5           0             0               
40     35         6          6             6           1             1               
41     39         8          8             8           1             1               
42     38         6          6             6           4             4               
43     40         6          6             6           3             3               
44     45         8          8             8           3             3               
45     27         5          5             5           1             1               
46     23         3          3             3           0             0               
47     28         4          4             4           1             1               
48     33         6          6             6           2             2               
49     32         2          2             2           1             1               
50     32         2          2             2           1             1               
51     19         2          2             2           0             0               
52     23         3          3             3           0             0               
53     27         1          1             1           1             1               
54     36         6          6             6           1             1               
55     37         5          5             5           1             1               
56     30         3          3             3           0             0               
57     33         9          9             8           3             3               
58     32         5          5             5           1             1               
59     35         12         12            12          3             3               
60     38         6          6             6           2             2               
61     34         4          4             4           2             2               
62     41         4          4             4           2             2               
63     41         4          4             4           1             1               
64     38         6          6             6           0             0               
65     31         7          7             7           1             1               
66     30         6          6             6           0             0               
67     23         4          4             4           2             2               
68     42         5          5             5           3             3               
69     39         5          5             5           1             1               
70     33         6          6             6           1             1               
71     31         7          7             7           1             1               
72     39         7          7             7           0             0               
73     36         7          7             7           0             0               
74     37         8          8             8           2             2               
75     44         10         10            10          2             2               
76     34         5          5             5           0             0               
77     37         8          8             8           0             0               
78     33         5          5             5           1             1               
79     40         4          4             4           0             0               
80     36         3          3             3           1             1               
----------------------------------------------------------------------------------
SUM    2868       467        467           466         117           115             
----------------------------------------------------------------------------------

 Total Ripple Number: s

 Detection parameters:
     maximum_peak:    4
     maxRippleLength: 100
     detection_peaks: peaks
     num_peaks:       3
