Trial  Det1_2SD   Det2_4SD   Det3_MaxLen   Det4_Join   Det5_Cycles   Det6_Artif_Rej  
1      38         5          5             5           1             1               
2      38         2          2             2           0             0               
3      39         3          3             3           2             2               
4      34         6          6             6           1             1               
5      32         7          7             7           1             1               
6      38         10         10            10          1             1               
7      39         4          4             4           1             1               
8      45         11         11            11          4             4               
9      41         14         14            14          2             2               
10     35         7          7             7           3             3               
11     34         9          9             9           2             2               
12     32         4          4             4           2             2               
13     46         11         11            11          3             3               
14     35         5          5             5           0             0               
15     31         4          4             4           1             1               
16     33         4          4             4           1             1               
17     51         7          7             7           1             1               
18     43         4          4             4           1             1               
19     33         6          6             6           3             3               
20     42         5          5             5           1             1               
21     38         7          7             7           1             1               
22     36         6          6             6           2             2               
23     43         6          6             6           1             1               
24     45         6          6             6           0             0               
25     44         7          7             7           2             2               
26     36         4          4             4           1             1               
27     38         5          5             5           0             0               
28     41         7          7             7           0             0               
29     33         7          7             7           1             1               
30     36         5          5             5           3             3               
31     48         10         10            10          1             1               
32     38         6          6             6           2             2               
33     37         10         10            10          3             3               
34     34         4          4             4           0             0               
35     39         8          8             8           0             0               
36     32         5          5             5           1             1               
37     34         7          7             7           0             0               
38     45         9          9             9           1             1               
39     35         6          6             6           2             2               
40     36         7          7             7           2             2               
41     45         7          7             7           4             4               
42     37         4          4             4           2             2               
43     39         7          7             7           1             1               
44     45         8          8             8           3             3               
45     47         8          8             8           1             1               
46     37         5          5             5           1             1               
47     30         3          3             3           0             0               
48     29         6          6             6           1             1               
49     32         1          1             1           0             0               
50     37         6          6             6           1             1               
51     33         3          3             3           1             1               
52     30         2          2             2           0             0               
53     36         4          4             4           0             0               
54     36         9          9             9           4             4               
55     38         6          6             6           3             3               
56     38         4          4             4           0             0               
57     42         3          3             3           0             0               
58     40         4          4             4           1             1               
59     31         5          5             5           1             1               
60     27         4          4             4           0             0               
61     24         2          2             2           0             0               
62     35         8          8             8           1             1               
63     35         2          2             2           1             1               
64     36         6          6             6           0             0               
65     37         6          6             6           1             1               
66     35         6          6             6           1             1               
67     42         3          3             3           0             0               
68     44         7          7             7           1             1               
69     25         2          2             2           1             1               
70     32         3          3             3           0             0               
71     31         6          6             6           1             1               
72     33         6          6             6           1             1               
73     39         6          6             6           1             1               
74     44         5          5             5           1             1               
75     39         6          6             6           1             1               
76     36         6          6             6           2             2               
77     37         6          6             6           1             1               
78     42         10         10            10          0             0               
79     43         6          6             6           1             1               
80     31         6          6             6           1             1               
----------------------------------------------------------------------------------
SUM    2976       467        467           467         94            94              
----------------------------------------------------------------------------------

 Total Ripple Number: ^

 Detection parameters:
     maximum_peak:    4
     maxRippleLength: 100
     detection_peaks: peaks
     num_peaks:       3
