Trial  Det1_2SD   Det2_4SD   Det3_MaxLen   Det4_Join   Det5_Cycles   Det6_Artif_Rej  
1      42         8          8             8           2             2               
2      30         5          5             5           1             1               
3      36         8          8             8           1             1               
4      40         13         13            13          0             0               
5      28         7          7             7           1             1               
6      51         12         12            12          2             2               
7      23         5          5             5           3             3               
8      37         5          5             5           1             1               
9      48         11         11            11          3             3               
10     36         9          9             9           3             3               
11     45         15         15            15          3             3               
12     37         7          7             7           2             2               
13     33         7          7             7           1             1               
14     31         3          3             3           0             0               
15     45         7          7             7           1             1               
16     31         7          7             7           3             3               
17     38         10         10            9           2             2               
18     42         7          7             7           3             3               
19     40         7          7             7           1             1               
20     34         3          3             3           2             2               
21     32         4          4             4           0             0               
22     40         11         11            11          1             1               
23     29         5          5             5           1             1               
24     25         3          3             3           1             1               
25     31         8          8             8           1             1               
26     41         10         10            10          2             2               
27     37         8          8             8           1             1               
28     40         6          6             6           2             2               
29     38         8          8             8           0             0               
30     29         7          7             7           1             1               
31     35         2          2             2           0             0               
32     36         4          4             4           0             0               
33     35         7          7             7           2             2               
34     32         7          7             7           1             1               
35     42         8          8             7           2             2               
36     37         6          6             6           1             1               
37     37         4          4             4           1             1               
38     32         6          6             6           3             3               
39     26         7          7             7           0             0               
40     24         6          6             6           0             0               
41     37         8          8             8           2             2               
42     39         6          6             6           1             1               
43     30         5          5             5           1             1               
44     32         3          3             3           1             1               
45     37         9          9             9           1             1               
46     39         7          7             7           3             3               
47     34         11         11            11          4             4               
48     25         7          7             7           1             1               
49     35         1          1             1           0             0               
50     37         2          2             2           0             0               
51     38         2          2             2           1             1               
52     27         4          4             4           0             0               
53     29         4          4             4           0             0               
54     24         3          3             3           1             1               
55     28         4          4             4           2             2               
56     39         6          6             6           3             3               
57     42         4          4             4           2             2               
58     27         3          3             3           0             0               
59     30         6          6             6           1             1               
60     31         7          7             7           1             1               
61     42         7          7             7           1             1               
62     30         4          4             4           0             0               
63     33         7          7             7           0             0               
64     41         9          9             9           0             0               
65     44         12         12            12          2             2               
66     35         7          7             7           2             2               
67     33         5          5             5           0             0               
68     33         9          9             9           1             1               
69     30         6          6             6           2             2               
70     42         10         10            10          1             1               
71     38         6          6             6           2             2               
72     38         8          8             8           3             3               
73     41         8          8             8           0             0               
74     39         6          6             6           2             2               
75     35         9          9             9           4             4               
76     25         9          9             9           2             2               
77     31         7          7             7           2             2               
78     27         3          3             3           2             2               
79     25         5          5             5           2             2               
80     30         8          8             8           1             1               
----------------------------------------------------------------------------------
SUM    2777       530        530           528         109           109             
----------------------------------------------------------------------------------

 Total Ripple Number: m

 Detection parameters:
     maximum_peak:    4
     maxRippleLength: 100
     detection_peaks: peaks
     num_peaks:       3
