Trial  Det1_2SD   Det2_4SD   Det3_MaxLen   Det4_Join   Det5_Cycles   Det6_Artif_Rej  
1      33         8          8             8           1             1               
2      23         8          8             8           2             2               
3      38         12         12            12          1             1               
4      45         13         13            13          2             2               
5      40         7          7             7           2             2               
6      36         10         10            10          1             1               
7      37         11         11            11          1             1               
8      36         13         13            13          2             2               
9      23         9          9             9           3             3               
10     36         3          3             3           0             0               
11     38         12         12            12          1             1               
12     33         5          5             5           0             0               
13     39         7          7             7           2             2               
14     39         6          6             6           0             0               
15     29         2          2             2           1             1               
16     43         6          6             6           1             1               
17     46         12         12            12          4             4               
18     46         8          8             8           1             0               
19     31         7          7             7           0             0               
20     34         8          8             8           1             1               
21     34         8          8             8           2             2               
22     34         7          7             7           1             1               
23     37         4          4             4           1             1               
24     37         7          7             7           1             1               
25     36         10         10            10          1             1               
26     34         7          7             7           2             2               
27     29         3          3             3           2             2               
28     36         6          6             6           2             2               
29     45         10         10            10          2             2               
30     46         5          5             5           2             2               
31     46         8          8             8           0             0               
32     31         5          5             5           1             1               
33     27         9          9             9           4             4               
34     27         4          4             4           1             1               
35     41         13         13            13          3             3               
36     40         10         10            10          0             0               
37     50         8          8             8           1             1               
38     26         4          4             4           0             0               
39     33         5          5             5           1             1               
40     43         10         10            10          1             1               
41     39         8          8             8           1             1               
42     24         7          7             7           0             0               
43     33         5          5             5           0             0               
44     33         3          3             3           0             0               
45     31         4          4             4           0             0               
46     39         7          7             7           0             0               
47     37         11         11            11          0             0               
48     31         5          5             5           1             1               
49     26         3          3             3           0             0               
50     31         5          5             5           0             0               
51     31         7          7             7           0             0               
52     43         9          9             9           4             4               
53     26         6          6             6           2             2               
54     39         6          6             6           2             2               
55     30         8          8             8           0             0               
56     37         8          8             8           1             1               
57     39         5          5             5           1             1               
58     42         7          7             7           2             2               
59     46         10         10            10          4             4               
60     33         3          3             3           1             1               
61     35         2          2             2           1             1               
62     20         3          3             3           0             0               
63     28         6          6             6           1             1               
64     39         5          5             5           0             0               
65     42         14         14            14          4             4               
66     36         5          5             5           2             2               
67     32         3          3             3           0             0               
68     35         6          6             6           1             1               
69     33         8          8             8           3             3               
70     26         4          4             4           0             0               
71     50         8          8             8           1             1               
72     30         6          6             6           1             1               
73     24         6          6             6           2             2               
74     32         5          5             5           0             0               
75     26         2          2             2           0             0               
76     35         9          9             9           1             1               
77     30         5          5             5           0             0               
78     23         6          6             6           0             0               
79     32         5          5             5           1             1               
80     41         5          5             5           0             0               
----------------------------------------------------------------------------------
SUM    2796       550        550           550         91            90              
----------------------------------------------------------------------------------

 Total Ripple Number: Z

 Detection parameters:
     maximum_peak:    4
     maxRippleLength: 100
     detection_peaks: peaks
     num_peaks:       3
