Trial  Det1_2SD   Det2_4SD   Det3_MaxLen   Det4_Join   Det5_Cycles   Det6_Artif_Rej  
1      40         11         11            11          2             1               
2      27         3          3             3           0             0               
3      35         7          7             7           3             2               
4      37         7          7             7           3             2               
5      40         5          5             5           1             1               
6      48         15         15            15          2             2               
7      33         7          7             7           1             1               
8      40         10         10            10          4             4               
9      27         3          3             3           0             0               
10     32         13         13            12          1             1               
11     42         10         10            10          0             0               
12     34         9          9             9           2             2               
13     28         8          8             8           1             1               
14     42         9          9             9           2             2               
15     39         11         11            11          2             2               
16     41         12         12            11          2             2               
17     34         11         11            11          1             1               
18     32         8          8             8           2             2               
19     33         5          5             4           1             1               
20     42         8          8             8           3             3               
21     31         7          7             7           3             3               
22     32         5          5             5           2             2               
23     41         10         10            10          2             2               
24     35         5          5             5           1             1               
25     37         10         10            10          1             1               
26     43         8          8             8           0             0               
27     37         4          4             4           0             0               
28     35         5          5             4           2             2               
29     37         11         11            11          0             0               
30     38         16         16            16          2             2               
31     31         10         10            10          0             0               
32     34         7          7             7           1             1               
33     34         7          7             7           2             2               
34     41         10         10            10          4             4               
35     43         11         11            11          0             0               
36     34         9          9             9           2             2               
37     30         8          8             8           2             2               
38     25         6          6             6           0             0               
39     30         4          4             4           0             0               
40     32         3          3             3           0             0               
41     34         5          5             5           0             0               
42     36         10         10            10          1             1               
43     41         10         10            10          2             2               
44     37         7          7             7           1             1               
45     38         7          7             7           0             0               
46     40         6          6             6           0             0               
47     33         7          7             7           1             1               
48     34         7          7             7           1             1               
49     29         4          4             4           1             1               
50     22         5          5             5           1             1               
51     33         8          8             8           1             1               
52     38         8          8             8           1             1               
53     34         7          7             7           1             1               
54     33         8          8             8           1             1               
55     39         7          7             7           0             0               
56     36         7          7             7           0             0               
57     32         6          6             6           2             2               
58     40         13         13            13          3             3               
59     35         7          7             7           0             0               
60     32         7          7             7           1             1               
61     36         10         10            10          2             2               
62     34         7          7             7           1             1               
63     30         6          6             6           0             0               
64     36         3          3             3           0             0               
65     37         11         11            11          1             1               
66     29         8          8             8           0             0               
67     40         6          6             6           2             2               
68     40         8          8             8           1             1               
69     31         9          9             9           0             0               
70     27         5          5             5           1             1               
71     30         6          6             6           3             3               
72     35         11         11            11          0             0               
73     34         4          4             4           0             0               
74     38         5          5             5           0             0               
75     38         7          7             7           1             1               
76     28         9          9             9           3             3               
77     32         3          3             3           1             1               
78     29         3          3             3           0             0               
79     32         9          9             9           2             2               
80     39         8          8             8           1             1               
----------------------------------------------------------------------------------
SUM    2797       612        612           608         94            91              
----------------------------------------------------------------------------------

 Total Ripple Number: [

 Detection parameters:
     maximum_peak:    4
     maxRippleLength: 100
     detection_peaks: peaks
     num_peaks:       3
