Trial  Det1_2SD   Det2_4SD   Det3_MaxLen   Det4_Join   Det5_Cycles   68               101                
t6_Artif_Rej Det7_Spctr_Peak 1      25         3          3             3           0             0                0                  
2      18         0          0             0           0             0                0                  
3      29         2          2             2           1             1                0                  
4      16         1          1             1           0             0                0                  
5      16         0          0             0           0             0                0                  
6      26         1          1             1           0             0                0                  
7      25         0          0             0           0             0                0                  
8      15         1          1             1           1             1                1                  
9      22         2          2             2           1             1                0                  
10     24         4          4             4           3             3                2                  
11     20         1          1             1           0             0                0                  
12     22         3          3             3           2             2                1                  
13     39         6          6             6           3             3                2                  
14     17         0          0             0           0             0                0                  
15     34         3          3             3           1             1                1                  
16     29         1          1             1           0             0                0                  
17     30         2          2             2           1             1                0                  
18     23         0          0             0           0             0                0                  
19     28         5          5             3           2             2                1                  
20     20         1          1             1           0             0                0                  
21     21         3          3             3           2             2                0                  
22     18         2          2             2           2             2                1                  
23     20         2          2             2           2             2                1                  
24     26         3          3             3           2             2                0                  
25     34         7          7             7           4             3                3                  
26     30         3          3             3           3             3                3                  
27     17         1          1             1           0             0                0                  
28     22         0          0             0           0             0                0                  
29     20         1          1             1           0             0                0                  
30     30         3          3             3           2             2                1                  
31     25         0          0             0           0             0                0                  
32     36         4          4             4           3             3                3                  
33     25         0          0             0           0             0                0                  
34     34         1          1             1           0             0                0                  
35     38         5          5             5           2             2                2                  
36     31         2          2             2           0             0                0                  
37     30         1          1             1           0             0                0                  
38     25         1          1             1           0             0                0                  
39     25         1          1             1           1             1                1                  
40     34         3          3             2           2             2                1                  
41     22         1          1             1           1             1                1                  
42     28         1          1             1           1             1                0                  
43     20         0          0             0           0             0                0                  
44     33         6          6             6           1             1                1                  
45     28         6          6             6           1             1                1                  
46     25         2          2             2           2             2                2                  
47     23         3          3             2           1             1                0                  
48     16         0          0             0           0             0                0                  
49     29         3          3             3           2             2                1                  
50     19         0          0             0           0             0                0                  
51     24         0          0             0           0             0                0                  
52     30         2          2             2           0             0                0                  
53     23         6          6             4           4             4                3                  
54     27         1          1             1           1             1                0                  
55     25         4          4             4           2             2                2                  
56     24         5          5             5           2             2                2                  
57     23         0          0             0           0             0                0                  
58     25         3          3             3           1             1                1                  
59     22         0          0             0           0             0                0                  
60     35         4          4             4           2             1                0                  
61     25         0          0             0           0             0                0                  
62     27         2          2             2           2             2                1                  
63     37         4          4             4           3             3                2                  
64     14         2          2             2           1             1                0                  
65     20         1          1             1           0             0                0                  
66     35         4          4             3           2             2                1                  
67     16         2          2             1           1             1                1                  
68     25         0          0             0           0             0                0                  
69     21         0          0             0           0             0                0                  
70     35         5          5             4           3             3                1                  
71     33         2          2             2           1             1                0                  
72     25         2          2             2           2             2                0                  
73     28         3          3             3           2             2                0                  
74     35         9          9             6           4             4                2                  
75     19         6          6             3           2             2                0                  
76     17         1          1             1           0             0                0                  
77     24         1          1             1           1             1                1                  
78     17         0          0             0           0             0                0                  
79     42         2          2             2           2             2                2                  
80     28         3          3             2           1             1                0                  
----------------------------------------------------------------------------------
SUM    2043       175        175           159         88            86               49                 
----------------------------------------------------------------------------------

 Total Ripple Number: 1

 Detection parameters:
     maximum_peak:    4
     maxRippleLength: 100
     detection_peaks: peaks
     num_peaks:       3
