Trial  Det1_2SD   Det2_4SD   Det3_MaxLen   Det4_Join   Det5_Cycles   68               101                
t6_Artif_Rej Det7_Spctr_Peak 1      19         1          1             1           0             0                0                  
2      29         0          0             0           0             0                0                  
3      30         3          3             3           2             2                1                  
4      22         1          1             1           0             0                0                  
5      20         1          1             1           1             1                1                  
6      36         0          0             0           0             0                0                  
7      23         4          4             4           2             2                2                  
8      26         2          2             2           1             1                1                  
9      20         1          1             1           0             0                0                  
10     17         3          3             3           3             3                1                  
11     25         0          0             0           0             0                0                  
12     23         2          2             1           1             1                1                  
13     41         4          4             4           3             3                1                  
14     24         0          0             0           0             0                0                  
15     34         4          4             4           1             1                1                  
16     33         3          3             3           1             1                1                  
17     31         0          0             0           0             0                0                  
18     15         1          1             1           1             1                1                  
19     23         3          3             2           1             1                1                  
20     17         0          0             0           0             0                0                  
21     34         3          3             3           2             2                1                  
22     29         0          0             0           0             0                0                  
23     20         3          3             3           3             3                1                  
24     19         3          3             3           2             2                1                  
25     33         0          0             0           0             0                0                  
26     34         0          0             0           0             0                0                  
27     25         1          1             1           0             0                0                  
28     23         1          1             1           1             1                0                  
29     21         1          1             1           0             0                0                  
30     35         5          5             5           4             4                2                  
31     15         2          2             2           2             2                0                  
32     31         0          0             0           0             0                0                  
33     22         2          2             2           1             1                1                  
34     28         1          1             1           1             1                1                  
35     36         2          2             2           1             1                1                  
36     37         5          5             4           3             2                1                  
37     24         4          4             4           2             2                2                  
38     23         0          0             0           0             0                0                  
39     14         0          0             0           0             0                0                  
40     31         4          4             3           2             2                1                  
41     37         4          4             4           1             1                0                  
42     33         2          2             2           1             1                0                  
43     32         1          1             1           0             0                0                  
44     29         2          2             2           2             2                1                  
45     32         1          1             1           1             1                0                  
46     22         0          0             0           0             0                0                  
47     24         2          2             2           1             1                1                  
48     17         0          0             0           0             0                0                  
49     36         0          0             0           0             0                0                  
50     22         2          2             2           1             1                0                  
51     31         2          2             2           1             1                0                  
52     25         1          1             1           1             1                1                  
53     33         5          5             4           3             3                3                  
54     19         1          1             1           1             1                1                  
55     23         1          1             1           1             1                1                  
56     30         1          1             1           1             1                0                  
57     27         1          1             1           0             0                0                  
58     15         0          0             0           0             0                0                  
59     17         1          1             1           0             0                0                  
60     28         2          2             2           2             2                0                  
61     23         0          0             0           0             0                0                  
62     21         3          3             3           2             1                1                  
63     31         6          6             6           5             5                4                  
64     25         0          0             0           0             0                0                  
65     37         1          1             1           0             0                0                  
66     32         4          4             4           3             3                2                  
67     23         1          1             1           1             1                1                  
68     23         0          0             0           0             0                0                  
69     26         3          3             3           1             1                1                  
70     35         5          5             5           1             1                0                  
71     29         2          2             2           1             1                0                  
72     23         1          1             1           1             1                1                  
73     21         1          1             1           0             0                0                  
74     37         4          4             3           2             2                1                  
75     23         3          3             2           2             2                1                  
76     29         2          2             2           2             2                1                  
77     35         2          2             2           2             2                1                  
78     22         0          0             0           0             0                0                  
79     20         2          2             2           0             0                0                  
80     26         2          2             2           1             1                1                  
----------------------------------------------------------------------------------
SUM    2115       141        141           134         82            80               47                 
----------------------------------------------------------------------------------

 Total Ripple Number: /

 Detection parameters:
     maximum_peak:    4
     maxRippleLength: 100
     detection_peaks: peaks
     num_peaks:       3
