Trial  Det1_2SD   Det2_4SD   Det3_MaxLen   Det4_Join   Det5_Cycles   68               101                
t6_Artif_Rej Det7_Spctr_Peak 1      30         1          1             1           1             1                1                  
2      33         0          0             0           0             0                0                  
3      36         1          1             1           1             1                1                  
4      20         0          0             0           0             0                0                  
5      22         0          0             0           0             0                0                  
6      28         1          1             1           0             0                0                  
7      26         1          1             1           0             0                0                  
8      30         1          1             1           0             0                0                  
9      39         1          1             1           0             0                0                  
10     24         4          4             4           1             1                0                  
11     26         1          1             1           1             1                1                  
12     22         0          0             0           0             0                0                  
13     40         6          6             6           3             3                3                  
14     32         0          0             0           0             0                0                  
15     40         1          1             1           0             0                0                  
16     37         4          4             4           0             0                0                  
17     13         2          2             2           0             0                0                  
18     23         1          1             1           0             0                0                  
19     27         3          3             3           2             2                2                  
20     33         2          2             2           1             1                0                  
21     28         1          1             1           0             0                0                  
22     23         0          0             0           0             0                0                  
23     31         3          3             3           2             2                2                  
24     28         4          4             4           2             2                1                  
25     34         0          0             0           0             0                0                  
26     26         0          0             0           0             0                0                  
27     25         4          4             4           3             3                2                  
28     27         0          0             0           0             0                0                  
29     21         0          0             0           0             0                0                  
30     28         2          2             2           1             1                1                  
31     25         1          1             1           0             0                0                  
32     27         0          0             0           0             0                0                  
33     25         1          1             1           0             0                0                  
34     31         1          1             1           1             1                1                  
35     37         1          1             1           1             1                1                  
36     31         4          4             4           1             1                1                  
37     30         1          1             1           1             1                1                  
38     22         0          0             0           0             0                0                  
39     26         0          0             0           0             0                0                  
40     39         2          2             2           1             1                1                  
41     30         1          1             1           0             0                0                  
42     25         0          0             0           0             0                0                  
43     31         1          1             1           0             0                0                  
44     28         2          2             2           2             2                1                  
45     33         3          3             3           2             2                1                  
46     23         0          0             0           0             0                0                  
47     31         0          0             0           0             0                0                  
48     25         2          2             2           0             0                0                  
49     33         1          1             1           0             0                0                  
50     14         0          0             0           0             0                0                  
51     20         0          0             0           0             0                0                  
52     31         2          2             2           0             0                0                  
53     25         5          5             4           2             2                2                  
54     21         0          0             0           0             0                0                  
55     27         1          1             1           1             1                0                  
56     24         1          1             1           0             0                0                  
57     29         0          0             0           0             0                0                  
58     17         0          0             0           0             0                0                  
59     19         0          0             0           0             0                0                  
60     25         1          1             1           0             0                0                  
61     22         1          1             1           0             0                0                  
62     28         0          0             0           0             0                0                  
63     40         0          0             0           0             0                0                  
64     23         0          0             0           0             0                0                  
65     32         4          4             4           2             2                2                  
66     39         5          5             4           2             2                1                  
67     34         2          2             2           1             1                1                  
68     27         0          0             0           0             0                0                  
69     25         1          1             1           0             0                0                  
70     27         2          2             2           1             1                0                  
71     28         1          1             1           1             1                1                  
72     27         0          0             0           0             0                0                  
73     19         0          0             0           0             0                0                  
74     34         2          2             2           2             2                1                  
75     36         3          3             3           1             1                0                  
76     28         1          1             1           1             1                1                  
77     34         3          3             3           1             1                1                  
78     23         1          1             1           0             0                0                  
79     22         0          0             0           0             0                0                  
80     30         1          1             1           0             0                0                  
----------------------------------------------------------------------------------
SUM    2234       102        102           100         42            42               31                 
----------------------------------------------------------------------------------

 Total Ripple Number: 

 Detection parameters:
     maximum_peak:    4
     maxRippleLength: 100
     detection_peaks: peaks
     num_peaks:       3
