Trial  Det1_2SD   Det2_4SD   Det3_MaxLen   Det4_Join   Det5_Cycles   68               101                
t6_Artif_Rej Det7_Spctr_Peak 1      22         4          4             4           1             1                0                  
2      19         2          2             2           2             2                1                  
3      33         1          1             1           0             0                0                  
4      20         1          1             1           0             0                0                  
5      27         2          2             2           1             1                1                  
6      23         2          2             2           1             1                0                  
7      27         4          4             3           1             1                1                  
8      24         4          4             3           2             2                2                  
9      23         0          0             0           0             0                0                  
10     25         3          3             2           1             1                0                  
11     29         5          5             4           3             3                0                  
12     28         1          1             1           1             1                0                  
13     23         2          2             2           2             2                0                  
14     21         3          3             3           1             1                0                  
15     33         3          3             3           1             1                1                  
16     32         4          4             4           1             1                0                  
17     22         2          2             2           1             1                0                  
18     26         2          2             2           2             2                0                  
19     32         10         10            8           5             4                0                  
20     25         3          3             3           1             1                0                  
21     28         3          3             2           2             1                0                  
22     20         0          0             0           0             0                0                  
23     25         3          3             3           3             3                2                  
24     30         1          1             1           0             0                0                  
25     28         3          3             3           0             0                0                  
26     31         4          4             3           1             1                0                  
27     30         2          2             2           1             1                1                  
28     19         1          1             1           0             0                0                  
29     15         1          1             1           0             0                0                  
30     32         4          4             4           1             1                0                  
31     30         4          4             4           2             2                0                  
32     33         4          4             4           1             1                1                  
33     23         2          2             2           2             2                1                  
34     27         2          2             2           1             1                1                  
35     32         3          3             3           3             3                3                  
36     30         2          2             2           2             2                2                  
37     23         2          2             2           1             1                1                  
38     16         2          2             2           0             0                0                  
39     31         0          0             0           0             0                0                  
40     28         1          1             1           0             0                0                  
41     30         3          3             3           0             0                0                  
42     30         4          4             3           2             1                0                  
43     22         2          2             2           1             0                0                  
44     38         5          5             5           2             2                1                  
45     29         5          5             5           2             2                0                  
46     25         4          4             3           3             3                0                  
47     32         5          5             5           0             0                0                  
48     24         3          3             3           0             0                0                  
49     27         4          4             4           1             1                0                  
50     23         3          3             2           1             1                0                  
51     35         2          2             1           1             1                0                  
52     18         1          1             1           1             1                1                  
53     24         7          7             5           3             3                0                  
54     27         2          2             2           1             1                0                  
55     25         1          1             1           0             0                0                  
56     24         1          1             1           0             0                0                  
57     31         1          1             1           0             0                0                  
58     24         1          1             1           0             0                0                  
59     24         3          3             3           1             0                0                  
60     27         5          5             5           3             3                1                  
61     36         3          3             3           2             2                1                  
62     23         4          4             4           2             2                1                  
63     17         0          0             0           0             0                0                  
64     20         1          1             1           0             0                0                  
65     25         1          1             1           0             0                0                  
66     44         5          5             4           2             2                1                  
67     25         2          2             2           1             1                1                  
68     21         1          1             1           0             0                0                  
69     23         2          2             1           1             1                0                  
70     37         2          2             2           1             1                0                  
71     28         1          1             1           1             1                0                  
72     35         4          4             3           2             1                0                  
73     21         3          3             3           3             2                2                  
74     34         7          7             5           2             2                1                  
75     35         5          5             4           2             2                1                  
76     32         2          2             2           1             1                0                  
77     34         5          5             5           4             4                2                  
78     31         2          2             2           1             1                0                  
79     38         10         10            9           5             5                1                  
80     42         6          6             6           2             2                1                  
----------------------------------------------------------------------------------
SUM    2185       230        230           209         101           94               33                 
----------------------------------------------------------------------------------

 Total Ripple Number: !

 Detection parameters:
     maximum_peak:    4
     maxRippleLength: 100
     detection_peaks: peaks
     num_peaks:       3
