Trial  Det1_2SD   Det2_4SD   Det3_MaxLen   Det4_Join   Det5_Cycles   68               101                
t6_Artif_Rej Det7_Spctr_Peak 1      31         0          0             0           0             0                0                  
2      20         1          1             1           0             0                0                  
3      29         1          1             1           1             1                0                  
4      28         0          0             0           0             0                0                  
5      17         0          0             0           0             0                0                  
6      32         3          3             3           1             1                0                  
7      22         4          4             4           0             0                0                  
8      21         3          3             3           1             1                1                  
9      34         0          0             0           0             0                0                  
10     28         3          3             3           3             3                1                  
11     30         1          1             1           1             1                1                  
12     17         1          1             1           0             0                0                  
13     23         3          3             3           2             2                2                  
14     16         0          0             0           0             0                0                  
15     31         1          1             1           0             0                0                  
16     33         3          3             3           2             2                1                  
17     20         0          0             0           0             0                0                  
18     24         1          1             1           1             1                1                  
19     19         3          3             3           2             2                1                  
20     22         1          1             1           0             0                0                  
21     23         2          2             2           2             2                2                  
22     22         1          1             1           0             0                0                  
23     18         3          3             3           3             3                2                  
24     22         1          1             1           1             1                0                  
25     32         0          0             0           0             0                0                  
26     24         2          2             2           1             1                0                  
27     21         3          3             3           2             2                2                  
28     22         0          0             0           0             0                0                  
29     15         0          0             0           0             0                0                  
30     25         5          5             5           3             3                3                  
31     27         2          2             2           0             0                0                  
32     34         4          4             4           2             2                0                  
33     15         0          0             0           0             0                0                  
34     26         1          1             1           0             0                0                  
35     34         3          3             3           2             2                2                  
36     42         5          5             5           5             4                1                  
37     25         4          4             4           2             2                2                  
38     30         0          0             0           0             0                0                  
39     23         0          0             0           0             0                0                  
40     29         3          3             3           2             2                1                  
41     35         2          2             2           1             1                1                  
42     30         4          4             4           1             0                0                  
43     29         0          0             0           0             0                0                  
44     23         2          2             2           1             1                0                  
45     23         3          3             3           2             1                1                  
46     30         1          1             1           0             0                0                  
47     22         1          1             1           0             0                0                  
48     26         0          0             0           0             0                0                  
49     42         2          2             2           1             1                1                  
50     21         1          1             1           0             0                0                  
51     23         1          1             1           1             1                0                  
52     22         1          1             1           0             0                0                  
53     27         5          5             4           3             3                2                  
54     32         3          3             3           1             1                1                  
55     27         1          1             1           1             1                0                  
56     22         1          1             1           1             1                1                  
57     31         0          0             0           0             0                0                  
58     17         0          0             0           0             0                0                  
59     19         1          1             1           1             1                1                  
60     23         2          2             1           1             1                0                  
61     24         2          2             2           0             0                0                  
62     27         3          3             3           3             2                2                  
63     37         2          2             2           1             1                1                  
64     19         0          0             0           0             0                0                  
65     34         0          0             0           0             0                0                  
66     29         5          5             4           4             4                1                  
67     23         1          1             1           1             1                1                  
68     14         0          0             0           0             0                0                  
69     26         2          2             2           2             2                1                  
70     45         2          2             1           0             0                0                  
71     30         3          3             2           2             2                0                  
72     30         2          2             2           1             1                1                  
73     24         1          1             1           1             1                1                  
74     33         4          4             3           3             3                1                  
75     16         3          3             3           2             2                0                  
76     24         2          2             2           1             1                1                  
77     37         3          3             3           3             3                3                  
78     13         0          0             0           0             0                0                  
79     20         0          0             0           0             0                0                  
80     24         2          2             2           1             1                0                  
----------------------------------------------------------------------------------
SUM    2059       136        136           130         79            75               44                 
----------------------------------------------------------------------------------

 Total Ripple Number: ,

 Detection parameters:
     maximum_peak:    4
     maxRippleLength: 100
     detection_peaks: peaks
     num_peaks:       3
