Trial  Det1_2SD   Det2_4SD   Det3_MaxLen   Det4_Join   Det5_Cycles   68               101                
t6_Artif_Rej Det7_Spctr_Peak 1      29         1          1             1           0             0                0                  
2      19         0          0             0           0             0                0                  
3      26         1          1             1           0             0                0                  
4      24         1          1             1           0             0                0                  
5      19         2          2             2           0             0                0                  
6      34         3          3             3           1             1                1                  
7      28         1          1             1           1             1                1                  
8      28         3          3             3           3             3                3                  
9      30         3          3             3           0             0                0                  
10     32         4          4             3           2             2                0                  
11     26         1          1             1           1             1                0                  
12     20         2          2             2           0             0                0                  
13     30         8          8             8           4             4                2                  
14     22         3          3             3           0             0                0                  
15     33         3          3             3           2             2                1                  
16     28         2          2             2           1             1                1                  
17     29         1          1             1           0             0                0                  
18     35         2          2             2           1             1                1                  
19     28         7          7             5           2             2                1                  
20     22         4          4             4           1             1                1                  
21     26         4          4             3           3             3                0                  
22     26         0          0             0           0             0                0                  
23     22         3          3             3           0             0                0                  
24     29         1          1             1           1             1                1                  
25     47         8          8             5           2             2                0                  
26     34         2          2             2           1             1                1                  
27     18         1          1             1           1             1                0                  
28     21         1          1             1           1             1                1                  
29     25         1          1             1           0             0                0                  
30     46         8          8             7           3             3                1                  
31     40         6          6             6           4             4                2                  
32     37         3          3             3           0             0                0                  
33     26         0          0             0           0             0                0                  
34     19         0          0             0           0             0                0                  
35     24         2          2             2           0             0                0                  
36     37         4          4             4           3             3                3                  
37     22         1          1             1           1             1                1                  
38     25         2          2             2           1             1                1                  
39     32         3          3             3           1             1                1                  
40     29         2          2             2           1             1                0                  
41     39         1          1             1           0             0                0                  
42     32         4          4             4           2             2                2                  
43     27         2          2             2           1             1                1                  
44     32         5          5             5           3             3                1                  
45     35         7          7             7           6             5                2                  
46     30         2          2             2           0             0                0                  
47     17         1          1             1           1             1                0                  
48     33         4          4             4           3             2                2                  
49     29         1          1             1           1             1                1                  
50     23         3          3             2           1             1                0                  
51     37         5          5             4           2             2                1                  
52     21         0          0             0           0             0                0                  
53     30         3          3             2           1             1                0                  
54     24         2          2             1           1             1                0                  
55     34         1          1             1           1             1                1                  
56     24         1          1             1           0             0                0                  
57     34         1          1             1           0             0                0                  
58     35         4          4             4           0             0                0                  
59     22         2          2             2           0             0                0                  
60     30         3          3             3           2             2                1                  
61     32         3          3             3           0             0                0                  
62     25         1          1             1           1             1                1                  
63     24         1          1             1           0             0                0                  
64     25         3          3             3           2             2                1                  
65     31         1          1             1           0             0                0                  
66     27         7          7             7           4             4                1                  
67     25         3          3             2           2             1                0                  
68     33         1          1             1           0             0                0                  
69     20         1          1             1           0             0                0                  
70     31         3          3             3           1             1                0                  
71     21         2          2             2           1             1                1                  
72     29         2          2             2           0             0                0                  
73     28         1          1             1           0             0                0                  
74     31         3          3             2           2             2                1                  
75     28         4          4             3           2             2                1                  
76     28         1          1             1           0             0                0                  
77     33         3          3             3           0             0                0                  
78     20         2          2             2           1             1                1                  
79     32         5          5             5           3             3                2                  
80     32         7          7             7           3             3                2                  
----------------------------------------------------------------------------------
SUM    2270       210        210           195         89            86               47                 
----------------------------------------------------------------------------------

 Total Ripple Number: /

 Detection parameters:
     maximum_peak:    4
     maxRippleLength: 100
     detection_peaks: peaks
     num_peaks:       3
