Trial  Det1_2SD   Det2_4SD   Det3_MaxLen   Det4_Join   Det5_Cycles   68               101                
t6_Artif_Rej Det7_Spctr_Peak 1      20         1          1             1           0             0                0                  
2      19         1          1             1           0             0                0                  
3      18         0          0             0           0             0                0                  
4      35         1          1             1           0             0                0                  
5      20         1          1             1           0             0                0                  
6      25         1          1             1           1             1                0                  
7      23         3          3             3           2             1                0                  
8      28         1          1             1           1             1                0                  
9      28         1          1             1           0             0                0                  
10     25         2          2             2           0             0                0                  
11     29         0          0             0           0             0                0                  
12     17         1          1             1           1             1                1                  
13     19         3          3             3           1             1                1                  
14     28         0          0             0           0             0                0                  
15     19         2          2             2           0             0                0                  
16     31         0          0             0           0             0                0                  
17     25         0          0             0           0             0                0                  
18     32         2          2             2           0             0                0                  
19     36         6          6             6           4             4                1                  
20     30         0          0             0           0             0                0                  
21     23         1          1             1           0             0                0                  
22     20         0          0             0           0             0                0                  
23     23         2          2             2           2             2                2                  
24     26         1          1             1           1             1                1                  
25     24         2          2             2           2             2                1                  
26     35         5          5             5           4             4                1                  
27     25         3          3             3           3             3                0                  
28     28         2          2             2           2             2                0                  
29     24         0          0             0           0             0                0                  
30     22         0          0             0           0             0                0                  
31     35         3          3             3           0             0                0                  
32     19         1          1             1           0             0                0                  
33     26         1          1             1           1             1                1                  
34     40         4          4             3           1             1                0                  
35     25         3          3             2           1             1                0                  
36     32         1          1             1           0             0                0                  
37     23         1          1             1           0             0                0                  
38     24         0          0             0           0             0                0                  
39     30         2          2             2           1             1                1                  
40     23         0          0             0           0             0                0                  
41     28         2          2             2           1             1                0                  
42     23         2          2             2           2             1                0                  
43     20         0          0             0           0             0                0                  
44     36         8          8             6           5             5                1                  
45     17         0          0             0           0             0                0                  
46     34         3          3             3           3             3                2                  
47     24         5          5             4           3             2                0                  
48     19         2          2             2           1             1                0                  
49     30         3          3             3           0             0                0                  
50     20         0          0             0           0             0                0                  
51     27         0          0             0           0             0                0                  
52     27         3          3             3           3             3                2                  
53     38         5          5             5           4             3                2                  
54     31         4          4             4           1             1                0                  
55     23         1          1             1           0             0                0                  
56     31         1          1             1           1             1                0                  
57     29         0          0             0           0             0                0                  
58     21         1          1             1           0             0                0                  
59     23         2          2             2           1             1                1                  
60     31         4          4             4           3             3                3                  
61     25         4          4             3           2             2                0                  
62     25         1          1             1           1             1                1                  
63     23         2          2             2           1             1                1                  
64     22         1          1             1           1             0                0                  
65     21         2          2             2           1             1                0                  
66     22         2          2             2           2             2                0                  
67     21         2          2             2           2             2                1                  
68     18         3          3             3           1             1                1                  
69     24         1          1             1           0             0                0                  
70     35         5          5             5           4             3                1                  
71     20         1          1             1           0             0                0                  
72     19         1          1             1           1             1                0                  
73     22         2          2             2           1             1                0                  
74     31         3          3             3           2             2                0                  
75     22         0          0             0           0             0                0                  
76     25         0          0             0           0             0                0                  
77     20         2          2             2           1             1                0                  
78     27         4          4             4           3             3                1                  
79     26         7          7             7           6             6                1                  
80     29         8          8             8           5             5                3                  
----------------------------------------------------------------------------------
SUM    2043       155        155           149         90            84               31                 
----------------------------------------------------------------------------------

 Total Ripple Number: 

 Detection parameters:
     maximum_peak:    4
     maxRippleLength: 100
     detection_peaks: peaks
     num_peaks:       3
