Trial  Det1_2SD   Det2_4SD   Det3_MaxLen   Det4_Join   Det5_Cycles   68               101                
t6_Artif_Rej Det7_Spctr_Peak 1      26         1          1             1           1             1                1                  
2      20         0          0             0           0             0                0                  
3      22         0          0             0           0             0                0                  
4      19         0          0             0           0             0                0                  
5      21         1          1             1           0             0                0                  
6      21         2          2             2           1             1                0                  
7      29         2          2             2           2             1                0                  
8      25         1          1             1           1             1                0                  
9      25         0          0             0           0             0                0                  
10     32         1          1             1           0             0                0                  
11     28         1          1             1           1             1                1                  
12     17         1          1             1           1             1                1                  
13     22         3          3             3           3             3                2                  
14     29         2          2             2           0             0                0                  
15     19         2          2             2           1             1                1                  
16     19         1          1             1           0             0                0                  
17     35         3          3             3           1             1                1                  
18     28         3          3             3           1             1                1                  
19     29         5          5             5           3             3                1                  
20     27         0          0             0           0             0                0                  
21     28         3          3             3           2             2                1                  
22     34         0          0             0           0             0                0                  
23     27         2          2             2           2             2                2                  
24     23         1          1             1           0             0                0                  
25     26         3          3             3           2             2                1                  
26     43         4          4             3           3             3                1                  
27     18         7          7             6           5             5                2                  
28     30         2          2             2           2             2                1                  
29     19         0          0             0           0             0                0                  
30     27         1          1             1           1             1                1                  
31     38         3          3             3           0             0                0                  
32     18         2          2             2           0             0                0                  
33     26         2          2             2           0             0                0                  
34     37         3          3             3           1             1                0                  
35     30         2          2             2           2             2                1                  
36     29         1          1             1           0             0                0                  
37     18         0          0             0           0             0                0                  
38     22         0          0             0           0             0                0                  
39     33         3          3             3           1             1                0                  
40     25         2          2             2           1             1                1                  
41     30         2          2             2           1             1                0                  
42     23         1          1             1           1             1                1                  
43     20         0          0             0           0             0                0                  
44     39         5          5             4           4             4                0                  
45     15         0          0             0           0             0                0                  
46     26         3          3             3           2             2                1                  
47     25         7          7             6           2             1                1                  
48     15         3          3             3           2             2                1                  
49     27         2          2             2           0             0                0                  
50     24         2          2             1           1             1                0                  
51     24         2          2             1           1             1                0                  
52     29         3          3             3           3             3                2                  
53     34         6          6             6           5             4                2                  
54     28         1          1             1           1             1                0                  
55     27         1          1             1           1             1                0                  
56     21         2          2             2           2             2                1                  
57     29         0          0             0           0             0                0                  
58     18         0          0             0           0             0                0                  
59     20         1          1             1           1             1                1                  
60     26         1          1             1           1             1                1                  
61     37         2          2             2           2             2                0                  
62     22         1          1             1           1             1                1                  
63     18         0          0             0           0             0                0                  
64     15         1          1             1           1             0                0                  
65     21         1          1             1           0             0                0                  
66     29         1          1             1           1             1                0                  
67     33         3          3             3           2             2                1                  
68     22         3          3             3           1             1                1                  
69     20         1          1             1           1             1                1                  
70     34         6          6             6           3             2                1                  
71     26         2          2             2           0             0                0                  
72     14         1          1             1           1             1                1                  
73     32         4          4             4           3             3                1                  
74     36         4          4             4           2             2                0                  
75     21         0          0             0           0             0                0                  
76     26         0          0             0           0             0                0                  
77     28         0          0             0           0             0                0                  
78     22         3          3             3           1             1                0                  
79     30         6          6             6           5             5                0                  
80     40         9          9             8           5             4                2                  
----------------------------------------------------------------------------------
SUM    2070       160        160           153         95            89               40                 
----------------------------------------------------------------------------------

 Total Ripple Number: (

 Detection parameters:
     maximum_peak:    4
     maxRippleLength: 100
     detection_peaks: peaks
     num_peaks:       3
