Trial  Det1_2SD   Det2_4SD   Det3_MaxLen   Det4_Join   Det5_Cycles   68               101                
t6_Artif_Rej Det7_Spctr_Peak 1      25         0          0             0           0             0                0                  
2      23         0          0             0           0             0                0                  
3      28         0          0             0           0             0                0                  
4      23         0          0             0           0             0                0                  
5      17         0          0             0           0             0                0                  
6      36         4          4             4           4             4                2                  
7      30         2          2             2           2             1                0                  
8      18         1          1             1           0             0                0                  
9      25         4          4             4           3             3                2                  
10     17         0          0             0           0             0                0                  
11     24         1          1             1           0             0                0                  
12     28         0          0             0           0             0                0                  
13     26         1          1             1           1             1                1                  
14     20         0          0             0           0             0                0                  
15     23         2          2             2           0             0                0                  
16     25         0          0             0           0             0                0                  
17     25         0          0             0           0             0                0                  
18     20         1          1             1           1             1                1                  
19     19         1          1             1           0             0                0                  
20     31         1          1             1           1             1                1                  
21     26         2          2             2           1             1                1                  
22     30         1          1             1           1             1                1                  
23     16         0          0             0           0             0                0                  
24     38         3          3             3           2             2                1                  
25     28         4          4             4           2             2                2                  
26     26         2          2             2           2             2                2                  
27     12         3          3             3           1             1                0                  
28     19         0          0             0           0             0                0                  
29     20         0          0             0           0             0                0                  
30     23         1          1             1           0             0                0                  
31     17         2          2             2           0             0                0                  
32     22         0          0             0           0             0                0                  
33     25         3          3             3           2             2                2                  
34     25         0          0             0           0             0                0                  
35     37         1          1             1           1             1                1                  
36     34         2          2             2           1             1                1                  
37     14         1          1             1           0             0                0                  
38     25         2          2             2           1             1                1                  
39     21         2          2             2           2             2                2                  
40     22         1          1             1           0             0                0                  
41     24         0          0             0           0             0                0                  
42     37         3          3             3           2             1                1                  
43     28         0          0             0           0             0                0                  
44     29         0          0             0           0             0                0                  
45     22         1          1             1           1             1                1                  
46     33         2          2             2           1             1                0                  
47     12         0          0             0           0             0                0                  
48     17         0          0             0           0             0                0                  
49     17         0          0             0           0             0                0                  
50     19         3          3             3           2             2                2                  
51     30         0          0             0           0             0                0                  
52     21         1          1             1           1             1                1                  
53     22         3          3             3           2             2                1                  
54     23         1          1             1           1             1                0                  
55     23         2          2             2           2             2                1                  
56     35         1          1             1           1             1                1                  
57     31         1          1             1           1             1                1                  
58     16         0          0             0           0             0                0                  
59     22         2          2             2           1             1                1                  
60     30         3          3             3           2             2                2                  
61     29         0          0             0           0             0                0                  
62     34         0          0             0           0             0                0                  
63     35         0          0             0           0             0                0                  
64     21         0          0             0           0             0                0                  
65     38         4          4             4           3             3                2                  
66     28         0          0             0           0             0                0                  
67     24         0          0             0           0             0                0                  
68     14         0          0             0           0             0                0                  
69     25         3          3             3           2             2                2                  
70     16         1          1             1           1             1                0                  
71     30         5          5             5           4             4                3                  
72     25         1          1             1           1             1                1                  
73     19         1          1             1           0             0                0                  
74     28         1          1             1           1             1                1                  
75     30         1          1             1           0             0                0                  
76     29         2          2             2           1             1                1                  
77     25         0          0             0           0             0                0                  
78     27         3          3             3           2             2                0                  
79     17         2          2             2           1             1                1                  
80     18         0          0             0           0             0                0                  
----------------------------------------------------------------------------------
SUM    1966       95         95            95          61            59               44                 
----------------------------------------------------------------------------------

 Total Ripple Number: ,

 Detection parameters:
     maximum_peak:    4
     maxRippleLength: 100
     detection_peaks: peaks
     num_peaks:       3
