Trial  Det1_2SD   Det2_4SD   Det3_MaxLen   Det4_Join   Det5_Cycles   68               101                
t6_Artif_Rej Det7_Spctr_Peak 1      33         7          7             7           5             5                4                  
2      21         7          7             7           1             1                0                  
3      19         4          4             4           2             2                2                  
4      18         3          3             3           2             2                0                  
5      27         7          7             7           4             4                1                  
6      18         5          5             5           3             2                2                  
7      22         6          6             6           4             4                4                  
8      25         7          7             7           5             5                5                  
9      21         5          5             5           3             3                3                  
10     15         2          2             2           1             1                1                  
11     16         2          2             2           1             1                0                  
12     12         1          1             1           1             1                0                  
13     17         3          3             2           2             2                1                  
14     30         5          5             5           3             3                1                  
15     19         4          4             4           2             2                2                  
16     10         4          4             4           1             1                1                  
17     18         3          3             3           1             1                0                  
18     18         2          2             2           1             1                0                  
19     25         4          4             4           1             1                1                  
20     21         4          4             4           1             1                1                  
21     24         4          4             4           3             2                1                  
22     22         4          4             3           3             3                1                  
23     31         10         10            9           5             5                3                  
24     24         8          8             8           4             4                3                  
25     16         4          4             4           1             1                1                  
26     18         4          4             4           3             3                3                  
27     13         1          1             1           1             1                1                  
28     29         7          7             7           4             3                2                  
29     32         5          5             5           2             2                1                  
30     25         3          3             3           0             0                0                  
31     12         0          0             0           0             0                0                  
32     14         1          1             1           1             1                0                  
33     19         4          4             4           2             2                0                  
34     26         9          9             9           4             4                1                  
35     29         4          4             4           1             1                0                  
36     36         5          5             5           3             3                2                  
37     28         3          3             3           2             2                2                  
38     19         2          2             2           1             1                1                  
39     26         2          2             2           1             1                0                  
40     25         2          2             2           2             2                2                  
41     19         3          3             3           2             2                2                  
42     46         6          6             6           2             2                1                  
43     28         6          6             6           2             2                2                  
44     22         2          2             2           0             0                0                  
45     25         2          2             2           0             0                0                  
46     19         0          0             0           0             0                0                  
47     14         0          0             0           0             0                0                  
48     24         2          2             2           1             1                1                  
49     21         4          4             4           3             3                2                  
50     26         3          3             3           0             0                0                  
51     23         2          2             2           0             0                0                  
52     19         2          2             2           1             1                1                  
53     20         1          1             1           1             1                1                  
54     15         1          1             1           1             1                1                  
55     34         3          3             3           2             2                2                  
56     31         5          5             5           3             3                2                  
57     23         3          3             3           3             3                3                  
58     31         4          4             4           2             2                1                  
59     32         4          4             4           3             3                2                  
60     29         3          3             3           1             1                1                  
61     33         5          5             5           4             4                3                  
62     33         5          5             5           3             3                3                  
63     25         2          2             2           1             1                1                  
64     31         7          7             7           5             4                3                  
65     20         3          3             3           2             2                2                  
66     15         0          0             0           0             0                0                  
67     36         6          6             5           1             1                1                  
68     36         12         12            12          1             1                1                  
69     25         3          3             3           2             2                2                  
70     30         8          8             8           4             4                3                  
71     32         6          6             6           2             2                2                  
72     32         3          3             3           2             2                1                  
73     18         0          0             0           0             0                0                  
74     23         5          5             5           2             2                2                  
75     31         7          7             6           1             1                1                  
76     43         10         10            9           5             5                3                  
77     23         8          8             8           3             3                2                  
78     13         3          3             3           1             1                1                  
79     18         2          2             2           1             1                1                  
80     34         7          7             7           3             3                2                  
----------------------------------------------------------------------------------
SUM    1925       325        325           319         157           153              109                
----------------------------------------------------------------------------------

 Total Ripple Number: m

 Detection parameters:
     maximum_peak:    4
     maxRippleLength: 100
     detection_peaks: peaks
     num_peaks:       3
