Trial  Det1_2SD   Det2_4SD   Det3_MaxLen   Det4_Join   Det5_Cycles   68               101                
t6_Artif_Rej Det7_Spctr_Peak 1      24         0          0             0           0             0                0                  
2      16         0          0             0           0             0                0                  
3      14         0          0             0           0             0                0                  
4      20         4          4             4           3             3                0                  
5      42         8          8             8           5             5                2                  
6      11         0          0             0           0             0                0                  
7      20         1          1             1           0             0                0                  
8      21         3          3             3           3             3                1                  
9      25         5          5             5           5             5                2                  
10     25         2          2             2           1             1                1                  
11     25         5          5             5           3             3                1                  
12     18         4          4             4           3             3                2                  
13     30         3          3             2           1             1                0                  
14     26         1          1             1           1             1                0                  
15     17         0          0             0           0             0                0                  
16     11         2          2             2           2             2                1                  
17     23         5          5             5           5             5                2                  
18     19         4          4             4           4             4                1                  
19     17         2          2             2           1             1                0                  
20     19         2          2             2           1             1                0                  
21     18         1          1             1           0             0                0                  
22     22         4          4             4           3             3                1                  
23     23         4          4             4           3             2                0                  
24     21         3          3             3           1             1                0                  
25     19         2          2             2           0             0                0                  
26     15         0          0             0           0             0                0                  
27     16         1          1             1           0             0                0                  
28     28         7          7             7           5             4                1                  
29     25         5          5             5           5             5                0                  
30     33         1          1             1           1             1                0                  
31     14         1          1             1           1             1                0                  
32     24         6          6             6           2             2                2                  
33     20         5          5             5           2             2                1                  
34     17         4          4             4           3             3                1                  
35     20         4          4             4           4             4                1                  
36     17         1          1             1           1             1                1                  
37     17         1          1             1           1             1                1                  
38     14         1          1             1           0             0                0                  
39     23         4          4             4           4             4                1                  
40     21         2          2             2           1             1                0                  
41     20         4          4             4           2             2                2                  
42     12         1          1             1           1             1                0                  
43     18         3          3             3           1             1                0                  
44     18         1          1             1           1             1                0                  
45     16         3          3             3           3             3                1                  
46     19         3          3             3           2             2                2                  
47     14         0          0             0           0             0                0                  
48     26         4          4             4           2             2                2                  
49     26         5          5             5           4             4                3                  
50     18         3          3             3           2             2                1                  
51     30         3          3             3           1             1                0                  
52     24         1          1             1           0             0                0                  
53     26         1          1             1           0             0                0                  
54     30         3          3             3           2             2                0                  
55     23         3          3             3           3             3                1                  
56     21         3          3             3           3             3                0                  
57     20         4          4             4           4             4                2                  
58     18         4          4             4           4             4                3                  
59     22         1          1             1           1             1                1                  
60     23         5          5             5           3             3                0                  
61     23         6          6             6           3             3                0                  
62     21         1          1             1           0             0                0                  
63     23         7          7             7           1             1                1                  
64     23         7          7             7           3             3                1                  
65     23         2          2             2           1             1                0                  
66     24         1          1             1           0             0                0                  
67     15         4          4             4           4             4                1                  
68     14         3          3             3           2             2                0                  
69     14         0          0             0           0             0                0                  
70     26         5          5             5           1             1                1                  
71     27         4          4             4           3             2                1                  
72     22         3          3             3           0             0                0                  
73     18         2          2             2           2             2                0                  
74     17         3          3             3           2             2                0                  
75     21         2          2             2           1             1                0                  
76     13         2          2             2           1             1                0                  
77     19         3          3             3           1             1                0                  
78     26         1          1             1           0             0                0                  
79     27         3          3             3           3             3                2                  
80     21         5          5             4           4             4                0                  
----------------------------------------------------------------------------------
SUM    1671       227        227           225         146           143              48                 
----------------------------------------------------------------------------------

 Total Ripple Number: 0

 Detection parameters:
     maximum_peak:    4
     maxRippleLength: 100
     detection_peaks: peaks
     num_peaks:       3
