Trial  Det1_2SD   Det2_4SD   Det3_MaxLen   Det4_Join   Det5_Cycles   68               101                
t6_Artif_Rej Det7_Spctr_Peak 1      16         0          0             0           0             0                0                  
2      17         0          0             0           0             0                0                  
3      17         1          1             1           0             0                0                  
4      18         2          2             2           2             2                1                  
5      27         2          2             2           2             2                1                  
6      11         0          0             0           0             0                0                  
7      17         1          1             1           0             0                0                  
8      24         0          0             0           0             0                0                  
9      29         2          2             2           2             2                1                  
10     23         1          1             1           1             1                0                  
11     33         7          7             7           4             4                1                  
12     22         4          4             4           2             2                2                  
13     25         4          4             4           3             2                1                  
14     30         2          2             2           2             1                0                  
15     20         0          0             0           0             0                0                  
16     21         2          2             2           1             1                0                  
17     23         3          3             3           2             2                1                  
18     26         2          2             2           1             1                0                  
19     16         1          1             1           0             0                0                  
20     21         0          0             0           0             0                0                  
21     27         0          0             0           0             0                0                  
22     27         5          5             4           4             4                2                  
23     26         4          4             3           2             2                0                  
24     21         2          2             2           0             0                0                  
25     20         1          1             1           0             0                0                  
26     16         0          0             0           0             0                0                  
27     20         1          1             1           1             1                0                  
28     17         2          2             2           2             1                0                  
29     18         5          5             5           3             3                0                  
30     29         4          4             4           1             1                0                  
31     25         2          2             2           1             1                0                  
32     23         7          7             7           4             4                4                  
33     25         2          2             2           2             2                1                  
34     25         3          3             3           3             3                1                  
35     23         2          2             2           1             1                0                  
36     30         0          0             0           0             0                0                  
37     26         0          0             0           0             0                0                  
38     12         0          0             0           0             0                0                  
39     17         3          3             3           3             3                1                  
40     19         1          1             1           1             1                0                  
41     26         6          6             5           2             2                1                  
42     13         2          2             2           0             0                0                  
43     20         2          2             2           1             1                0                  
44     18         1          1             1           1             1                1                  
45     17         3          3             3           2             2                1                  
46     13         2          2             2           2             2                1                  
47     17         0          0             0           0             0                0                  
48     24         2          2             2           1             1                1                  
49     25         5          5             4           3             3                1                  
50     21         2          2             2           2             2                0                  
51     25         1          1             1           1             1                0                  
52     17         1          1             1           1             1                0                  
53     28         1          1             1           0             0                0                  
54     23         2          2             2           2             2                0                  
55     27         3          3             3           3             3                1                  
56     15         2          2             2           2             2                0                  
57     17         3          3             3           3             3                1                  
58     27         4          4             4           3             3                2                  
59     19         0          0             0           0             0                0                  
60     19         4          4             4           4             4                2                  
61     23         4          4             4           1             1                1                  
62     27         3          3             3           0             0                0                  
63     27         7          7             7           4             4                1                  
64     29         7          7             7           5             5                2                  
65     24         1          1             1           0             0                0                  
66     21         0          0             0           0             0                0                  
67     19         6          6             5           3             3                1                  
68     13         3          3             2           1             1                0                  
69     13         0          0             0           0             0                0                  
70     28         6          6             6           3             3                0                  
71     38         8          8             7           5             4                1                  
72     25         3          3             3           2             2                1                  
73     20         0          0             0           0             0                0                  
74     30         0          0             0           0             0                0                  
75     18         1          1             1           1             1                1                  
76     15         2          2             2           1             1                1                  
77     20         2          2             2           1             1                0                  
78     18         1          1             1           1             1                0                  
79     31         5          5             5           2             2                0                  
80     24         6          6             6           2             2                0                  
----------------------------------------------------------------------------------
SUM    1756       189        189           182         115           111              38                 
----------------------------------------------------------------------------------

 Total Ripple Number: &

 Detection parameters:
     maximum_peak:    4
     maxRippleLength: 100
     detection_peaks: peaks
     num_peaks:       3
