Trial  Det1_2SD   Det2_4SD   Det3_MaxLen   Det4_Join   Det5_Cycles   68               101                
t6_Artif_Rej Det7_Spctr_Peak 1      34         2          2             2           0             0                0                  
2      27         0          0             0           0             0                0                  
3      20         1          1             1           0             0                0                  
4      19         3          3             3           3             3                0                  
5      40         4          4             4           2             2                0                  
6      15         1          1             1           0             0                0                  
7      23         2          2             2           1             1                1                  
8      28         0          0             0           0             0                0                  
9      28         1          1             1           1             1                0                  
10     22         0          0             0           0             0                0                  
11     27         4          4             4           2             2                2                  
12     21         2          2             2           1             1                0                  
13     31         4          4             4           2             2                0                  
14     28         2          2             2           1             1                0                  
15     11         1          1             1           0             0                0                  
16     23         4          4             4           3             3                1                  
17     31         0          0             0           0             0                0                  
18     38         0          0             0           0             0                0                  
19     28         1          1             1           1             1                1                  
20     17         0          0             0           0             0                0                  
21     21         1          1             1           1             1                1                  
22     27         3          3             3           2             1                0                  
23     23         2          2             2           2             1                0                  
24     15         0          0             0           0             0                0                  
25     23         0          0             0           0             0                0                  
26     26         0          0             0           0             0                0                  
27     20         1          1             1           1             1                0                  
28     29         3          3             3           2             2                1                  
29     32         1          1             1           1             1                1                  
30     38         4          4             4           0             0                0                  
31     33         2          2             2           0             0                0                  
32     31         1          1             1           0             0                0                  
33     32         0          0             0           0             0                0                  
34     25         1          1             1           1             1                1                  
35     14         0          0             0           0             0                0                  
36     26         1          1             1           0             0                0                  
37     24         1          1             1           0             0                0                  
38     15         0          0             0           0             0                0                  
39     32         2          2             2           1             1                0                  
40     23         2          2             2           1             1                1                  
41     32         5          5             4           2             2                1                  
42     23         0          0             0           0             0                0                  
43     29         2          2             2           0             0                0                  
44     22         0          0             0           0             0                0                  
45     27         1          1             1           0             0                0                  
46     29         4          4             4           1             1                1                  
47     26         2          2             2           0             0                0                  
48     23         1          1             1           1             1                1                  
49     30         1          1             1           1             1                1                  
50     22         0          0             0           0             0                0                  
51     44         4          4             4           3             3                0                  
52     28         1          1             1           0             0                0                  
53     27         1          1             1           0             0                0                  
54     31         1          1             1           0             0                0                  
55     35         3          3             3           1             1                0                  
56     24         0          0             0           0             0                0                  
57     30         1          1             1           1             1                1                  
58     45         4          4             4           2             2                2                  
59     24         2          2             2           1             1                1                  
60     20         0          0             0           0             0                0                  
61     33         2          2             2           0             0                0                  
62     39         4          4             4           1             1                1                  
63     28         5          5             4           2             2                1                  
64     29         7          7             6           4             3                1                  
65     28         3          3             3           1             1                0                  
66     22         0          0             0           0             0                0                  
67     27         0          0             0           0             0                0                  
68     19         0          0             0           0             0                0                  
69     22         0          0             0           0             0                0                  
70     37         5          5             5           1             1                0                  
71     45         9          9             9           2             2                0                  
72     20         2          2             2           1             1                0                  
73     24         2          2             2           0             0                0                  
74     26         2          2             2           1             1                0                  
75     26         3          3             3           1             1                0                  
76     22         2          2             2           0             0                0                  
77     33         2          2             2           0             0                0                  
78     41         2          2             2           0             0                0                  
79     46         3          3             3           0             0                0                  
80     40         4          4             4           1             1                0                  
----------------------------------------------------------------------------------
SUM    2198       147        147           144         57            54               21                 
----------------------------------------------------------------------------------

 Total Ripple Number: 

 Detection parameters:
     maximum_peak:    4
     maxRippleLength: 100
     detection_peaks: peaks
     num_peaks:       3
