Trial  Det1_2SD   Det2_4SD   Det3_MaxLen   Det4_Join   Det5_Cycles   68               101                
t6_Artif_Rej Det7_Spctr_Peak 1      24         0          0             0           0             0                0                  
2      38         0          0             0           0             0                0                  
3      27         0          0             0           0             0                0                  
4      34         3          3             3           2             2                0                  
5      34         2          2             2           2             2                0                  
6      24         0          0             0           0             0                0                  
7      21         0          0             0           0             0                0                  
8      30         0          0             0           0             0                0                  
9      23         2          2             2           1             1                1                  
10     29         1          1             1           1             1                1                  
11     35         4          4             3           2             2                1                  
12     28         3          3             2           2             2                1                  
13     24         3          3             2           2             2                1                  
14     23         0          0             0           0             0                0                  
15     13         0          0             0           0             0                0                  
16     24         1          1             1           0             0                0                  
17     23         2          2             2           0             0                0                  
18     19         1          1             1           0             0                0                  
19     23         2          2             2           1             1                1                  
20     22         2          2             2           1             1                0                  
21     21         1          1             1           1             1                1                  
22     29         7          7             6           5             4                0                  
23     22         4          4             4           4             3                0                  
24     24         1          1             1           0             0                0                  
25     30         2          2             2           0             0                0                  
26     35         2          2             2           1             1                0                  
27     24         0          0             0           0             0                0                  
28     27         0          0             0           0             0                0                  
29     35         3          3             3           2             2                1                  
30     37         2          2             2           2             2                2                  
31     30         2          2             1           1             1                0                  
32     30         3          3             2           1             1                0                  
33     30         1          1             1           0             0                0                  
34     30         5          5             4           3             3                1                  
35     25         1          1             1           1             1                1                  
36     32         1          1             1           0             0                0                  
37     41         1          1             1           0             0                0                  
38     22         0          0             0           0             0                0                  
39     23         4          4             3           3             3                0                  
40     31         2          2             2           1             1                0                  
41     31         4          4             4           1             1                0                  
42     28         0          0             0           0             0                0                  
43     29         0          0             0           0             0                0                  
44     21         1          1             1           0             0                0                  
45     26         1          1             1           0             0                0                  
46     31         1          1             1           0             0                0                  
47     20         0          0             0           0             0                0                  
48     26         4          4             3           2             2                0                  
49     37         3          3             3           1             1                0                  
50     29         1          1             1           0             0                0                  
51     31         1          1             1           0             0                0                  
52     32         1          1             1           0             0                0                  
53     35         0          0             0           0             0                0                  
54     27         3          3             3           2             2                1                  
55     30         3          3             3           1             1                1                  
56     29         2          2             2           1             1                1                  
57     24         3          3             3           2             2                1                  
58     24         5          5             5           3             3                2                  
59     17         1          1             1           1             1                1                  
60     26         1          1             1           1             1                1                  
61     29         3          3             3           1             1                0                  
62     36         2          2             2           1             1                1                  
63     27         4          4             4           2             2                1                  
64     37         4          4             4           2             2                0                  
65     32         4          4             4           0             0                0                  
66     24         2          2             2           0             0                0                  
67     23         4          4             4           1             1                0                  
68     24         4          4             4           1             1                0                  
69     26         2          2             2           1             1                1                  
70     34         2          2             2           1             1                0                  
71     39         3          3             3           2             2                0                  
72     26         2          2             2           0             0                0                  
73     26         1          1             1           0             0                0                  
74     34         2          2             2           0             0                0                  
75     23         1          1             1           1             1                0                  
76     21         1          1             1           1             1                0                  
77     16         0          0             0           0             0                0                  
78     24         1          1             1           0             0                0                  
79     41         3          3             2           1             1                0                  
80     29         5          5             3           3             3                0                  
----------------------------------------------------------------------------------
SUM    2220       153        153           141         72            70               23                 
----------------------------------------------------------------------------------

 Total Ripple Number: 

 Detection parameters:
     maximum_peak:    4
     maxRippleLength: 100
     detection_peaks: peaks
     num_peaks:       3
