Trial  Det1_2SD   Det2_4SD   Det3_MaxLen   Det4_Join   Det5_Cycles   68               101                
t6_Artif_Rej Det7_Spctr_Peak 1      19         1          1             1           0             0                0                  
2      35         0          0             0           0             0                0                  
3      27         2          2             2           2             2                1                  
4      24         3          3             3           3             3                2                  
5      33         1          1             1           1             1                0                  
6      23         0          0             0           0             0                0                  
7      28         0          0             0           0             0                0                  
8      33         0          0             0           0             0                0                  
9      20         0          0             0           0             0                0                  
10     30         0          0             0           0             0                0                  
11     31         0          0             0           0             0                0                  
12     25         2          2             1           1             1                0                  
13     35         4          4             2           2             2                0                  
14     29         2          2             2           2             2                2                  
15     19         0          0             0           0             0                0                  
16     27         2          2             2           0             0                0                  
17     30         1          1             1           0             0                0                  
18     28         2          2             2           1             1                0                  
19     25         2          2             2           1             1                0                  
20     18         0          0             0           0             0                0                  
21     24         0          0             0           0             0                0                  
22     28         6          6             6           2             1                0                  
23     31         5          5             5           2             1                0                  
24     26         2          2             2           1             1                1                  
25     27         1          1             1           0             0                0                  
26     29         0          0             0           0             0                0                  
27     25         1          1             1           1             1                0                  
28     29         0          0             0           0             0                0                  
29     36         2          2             2           0             0                0                  
30     36         0          0             0           0             0                0                  
31     26         2          2             1           1             1                0                  
32     34         2          2             1           1             1                0                  
33     30         3          3             3           0             0                0                  
34     33         2          2             2           1             1                0                  
35     32         1          1             1           1             1                1                  
36     29         4          4             4           0             0                0                  
37     27         1          1             1           0             0                0                  
38     23         0          0             0           0             0                0                  
39     30         2          2             2           1             1                0                  
40     35         0          0             0           0             0                0                  
41     40         2          2             2           2             1                0                  
42     22         0          0             0           0             0                0                  
43     37         0          0             0           0             0                0                  
44     28         1          1             1           0             0                0                  
45     35         2          2             2           1             1                0                  
46     26         2          2             2           1             1                1                  
47     24         1          1             1           0             0                0                  
48     21         3          3             3           2             2                2                  
49     23         4          4             4           3             3                3                  
50     21         2          2             2           0             0                0                  
51     27         2          2             2           1             1                0                  
52     27         1          1             1           1             1                0                  
53     37         1          1             1           0             0                0                  
54     22         0          0             0           0             0                0                  
55     29         7          7             7           2             2                1                  
56     30         2          2             2           0             0                0                  
57     20         1          1             1           1             1                1                  
58     21         1          1             1           1             1                1                  
59     21         0          0             0           0             0                0                  
60     22         1          1             1           1             1                0                  
61     25         2          2             2           1             1                0                  
62     34         1          1             1           0             0                0                  
63     30         2          2             2           1             1                0                  
64     27         4          4             4           3             3                1                  
65     28         1          1             1           1             1                1                  
66     16         0          0             0           0             0                0                  
67     16         3          3             3           2             2                1                  
68     19         1          1             1           1             1                1                  
69     19         0          0             0           0             0                0                  
70     31         2          2             2           1             1                0                  
71     34         5          5             5           3             2                0                  
72     18         0          0             0           0             0                0                  
73     21         1          1             1           0             0                0                  
74     31         0          0             0           0             0                0                  
75     25         1          1             1           1             1                0                  
76     26         1          1             1           1             1                0                  
77     26         0          0             0           0             0                0                  
78     23         0          0             0           0             0                0                  
79     21         0          0             0           0             0                0                  
80     21         1          1             1           1             1                0                  
----------------------------------------------------------------------------------
SUM    2153       114        114           109         56            52               20                 
----------------------------------------------------------------------------------

 Total Ripple Number: 

 Detection parameters:
     maximum_peak:    4
     maxRippleLength: 100
     detection_peaks: peaks
     num_peaks:       3
