Trial  Det1_2SD   Det2_4SD   Det3_MaxLen   Det4_Join   Det5_Cycles   68               101                
t6_Artif_Rej Det7_Spctr_Peak 1      22         0          0             0           0             0                0                  
2      28         0          0             0           0             0                0                  
3      28         2          2             2           1             1                0                  
4      29         3          3             3           1             1                0                  
5      29         1          1             1           1             1                0                  
6      30         0          0             0           0             0                0                  
7      24         1          1             1           0             0                0                  
8      22         0          0             0           0             0                0                  
9      29         0          0             0           0             0                0                  
10     30         0          0             0           0             0                0                  
11     34         0          0             0           0             0                0                  
12     32         0          0             0           0             0                0                  
13     32         0          0             0           0             0                0                  
14     35         0          0             0           0             0                0                  
15     20         0          0             0           0             0                0                  
16     34         0          0             0           0             0                0                  
17     27         0          0             0           0             0                0                  
18     32         0          0             0           0             0                0                  
19     25         1          1             1           1             1                0                  
20     21         0          0             0           0             0                0                  
21     30         0          0             0           0             0                0                  
22     25         2          2             2           1             1                0                  
23     28         1          1             1           1             1                0                  
24     22         2          2             2           1             1                1                  
25     17         2          2             2           2             2                1                  
26     40         1          1             1           1             1                1                  
27     32         0          0             0           0             0                0                  
28     26         1          1             1           0             0                0                  
29     29         2          2             2           1             1                0                  
30     36         1          1             1           1             1                0                  
31     31         3          3             3           1             1                0                  
32     32         3          3             3           1             1                0                  
33     37         1          1             1           1             1                0                  
34     26         1          1             1           0             0                0                  
35     21         0          0             0           0             0                0                  
36     28         0          0             0           0             0                0                  
37     25         1          1             1           0             0                0                  
38     24         0          0             0           0             0                0                  
39     30         1          1             1           0             0                0                  
40     28         1          1             1           0             0                0                  
41     34         3          3             3           2             2                0                  
42     31         0          0             0           0             0                0                  
43     21         1          1             1           1             1                1                  
44     22         1          1             1           1             1                1                  
45     24         0          0             0           0             0                0                  
46     29         0          0             0           0             0                0                  
47     43         1          1             1           1             1                1                  
48     36         1          1             1           1             1                1                  
49     32         0          0             0           0             0                0                  
50     31         1          1             1           0             0                0                  
51     28         2          2             2           1             1                0                  
52     35         2          2             2           1             1                0                  
53     23         0          0             0           0             0                0                  
54     19         0          0             0           0             0                0                  
55     24         0          0             0           0             0                0                  
56     27         1          1             1           0             0                0                  
57     22         0          0             0           0             0                0                  
58     26         1          1             1           1             1                0                  
59     28         0          0             0           0             0                0                  
60     24         1          1             1           1             1                0                  
61     37         0          0             0           0             0                0                  
62     42         0          0             0           0             0                0                  
63     32         3          3             3           3             3                1                  
64     24         3          3             3           3             3                0                  
65     26         0          0             0           0             0                0                  
66     22         0          0             0           0             0                0                  
67     32         0          0             0           0             0                0                  
68     28         2          2             2           0             0                0                  
69     17         0          0             0           0             0                0                  
70     26         2          2             2           2             2                2                  
71     26         2          2             2           2             2                2                  
72     17         0          0             0           0             0                0                  
73     15         0          0             0           0             0                0                  
74     28         0          0             0           0             0                0                  
75     29         1          1             1           0             0                0                  
76     29         1          1             1           0             0                0                  
77     26         1          1             1           0             0                0                  
78     29         1          1             1           0             0                0                  
79     27         1          1             1           0             0                0                  
80     29         1          1             1           1             1                0                  
----------------------------------------------------------------------------------
SUM    2230       64         64            64          36            36               12                 
----------------------------------------------------------------------------------

 Total Ripple Number: 

 Detection parameters:
     maximum_peak:    4
     maxRippleLength: 100
     detection_peaks: peaks
     num_peaks:       3
