Trial  Det1_2SD   Det2_4SD   Det3_MaxLen   Det4_Join   Det5_Cycles   68               101                
t6_Artif_Rej Det7_Spctr_Peak 1      28         1          1             1           0             0                0                  
2      23         1          1             1           1             1                1                  
3      31         0          0             0           0             0                0                  
4      44         7          7             4           2             2                0                  
5      37         7          7             4           3             3                1                  
6      30         1          1             1           0             0                0                  
7      27         1          1             1           0             0                0                  
8      31         0          0             0           0             0                0                  
9      25         0          0             0           0             0                0                  
10     33         1          1             1           0             0                0                  
11     42         2          2             2           0             0                0                  
12     29         3          3             3           1             1                1                  
13     26         0          0             0           0             0                0                  
14     31         2          2             2           1             1                0                  
15     29         1          1             1           1             1                0                  
16     30         0          0             0           0             0                0                  
17     33         0          0             0           0             0                0                  
18     30         0          0             0           0             0                0                  
19     28         1          1             1           0             0                0                  
20     19         1          1             1           0             0                0                  
21     14         1          1             1           1             1                1                  
22     49         5          5             2           2             2                1                  
23     31         3          3             1           1             1                0                  
24     27         1          1             1           0             0                0                  
25     25         2          2             2           1             1                1                  
26     33         3          3             3           3             3                3                  
27     24         0          0             0           0             0                0                  
28     23         0          0             0           0             0                0                  
29     27         1          1             1           0             0                0                  
30     26         1          1             1           0             0                0                  
31     31         1          1             1           1             1                0                  
32     30         3          3             3           2             2                2                  
33     26         0          0             0           0             0                0                  
34     21         0          0             0           0             0                0                  
35     31         3          3             3           2             2                1                  
36     35         1          1             1           0             0                0                  
37     33         2          2             2           1             1                1                  
38     32         0          0             0           0             0                0                  
39     20         0          0             0           0             0                0                  
40     23         0          0             0           0             0                0                  
41     33         5          5             3           1             1                0                  
42     28         1          1             1           1             1                0                  
43     29         0          0             0           0             0                0                  
44     20         0          0             0           0             0                0                  
45     31         0          0             0           0             0                0                  
46     34         2          2             2           0             0                0                  
47     27         1          1             1           0             0                0                  
48     25         1          1             1           0             0                0                  
49     34         3          3             3           1             1                1                  
50     39         0          0             0           0             0                0                  
51     31         0          0             0           0             0                0                  
52     22         0          0             0           0             0                0                  
53     23         0          0             0           0             0                0                  
54     23         1          1             1           1             1                1                  
55     28         2          2             2           1             1                1                  
56     29         0          0             0           0             0                0                  
57     21         0          0             0           0             0                0                  
58     26         1          1             1           0             0                0                  
59     31         2          2             2           0             0                0                  
60     23         0          0             0           0             0                0                  
61     22         0          0             0           0             0                0                  
62     32         1          1             1           1             1                1                  
63     27         2          2             2           2             2                1                  
64     43         7          7             4           4             4                1                  
65     31         0          0             0           0             0                0                  
66     28         0          0             0           0             0                0                  
67     27         1          1             1           0             0                0                  
68     19         0          0             0           0             0                0                  
69     20         2          2             2           0             0                0                  
70     24         5          5             5           3             3                1                  
71     33         6          6             6           3             3                0                  
72     26         1          1             1           1             1                0                  
73     29         2          2             2           0             0                0                  
74     31         1          1             1           0             0                0                  
75     33         0          0             0           0             0                0                  
76     39         0          0             0           0             0                0                  
77     34         0          0             0           0             0                0                  
78     27         0          0             0           0             0                0                  
79     26         1          1             1           0             0                0                  
80     42         3          3             2           1             1                0                  
----------------------------------------------------------------------------------
SUM    2317       107        107           90          43            43               20                 
----------------------------------------------------------------------------------

 Total Ripple Number: 

 Detection parameters:
     maximum_peak:    4
     maxRippleLength: 100
     detection_peaks: peaks
     num_peaks:       3
