Trial  Det1_2SD   Det2_4SD   Det3_MaxLen   Det4_Join   Det5_Cycles   68               101                
t6_Artif_Rej Det7_Spctr_Peak 1      20         0          0             0           0             0                0                  
2      22         0          0             0           0             0                0                  
3      26         1          1             1           0             0                0                  
4      45         8          8             4           2             2                0                  
5      35         6          6             2           1             1                0                  
6      20         0          0             0           0             0                0                  
7      22         0          0             0           0             0                0                  
8      27         0          0             0           0             0                0                  
9      22         1          1             1           0             0                0                  
10     31         0          0             0           0             0                0                  
11     36         1          1             1           0             0                0                  
12     30         0          0             0           0             0                0                  
13     19         1          1             1           1             1                1                  
14     24         1          1             1           1             1                0                  
15     14         0          0             0           0             0                0                  
16     29         0          0             0           0             0                0                  
17     30         0          0             0           0             0                0                  
18     31         1          1             1           1             1                1                  
19     27         1          1             1           0             0                0                  
20     20         0          0             0           0             0                0                  
21     19         0          0             0           0             0                0                  
22     45         2          2             2           1             1                0                  
23     31         2          2             2           1             1                0                  
24     18         2          2             2           1             1                1                  
25     23         0          0             0           0             0                0                  
26     30         0          0             0           0             0                0                  
27     24         0          0             0           0             0                0                  
28     22         0          0             0           0             0                0                  
29     23         3          3             3           1             1                1                  
30     36         3          3             3           2             2                2                  
31     43         4          4             3           2             2                1                  
32     31         4          4             3           2             2                1                  
33     26         0          0             0           0             0                0                  
34     24         0          0             0           0             0                0                  
35     32         1          1             1           1             1                0                  
36     34         0          0             0           0             0                0                  
37     33         1          1             1           1             1                1                  
38     25         0          0             0           0             0                0                  
39     22         1          1             1           0             0                0                  
40     20         0          0             0           0             0                0                  
41     34         5          5             3           1             1                0                  
42     29         0          0             0           0             0                0                  
43     30         0          0             0           0             0                0                  
44     30         0          0             0           0             0                0                  
45     29         2          2             2           2             2                2                  
46     44         1          1             1           1             1                1                  
47     33         1          1             1           0             0                0                  
48     27         3          3             3           1             1                1                  
49     38         3          3             3           0             0                0                  
50     29         0          0             0           0             0                0                  
51     26         0          0             0           0             0                0                  
52     29         0          0             0           0             0                0                  
53     30         0          0             0           0             0                0                  
54     30         0          0             0           0             0                0                  
55     32         1          1             1           0             0                0                  
56     26         1          1             1           1             1                0                  
57     24         1          1             1           1             1                1                  
58     26         0          0             0           0             0                0                  
59     25         1          1             1           0             0                0                  
60     22         1          1             1           1             1                1                  
61     24         0          0             0           0             0                0                  
62     28         1          1             1           0             0                0                  
63     30         1          1             1           1             1                0                  
64     51         7          7             4           3             3                0                  
65     28         0          0             0           0             0                0                  
66     27         0          0             0           0             0                0                  
67     32         0          0             0           0             0                0                  
68     27         1          1             1           1             1                1                  
69     24         0          0             0           0             0                0                  
70     31         5          5             2           1             1                0                  
71     33         8          8             7           4             3                1                  
72     22         1          1             1           1             1                1                  
73     20         2          2             2           0             0                0                  
74     32         2          2             2           0             0                0                  
75     27         2          2             2           0             0                0                  
76     35         1          1             1           0             0                0                  
77     35         1          1             1           0             0                0                  
78     21         1          1             1           0             0                0                  
79     17         1          1             1           0             0                0                  
80     33         5          5             3           1             1                0                  
----------------------------------------------------------------------------------
SUM    2261       103        103           82          38            37               18                 
----------------------------------------------------------------------------------

 Total Ripple Number: 

 Detection parameters:
     maximum_peak:    4
     maxRippleLength: 100
     detection_peaks: peaks
     num_peaks:       3
