Trial  Det1_2SD   Det2_4SD   Det3_MaxLen   Det4_Join   Det5_Cycles   68               101                
t6_Artif_Rej Det7_Spctr_Peak 1      36         3          3             3           2             2                1                  
2      28         1          1             1           1             1                1                  
3      24         0          0             0           0             0                0                  
4      30         3          3             3           1             1                0                  
5      29         1          1             1           1             1                0                  
6      9          0          0             0           0             0                0                  
7      17         1          1             1           0             0                0                  
8      20         1          1             1           0             0                0                  
9      26         1          1             1           0             0                0                  
10     21         0          0             0           0             0                0                  
11     23         0          0             0           0             0                0                  
12     22         0          0             0           0             0                0                  
13     24         0          0             0           0             0                0                  
14     24         1          1             1           0             0                0                  
15     15         0          0             0           0             0                0                  
16     25         0          0             0           0             0                0                  
17     28         2          2             2           1             1                1                  
18     29         1          1             1           1             1                1                  
19     27         0          0             0           0             0                0                  
20     18         1          1             1           1             1                1                  
21     21         1          1             1           0             0                0                  
22     31         2          2             2           1             1                0                  
23     28         3          3             2           2             1                0                  
24     22         1          1             1           1             1                1                  
25     23         1          1             1           1             1                1                  
26     27         2          2             2           2             2                1                  
27     37         1          1             1           1             1                0                  
28     38         1          1             1           0             0                0                  
29     28         2          2             2           1             1                1                  
30     31         3          3             3           2             2                1                  
31     29         2          2             2           2             2                1                  
32     24         4          4             4           1             1                1                  
33     24         3          3             3           1             1                1                  
34     15         2          2             2           1             1                1                  
35     25         2          2             2           2             2                0                  
36     31         1          1             1           1             1                1                  
37     34         0          0             0           0             0                0                  
38     30         1          1             1           1             1                0                  
39     24         2          2             2           1             1                0                  
40     29         1          1             1           0             0                0                  
41     16         1          1             1           1             1                0                  
42     25         0          0             0           0             0                0                  
43     28         0          0             0           0             0                0                  
44     28         2          2             2           0             0                0                  
45     33         5          5             5           2             2                0                  
46     25         0          0             0           0             0                0                  
47     27         0          0             0           0             0                0                  
48     18         0          0             0           0             0                0                  
49     18         0          0             0           0             0                0                  
50     23         0          0             0           0             0                0                  
51     27         1          1             1           1             1                0                  
52     22         0          0             0           0             0                0                  
53     29         0          0             0           0             0                0                  
54     20         0          0             0           0             0                0                  
55     31         0          0             0           0             0                0                  
56     24         2          2             2           1             1                0                  
57     19         1          1             1           0             0                0                  
58     26         0          0             0           0             0                0                  
59     17         0          0             0           0             0                0                  
60     23         0          0             0           0             0                0                  
61     20         2          2             2           1             1                1                  
62     28         0          0             0           0             0                0                  
63     24         1          1             1           1             1                0                  
64     29         4          4             4           4             4                2                  
65     35         3          3             3           2             2                2                  
66     20         1          1             1           0             0                0                  
67     24         1          1             1           1             1                0                  
68     17         1          1             1           1             1                1                  
69     16         0          0             0           0             0                0                  
70     24         3          3             3           3             2                1                  
71     21         3          3             3           3             3                2                  
72     23         1          1             1           1             1                1                  
73     21         1          1             1           0             0                0                  
74     32         0          0             0           0             0                0                  
75     24         0          0             0           0             0                0                  
76     27         0          0             0           0             0                0                  
77     26         0          0             0           0             0                0                  
78     23         0          0             0           0             0                0                  
79     24         1          1             1           1             1                1                  
80     20         1          1             1           1             1                0                  
----------------------------------------------------------------------------------
SUM    1983       86         86            85          53            51               26                 
----------------------------------------------------------------------------------

 Total Ripple Number: 

 Detection parameters:
     maximum_peak:    4
     maxRippleLength: 100
     detection_peaks: peaks
     num_peaks:       3
