Trial  Det1_2SD   Det2_4SD   Det3_MaxLen   Det4_Join   Det5_Cycles   68               101                
t6_Artif_Rej Det7_Spctr_Peak 1      25         5          5             5           1             1                0                  
2      30         8          8             8           2             2                1                  
3      32         5          5             5           1             1                1                  
4      31         7          7             7           3             3                2                  
5      25         5          5             5           2             2                1                  
6      28         3          3             3           1             1                1                  
7      28         4          4             4           0             0                0                  
8      34         5          5             5           1             1                1                  
9      24         5          5             5           2             2                1                  
10     22         4          4             4           1             1                0                  
11     29         13         13            13          5             5                2                  
12     27         8          8             8           3             3                1                  
13     18         2          2             2           1             1                1                  
14     31         5          5             5           2             2                1                  
15     22         3          3             3           0             0                0                  
16     23         6          6             6           1             1                0                  
17     33         7          7             7           0             0                0                  
18     30         2          2             2           1             1                1                  
19     22         3          3             3           1             1                1                  
20     26         7          7             7           3             3                2                  
21     32         6          6             6           3             3                2                  
22     30         3          3             3           2             2                2                  
23     35         4          4             4           2             2                2                  
24     26         7          7             7           0             0                0                  
25     39         11         11            11          6             6                5                  
26     19         3          3             3           1             1                1                  
27     35         7          7             7           2             2                2                  
28     28         5          5             5           2             2                1                  
29     33         4          4             4           1             1                0                  
30     30         7          7             7           1             1                0                  
31     28         9          9             9           0             0                0                  
32     26         5          5             5           1             1                1                  
33     24         8          8             8           2             2                2                  
34     27         5          5             5           0             0                0                  
35     23         3          3             3           0             0                0                  
36     33         3          3             3           2             2                1                  
37     26         5          5             5           2             2                0                  
38     26         5          5             5           1             1                0                  
39     28         6          6             6           1             1                1                  
40     28         3          3             3           1             1                1                  
41     34         6          6             6           1             1                0                  
42     31         12         12            12          6             6                4                  
43     35         6          6             6           4             4                2                  
44     28         3          3             3           0             0                0                  
45     31         5          5             5           2             2                0                  
46     33         1          1             1           0             0                0                  
47     28         4          4             4           0             0                0                  
48     40         8          8             8           1             1                0                  
49     21         0          0             0           0             0                0                  
50     32         8          8             8           4             4                4                  
51     26         4          4             4           0             0                0                  
52     28         3          3             3           0             0                0                  
53     21         6          6             6           2             2                0                  
54     33         4          4             4           3             3                2                  
55     28         7          7             7           1             1                1                  
56     19         1          1             1           0             0                0                  
57     18         3          3             3           0             0                0                  
58     29         5          5             5           1             1                0                  
59     33         5          5             5           2             2                1                  
60     29         5          5             5           2             2                1                  
61     34         8          8             8           2             2                1                  
62     28         1          1             1           1             1                1                  
63     21         3          3             3           1             1                1                  
64     31         1          1             1           0             0                0                  
65     31         7          7             7           2             2                2                  
66     29         4          4             4           1             1                1                  
67     35         2          2             2           1             1                1                  
68     31         5          5             5           1             1                0                  
69     32         5          5             5           1             1                1                  
70     31         9          9             9           3             3                2                  
71     34         3          3             3           1             1                0                  
72     22         1          1             1           0             0                0                  
73     33         6          6             6           1             1                0                  
74     36         3          3             3           1             1                0                  
75     31         9          9             9           2             2                2                  
76     32         3          3             3           0             0                0                  
77     28         2          2             2           0             0                0                  
78     20         4          4             4           1             1                1                  
79     27         2          2             2           1             1                1                  
80     36         2          2             2           0             0                0                  
----------------------------------------------------------------------------------
SUM    2295       392        392           392         110           110              67                 
----------------------------------------------------------------------------------

 Total Ripple Number: C

 Detection parameters:
     maximum_peak:    3
     maxRippleLength: 100
     detection_peaks: thrsh
     num_peaks:       3
