Trial  Det1_2SD   Det2_4SD   Det3_MaxLen   Det4_Join   Det5_Cycles   68               101                
t6_Artif_Rej Det7_Spctr_Peak 1      38         7          7             7           3             3                1                  
2      44         10         10            10          3             3                1                  
3      42         10         10            10          1             1                1                  
4      24         4          4             4           0             0                0                  
5      25         5          5             5           2             2                0                  
6      19         3          3             3           0             0                0                  
7      30         2          2             2           1             1                0                  
8      26         11         11            11          3             3                3                  
9      39         12         12            12          5             5                2                  
10     19         6          6             6           3             3                0                  
11     32         17         15            10          3             3                0                  
12     32         5          5             5           3             3                0                  
13     17         2          2             2           2             2                1                  
14     29         5          5             5           1             1                1                  
15     22         3          3             3           1             1                0                  
16     16         4          4             4           2             2                2                  
17     23         4          4             4           1             1                1                  
18     38         9          9             8           4             4                1                  
19     31         5          5             5           1             1                0                  
20     42         10         10            10          5             5                2                  
21     23         6          6             6           2             2                0                  
22     22         6          6             6           0             0                0                  
23     30         6          6             6           2             2                2                  
24     28         8          8             8           1             1                1                  
25     31         9          9             9           4             4                1                  
26     30         5          5             5           2             2                2                  
27     20         2          2             2           1             1                0                  
28     35         7          7             7           2             2                0                  
29     31         6          6             6           3             3                1                  
30     18         3          3             3           1             1                1                  
31     27         3          3             3           2             2                1                  
32     30         5          5             5           0             0                0                  
33     26         3          3             3           0             0                0                  
34     26         3          3             3           1             1                0                  
35     21         3          3             3           2             2                0                  
36     26         5          5             5           2             2                1                  
37     27         4          4             3           2             2                0                  
38     25         1          1             1           1             1                0                  
39     26         4          4             4           1             1                1                  
40     20         2          2             2           0             0                0                  
41     27         8          8             8           1             1                1                  
42     48         9          9             9           5             5                1                  
43     31         5          5             5           1             1                1                  
44     21         4          4             4           2             2                0                  
45     42         14         14            13          7             7                1                  
46     24         6          6             6           2             2                1                  
47     25         8          8             7           1             1                1                  
48     27         3          3             3           0             0                0                  
49     24         6          6             6           4             4                3                  
50     28         4          4             4           2             2                1                  
51     28         4          4             4           0             0                0                  
52     26         3          3             3           1             1                0                  
53     25         6          6             6           1             1                0                  
54     32         6          6             6           1             1                0                  
55     30         11         11            11          4             4                2                  
56     32         7          7             7           1             1                0                  
57     22         5          5             5           2             2                2                  
58     32         7          7             7           2             2                2                  
59     27         7          7             7           2             2                1                  
60     27         3          3             3           1             1                0                  
61     27         5          5             5           3             3                1                  
62     34         11         11            11          2             2                0                  
63     21         3          3             3           0             0                0                  
64     27         7          7             7           2             2                1                  
65     27         2          2             2           0             0                0                  
66     40         11         11            11          5             5                2                  
67     22         5          5             5           1             1                0                  
68     25         3          3             3           1             1                0                  
69     18         2          2             2           0             0                0                  
70     28         4          4             4           2             2                0                  
71     26         6          6             6           2             2                2                  
72     24         3          3             3           0             0                0                  
73     29         9          9             9           1             1                1                  
74     25         5          5             5           0             0                0                  
75     29         7          7             7           1             1                1                  
76     30         7          7             7           3             3                1                  
77     26         5          5             5           3             3                1                  
78     15         3          3             3           1             1                0                  
79     22         4          4             4           1             1                1                  
80     29         8          8             8           4             4                4                  
----------------------------------------------------------------------------------
SUM    2212       461        459           450         145           145              59                 
----------------------------------------------------------------------------------

 Total Ripple Number: ;

 Detection parameters:
     maximum_peak:    3
     maxRippleLength: 100
     detection_peaks: thrsh
     num_peaks:       3
