Trial  Det1_2SD   Det2_4SD   Det3_MaxLen   Det4_Join   Det5_Cycles   Det6_Artif_Rej  
1      39         12         12            12          2             2               
2      38         13         13            13          4             4               
3      48         12         12            11          6             6               
4      36         10         10            10          3             3               
5      38         5          5             5           2             2               
6      39         10         10            10          3             3               
7      45         10         10            10          3             3               
8      35         4          4             4           1             1               
9      28         11         11            11          1             1               
10     37         9          9             9           3             3               
11     30         4          4             4           1             1               
12     20         5          5             5           1             1               
13     31         5          5             5           2             2               
14     31         4          4             4           0             0               
15     28         7          7             7           3             3               
16     21         5          5             5           3             3               
17     19         7          7             7           3             3               
18     23         8          8             8           2             2               
19     26         6          6             6           2             2               
20     24         4          4             4           1             1               
21     12         2          2             2           2             2               
22     7          1          1             1           0             0               
23     20         6          6             6           3             3               
24     25         3          3             3           0             0               
25     22         3          3             3           0             0               
26     35         5          5             5           0             0               
27     36         4          4             4           3             3               
28     37         12         12            9           5             5               
29     36         10         10            10          5             5               
30     13         3          3             3           0             0               
31     30         4          4             4           0             0               
32     25         7          7             7           3             3               
33     18         5          5             5           2             2               
34     31         11         11            11          3             3               
35     28         8          8             8           3             3               
36     27         6          6             6           2             2               
37     24         3          3             3           1             1               
38     18         3          3             3           1             1               
39     18         7          7             7           1             1               
40     25         4          4             4           2             2               
41     23         6          6             5           4             4               
42     29         9          9             9           2             2               
43     32         13         13            13          4             4               
44     22         9          9             9           5             5               
45     26         3          3             3           0             0               
46     36         11         11            11          2             2               
47     32         12         12            12          1             1               
48     35         10         10            10          4             4               
49     19         3          3             3           0             0               
50     22         4          4             4           3             3               
51     28         5          5             5           1             1               
52     16         3          3             3           1             1               
53     17         4          4             4           1             1               
54     28         7          7             7           3             3               
55     32         9          9             9           2             2               
56     18         3          3             3           2             2               
57     26         1          1             1           0             0               
58     20         5          5             5           0             0               
59     25         4          4             4           2             2               
60     33         9          9             9           4             3               
61     24         4          4             4           1             1               
62     33         7          7             7           0             0               
63     20         2          2             2           1             1               
64     27         7          7             6           3             3               
65     42         12         12            12          1             1               
66     60         29         29            28          3             3               
67     51         18         18            18          3             3               
68     33         11         11            10          6             6               
69     24         7          7             6           3             3               
70     25         6          6             6           0             0               
71     17         2          2             2           0             0               
72     20         4          4             4           0             0               
73     25         5          5             5           2             2               
74     29         4          4             4           0             0               
75     21         3          3             3           1             1               
76     22         1          1             1           0             0               
77     23         3          3             3           2             2               
78     16         3          3             3           1             1               
79     25         4          4             4           0             0               
80     30         7          7             7           1             1               
----------------------------------------------------------------------------------
SUM    2209       527        527           518         151           150             
----------------------------------------------------------------------------------

 Total Ripple Number: 

 Detection parameters:
     maximum_peak:    3
     maxRippleLength: 100
     detection_peaks: thrsh
     num_peaks:       3
