Trial  Det1_2SD   Det2_4SD   Det3_MaxLen   Det4_Join   Det5_Cycles   Det6_Artif_Rej  
1      25         10         10            10          4             4               
2      21         5          5             5           2             2               
3      27         6          6             6           2             2               
4      17         3          3             3           1             1               
5      26         3          3             3           1             1               
6      32         7          7             7           2             2               
7      21         4          4             4           0             0               
8      27         7          7             7           1             1               
9      29         8          8             8           1             1               
10     26         5          5             5           2             2               
11     26         5          5             5           1             1               
12     17         2          2             2           0             0               
13     32         3          3             3           0             0               
14     30         6          6             5           4             4               
15     25         3          3             3           1             1               
16     30         5          5             5           1             1               
17     23         7          7             7           1             1               
18     32         9          9             9           3             2               
19     26         5          5             5           1             1               
20     33         12         12            11          2             2               
21     41         16         16            14          6             6               
22     18         5          5             5           4             4               
23     28         10         10            10          5             5               
24     30         5          5             5           1             1               
25     22         6          6             5           2             2               
26     34         9          9             8           2             2               
27     30         11         11            11          4             4               
28     33         13         13            13          5             5               
29     19         2          2             2           0             0               
30     29         7          7             7           2             2               
31     19         4          4             4           1             1               
32     14         3          3             3           1             1               
33     16         2          2             2           1             1               
34     20         6          6             6           2             2               
35     31         6          6             6           2             2               
36     25         8          8             8           4             4               
37     26         9          9             9           4             4               
38     22         8          8             8           1             1               
39     16         2          2             2           0             0               
40     28         7          7             7           1             1               
41     25         8          8             7           4             4               
42     27         10         10            7           4             4               
43     28         16         16            12          7             7               
44     25         11         11            10          6             6               
45     23         5          5             5           4             4               
46     30         9          9             9           4             4               
47     26         9          9             9           1             1               
48     27         8          8             8           3             3               
49     16         2          2             2           1             1               
50     19         5          5             5           2             2               
51     18         3          3             3           1             1               
52     26         4          4             4           2             2               
53     27         5          5             5           2             2               
54     32         9          9             9           2             2               
55     43         9          9             9           4             4               
56     20         5          5             5           2             2               
57     27         3          3             3           0             0               
58     17         3          3             3           2             2               
59     25         10         10            10          4             4               
60     41         20         20            19          7             6               
61     21         5          5             5           2             2               
62     27         9          9             9           1             1               
63     25         5          5             4           2             2               
64     31         12         12            11          6             5               
65     29         9          9             9           5             4               
66     19         2          2             2           1             1               
67     44         8          8             8           4             4               
68     27         8          8             8           4             4               
69     29         10         10            10          5             5               
70     26         11         11            11          4             4               
71     20         3          3             3           1             1               
72     26         6          6             6           1             1               
73     36         11         11            10          5             5               
74     38         14         14            14          4             4               
75     26         6          6             6           3             3               
76     32         11         11            11          5             5               
77     38         12         12            10          6             6               
78     24         5          5             5           0             0               
79     24         5          5             5           2             2               
80     51         12         12            12          3             3               
----------------------------------------------------------------------------------
SUM    2141       572        572           551         204           200             
----------------------------------------------------------------------------------

 Total Ripple Number: È

 Detection parameters:
     maximum_peak:    3
     maxRippleLength: 100
     detection_peaks: thrsh
     num_peaks:       3
