Trial  Det1_2SD   Det2_4SD   Det3_MaxLen   Det4_Join   Det5_Cycles   Det6_Artif_Rej  
1      25         7          7             7           3             3               
2      24         4          4             4           3             3               
3      29         3          3             3           0             0               
4      25         5          5             5           1             1               
5      19         4          4             4           1             1               
6      26         8          8             8           0             0               
7      22         4          4             4           2             2               
8      36         6          6             6           3             3               
9      26         7          7             7           3             3               
10     23         6          6             6           3             3               
11     19         2          2             2           0             0               
12     26         2          2             2           0             0               
13     28         3          3             3           1             1               
14     28         5          5             5           2             2               
15     25         4          4             4           0             0               
16     29         5          5             5           1             1               
17     25         3          3             3           1             1               
18     34         4          4             4           2             2               
19     24         7          7             7           2             2               
20     29         8          8             7           4             4               
21     29         13         13            12          6             6               
22     22         8          8             8           0             0               
23     24         8          8             8           4             3               
24     31         8          8             8           4             3               
25     19         3          3             3           1             1               
26     24         3          3             3           0             0               
27     35         5          5             5           3             3               
28     35         9          9             9           7             7               
29     26         6          6             6           2             2               
30     31         8          8             8           0             0               
31     21         7          7             7           3             3               
32     17         2          2             2           0             0               
33     21         3          3             3           0             0               
34     24         4          4             4           0             0               
35     37         5          5             5           1             1               
36     30         5          5             5           3             3               
37     35         5          5             5           3             3               
38     23         4          4             4           2             2               
39     19         5          5             5           4             4               
40     26         8          8             8           1             1               
41     29         9          9             7           4             4               
42     36         12         12            10          7             7               
43     35         11         11            11          7             7               
44     26         8          8             8           5             5               
45     30         7          7             7           3             3               
46     26         8          8             8           3             3               
47     24         5          5             5           2             2               
48     25         7          7             7           4             4               
49     22         3          3             3           0             0               
50     36         7          7             7           1             1               
51     28         5          5             5           2             2               
52     27         8          8             7           3             3               
53     22         4          4             3           2             2               
54     27         4          4             4           1             1               
55     42         6          6             6           1             1               
56     28         3          3             3           0             0               
57     26         3          3             3           2             2               
58     29         5          5             5           4             4               
59     33         12         12            11          6             6               
60     39         13         13            12          6             6               
61     21         5          5             5           4             4               
62     27         7          7             7           2             2               
63     27         6          6             6           0             0               
64     25         5          5             5           4             3               
65     27         7          7             7           2             1               
66     15         3          3             3           1             1               
67     26         3          3             3           1             1               
68     26         6          6             6           2             2               
69     30         8          8             8           1             1               
70     33         10         10            10          3             3               
71     24         4          4             4           2             2               
72     24         7          7             7           3             3               
73     44         12         12            12          4             4               
74     34         4          4             4           0             0               
75     25         3          3             3           0             0               
76     24         5          5             5           3             3               
77     28         13         13            13          7             7               
78     24         2          2             2           1             1               
79     25         8          8             8           4             4               
80     39         12         12            11          5             5               
----------------------------------------------------------------------------------
SUM    2189       486        486           475         188           184             
----------------------------------------------------------------------------------

 Total Ripple Number: ¸

 Detection parameters:
     maximum_peak:    3
     maxRippleLength: 100
     detection_peaks: thrsh
     num_peaks:       3
