Trial  Det1_2SD   Det2_4SD   Det3_MaxLen   Det4_Join   Det5_Cycles   68               101                
t6_Artif_Rej Det7_Spctr_Peak 1      24         9          9             8           4             4                0                  
2      15         4          4             4           2             1                0                  
3      23         10         10            9           3             3                0                  
4      27         9          9             7           5             4                1                  
5      30         18         18            15          9             8                0                  
6      29         17         17            14          9             8                0                  
7      22         9          9             7           3             3                0                  
8      36         18         18            16          11            11               1                  
9      28         6          6             6           3             3                0                  
10     30         13         13            13          8             8                0                  
11     28         10         10            10          7             7                0                  
12     26         11         11            10          4             3                0                  
13     36         15         15            14          7             6                0                  
14     26         14         14            13          10            9                0                  
15     23         15         15            12          10            9                0                  
16     17         8          8             8           3             3                0                  
17     28         20         20            19          10            10               1                  
18     44         19         19            17          10            9                3                  
19     53         19         19            18          13            12               3                  
20     46         26         26            25          12            11               1                  
21     20         11         11            10          3             2                0                  
22     20         11         11            10          5             4                1                  
23     17         5          5             5           1             1                1                  
24     32         9          9             8           2             2                0                  
25     28         17         17            16          7             6                0                  
26     29         15         15            14          8             7                0                  
27     25         9          9             8           7             6                1                  
28     31         9          9             8           4             3                0                  
29     33         12         12            10          6             5                1                  
30     33         16         16            14          7             6                1                  
31     20         6          6             6           3             3                0                  
32     22         9          9             9           7             7                0                  
33     32         10         10            10          6             5                0                  
34     36         9          9             9           5             4                0                  
35     33         13         13            13          8             7                2                  
36     35         12         12            12          7             6                1                  
37     24         11         11            11          3             2                1                  
38     34         20         20            20          8             7                1                  
39     41         20         20            20          10            9                0                  
40     23         4          4             4           2             2                0                  
41     19         2          2             2           1             0                0                  
42     23         8          8             8           4             4                1                  
43     37         14         14            14          7             6                0                  
44     28         10         10            10          6             6                1                  
45     25         12         12            11          5             4                0                  
46     35         15         15            13          9             8                1                  
47     22         10         10            10          7             6                0                  
48     39         12         12            10          7             6                1                  
49     46         17         17            16          6             5                0                  
50     51         26         26            21          17            16               3                  
51     40         15         15            14          9             8                1                  
52     32         8          8             8           5             4                2                  
53     34         14         14            12          10            9                1                  
54     34         13         13            12          8             7                0                  
55     24         5          5             5           3             3                0                  
56     27         9          9             9           1             1                0                  
57     10         3          3             3           2             2                0                  
58     26         8          8             8           4             4                0                  
59     28         10         10            10          8             7                1                  
60     28         12         12            11          9             8                2                  
61     46         17         17            17          5             4                0                  
62     27         5          5             5           3             3                1                  
63     20         11         11            8           5             4                0                  
64     37         21         21            16          10            9                0                  
65     42         19         19            18          10            9                0                  
66     40         14         14            10          9             8                0                  
67     21         7          7             7           4             4                1                  
68     32         14         14            13          7             6                1                  
69     19         11         11            10          5             4                0                  
70     27         12         12            11          4             4                1                  
71     53         25         25            24          15            14               0                  
72     39         21         21            20          13            12               0                  
73     28         8          8             8           5             4                0                  
74     27         9          9             9           4             3                0                  
75     36         16         16            12          7             6                0                  
76     26         7          7             6           2             2                0                  
77     33         15         15            15          8             7                1                  
78     48         25         25            23          11            10               1                  
79     44         21         21            20          10            9                1                  
80     24         6          6             6           3             3                0                  
----------------------------------------------------------------------------------
SUM    2436       1005       1005          927         520           465              41                 
----------------------------------------------------------------------------------

 Total Ripple Number: )

 Detection parameters:
     maximum_peak:    3
     maxRippleLength: 100
     detection_peaks: thrsh
     num_peaks:       3
