Trial  Det1_2SD   Det2_4SD   Det3_MaxLen   Det4_Join   Det5_Cycles   68               101                
t6_Artif_Rej Det7_Spctr_Peak 1      30         13         13            11          5             5                1                  
2      34         9          9             9           3             2                1                  
3      34         4          4             4           1             1                0                  
4      31         8          8             8           5             4                1                  
5      29         17         17            17          7             6                1                  
6      25         12         12            12          6             5                1                  
7      36         8          8             8           2             2                0                  
8      36         9          9             9           4             4                0                  
9      27         6          6             6           3             3                1                  
10     40         9          9             9           4             4                1                  
11     32         6          6             6           0             0                0                  
12     32         9          9             8           3             3                0                  
13     47         13         13            12          5             4                0                  
14     35         11         11            11          6             5                0                  
15     38         14         14            12          6             5                0                  
16     33         6          6             6           1             1                0                  
17     45         14         14            13          8             8                2                  
18     43         19         19            19          10            10               2                  
19     43         20         20            19          10            9                0                  
20     45         19         19            18          11            10               1                  
21     33         8          8             7           4             3                0                  
22     33         12         12            10          5             4                2                  
23     27         9          9             9           3             3                2                  
24     37         11         11            10          6             5                1                  
25     44         20         20            17          8             7                0                  
26     53         23         23            20          8             7                1                  
27     39         6          6             6           1             1                1                  
28     30         8          8             8           0             0                0                  
29     40         16         16            14          6             5                2                  
30     42         18         18            17          8             7                1                  
31     23         4          4             4           2             2                0                  
32     33         12         12            11          6             6                0                  
33     40         16         16            14          7             6                0                  
34     31         8          8             7           2             1                0                  
35     38         17         17            14          7             6                2                  
36     30         12         12            9           7             6                3                  
37     37         9          9             9           2             2                1                  
38     38         14         14            13          6             5                0                  
39     41         15         15            13          11            10               0                  
40     33         10         10            10          5             5                2                  
41     23         3          3             3           1             1                1                  
42     33         6          6             6           2             2                0                  
43     38         9          9             9           1             0                0                  
44     37         11         11            10          4             4                0                  
45     46         11         11            10          6             5                0                  
46     41         8          8             8           5             4                1                  
47     28         11         11            10          4             3                0                  
48     41         17         17            17          7             6                0                  
49     48         19         19            19          7             6                0                  
50     45         21         21            18          11            10               1                  
51     45         18         18            16          10            9                2                  
52     27         6          6             6           2             2                1                  
53     35         14         14            14          4             3                0                  
54     30         12         12            12          6             5                0                  
55     32         10         10            10          6             5                0                  
56     36         14         14            14          2             2                0                  
57     18         4          4             4           2             2                0                  
58     30         6          6             6           2             2                0                  
59     43         7          7             7           4             4                0                  
60     34         8          8             8           3             3                1                  
61     48         11         11            11          4             3                1                  
62     31         11         11            10          1             1                0                  
63     28         7          7             5           3             2                0                  
64     33         13         13            11          6             5                0                  
65     43         14         14            14          6             5                2                  
66     36         14         14            12          8             7                2                  
67     33         9          9             8           4             4                0                  
68     52         16         16            12          6             5                0                  
69     42         12         12            8           3             2                0                  
70     48         15         15            14          4             3                0                  
71     54         24         24            23          9             8                0                  
72     38         13         13            13          7             6                0                  
73     30         7          7             7           3             2                0                  
74     27         9          9             9           1             0                0                  
75     35         13         12            12          4             3                1                  
76     31         8          8             8           2             2                0                  
77     32         11         11            8           5             4                2                  
78     39         12         12            11          3             2                0                  
79     47         14         14            12          5             4                0                  
80     30         7          7             6           2             2                0                  
----------------------------------------------------------------------------------
SUM    2904       929        928           860         379           330              45                 
----------------------------------------------------------------------------------

 Total Ripple Number: -

 Detection parameters:
     maximum_peak:    3
     maxRippleLength: 100
     detection_peaks: thrsh
     num_peaks:       3
