Trial  Det1_2SD   Det2_4SD   Det3_MaxLen   Det4_Join   Det5_Cycles   68               101                
t6_Artif_Rej Det7_Spctr_Peak 1      22         9          9             9           2             2                0                  
2      21         6          6             6           2             1                0                  
3      19         2          2             2           1             1                0                  
4      19         8          8             7           4             3                2                  
5      18         7          6             5           4             3                1                  
6      21         5          5             4           2             1                0                  
7      18         2          2             2           1             1                0                  
8      26         6          6             6           3             3                0                  
9      25         8          8             8           3             3                0                  
10     24         5          5             5           2             2                0                  
11     22         4          4             4           1             1                0                  
12     26         5          5             5           2             2                0                  
13     30         6          6             6           5             4                0                  
14     22         13         13            13          10            9                0                  
15     28         15         15            15          13            12               2                  
16     23         4          4             3           2             1                0                  
17     25         3          3             3           1             1                0                  
18     27         9          9             9           2             2                0                  
19     31         8          8             8           5             4                0                  
20     31         12         12            11          8             7                0                  
21     17         5          5             5           4             3                1                  
22     22         6          6             5           2             1                1                  
23     16         2          2             2           0             0                0                  
24     15         4          4             4           2             2                0                  
25     30         17         17            15          9             8                0                  
26     26         13         13            12          7             6                0                  
27     12         3          3             3           0             0                0                  
28     15         2          2             2           1             1                0                  
29     23         7          7             7           3             2                0                  
30     25         10         10            10          5             4                0                  
31     20         3          3             3           0             0                0                  
32     25         8          8             8           4             4                0                  
33     26         12         12            12          9             8                1                  
34     23         8          8             8           5             4                1                  
35     21         9          9             8           6             5                1                  
36     20         11         11            10          6             5                2                  
37     15         9          9             9           3             3                1                  
38     24         11         11            11          6             5                0                  
39     28         15         15            14          9             8                1                  
40     10         2          2             2           0             0                0                  
41     12         5          5             5           1             1                0                  
42     16         1          1             1           0             0                0                  
43     17         1          1             1           0             0                0                  
44     12         4          4             4           1             1                0                  
45     19         7          7             7           2             2                0                  
46     24         10         10            10          4             3                1                  
47     20         6          6             6           4             3                1                  
48     19         5          5             5           3             2                0                  
49     21         6          6             6           2             1                0                  
50     36         12         12            11          6             5                0                  
51     28         12         12            10          6             5                0                  
52     24         5          5             4           4             3                1                  
53     32         9          9             8           3             2                0                  
54     21         10         10            9           5             4                0                  
55     15         4          4             4           3             2                0                  
56     18         4          4             3           2             1                0                  
57     16         2          2             2           0             0                0                  
58     17         4          4             4           0             0                0                  
59     24         6          6             6           2             2                1                  
60     25         6          6             6           3             3                1                  
61     34         9          9             9           2             1                0                  
62     18         3          3             2           2             1                0                  
63     16         5          5             4           4             3                1                  
64     33         16         16            14          11            10               3                  
65     22         12         12            11          6             5                0                  
66     25         10         10            9           7             6                0                  
67     22         7          7             6           1             1                0                  
68     34         11         11            10          3             2                0                  
69     30         6          6             5           3             2                0                  
70     19         3          3             3           2             1                0                  
71     36         13         13            13          7             6                0                  
72     34         11         11            9           4             3                0                  
73     31         8          8             8           1             1                0                  
74     23         4          4             4           2             1                0                  
75     18         5          5             5           3             2                0                  
76     19         7          7             7           3             3                0                  
77     31         13         13            13          8             8                2                  
78     39         15         15            14          9             8                1                  
79     33         16         16            14          7             6                0                  
80     31         5          5             5           1             1                0                  
----------------------------------------------------------------------------------
SUM    1855       592        591           558         291           243              26                 
----------------------------------------------------------------------------------

 Total Ripple Number: 

 Detection parameters:
     maximum_peak:    3
     maxRippleLength: 100
     detection_peaks: thrsh
     num_peaks:       3
