Trial  Det1_2SD   Det2_4SD   Det3_MaxLen   Det4_Join   Det5_Cycles   68               101                
t6_Artif_Rej Det7_Spctr_Peak 1      8          5          5             4           3             3                0                  
2      5          4          4             4           2             1                0                  
3      3          2          2             2           0             0                0                  
4      5          3          3             2           2             1                0                  
5      5          3          3             3           1             1                0                  
6      3          2          2             2           0             0                0                  
7      3          2          2             2           2             2                0                  
8      2          2          2             2           1             1                0                  
9      9          7          7             6           4             4                0                  
10     8          7          7             7           4             4                0                  
11     11         9          9             7           6             6                0                  
12     19         14         14            10          7             6                0                  
13     34         21         21            15          11            10               1                  
14     19         11         11            9           7             6                0                  
15     15         11         11            10          8             7                2                  
16     7          4          4             4           1             0                0                  
17     15         9          9             9           7             6                1                  
18     21         16         16            14          9             8                1                  
19     24         16         15            11          8             7                2                  
20     21         10         10            9           8             7                1                  
21     9          6          6             5           4             3                0                  
22     17         10         10            9           7             6                0                  
23     15         7          7             5           4             3                0                  
24     15         8          8             8           6             5                2                  
25     13         7          7             6           6             5                0                  
26     2          2          2             2           1             0                0                  
27     2          2          2             2           0             0                0                  
28     9          3          3             3           1             1                0                  
29     6          3          3             3           0             0                0                  
30     8          4          4             4           3             2                0                  
31     15         12         12            12          8             7                0                  
32     21         13         13            11          8             7                0                  
33     14         10         10            10          5             4                0                  
34     12         8          8             7           7             6                2                  
35     36         22         22            17          13            12               2                  
36     39         18         18            17          15            14               0                  
37     15         7          7             7           4             4                0                  
38     30         21         21            18          15            14               3                  
39     24         14         14            13          10            9                4                  
40     10         5          5             4           2             1                0                  
41     7          5          5             5           4             4                1                  
42     6          4          4             4           1             1                0                  
43     7          3          3             3           2             2                0                  
44     11         7          7             6           6             5                0                  
45     16         12         12            12          10            9                0                  
46     14         11         11            10          7             6                0                  
47     16         10         10            8           6             5                1                  
48     15         10         10            9           5             4                0                  
49     9          5          5             4           2             1                0                  
50     4          3          3             3           3             2                0                  
51     19         9          9             7           5             4                0                  
52     14         10         10            8           5             4                1                  
53     11         5          5             4           3             2                0                  
54     15         10         10            9           5             4                0                  
55     10         4          4             4           1             1                0                  
56     3          2          2             2           0             0                0                  
57     2          2          2             2           1             1                0                  
58     8          5          5             5           3             3                0                  
59     16         8          8             7           3             3                0                  
60     30         17         17            13          10            9                0                  
61     14         13         13            12          10            9                2                  
62     5          2          2             2           1             1                0                  
63     25         15         15            14          8             7                2                  
64     34         20         20            14          11            10               2                  
65     27         14         14            13          9             8                0                  
66     9          7          7             6           4             3                0                  
67     21         15         15            10          7             6                2                  
68     29         21         20            15          12            11               3                  
69     28         17         16            13          8             7                0                  
70     26         15         15            13          9             8                0                  
71     24         16         16            14          12            11               2                  
72     9          5          5             5           4             3                1                  
73     8          7          7             7           5             4                1                  
74     9          8          8             8           6             5                2                  
75     15         13         13            11          9             8                1                  
76     12         8          8             8           6             5                1                  
77     9          5          5             5           3             2                0                  
78     9          4          4             4           2             1                0                  
79     24         13         13            12          7             7                0                  
80     22         14         14            14          6             6                0                  
----------------------------------------------------------------------------------
SUM    1141       714        711           620         431           375              43                 
----------------------------------------------------------------------------------

 Total Ripple Number: +

 Detection parameters:
     maximum_peak:    3
     maxRippleLength: 100
     detection_peaks: thrsh
     num_peaks:       3
