Trial  Det1_2SD   Det2_4SD   Det3_MaxLen   Det4_Join   Det5_Cycles   68               101                
t6_Artif_Rej Det7_Spctr_Peak 1      38         5          5             4           3             2                0                  
2      28         6          6             6           3             3                0                  
3      17         1          1             1           0             0                0                  
4      42         7          7             7           3             2                1                  
5      39         7          7             7           4             4                2                  
6      30         4          4             4           2             2                0                  
7      24         4          4             4           0             0                0                  
8      38         11         11            10          3             2                1                  
9      29         3          3             3           0             0                0                  
10     30         4          4             4           1             1                0                  
11     25         5          5             5           0             0                0                  
12     23         6          6             5           2             2                1                  
13     36         12         12            9           8             7                2                  
14     39         8          8             6           2             1                0                  
15     32         9          9             8           5             4                2                  
16     28         2          2             2           1             1                0                  
17     32         10         10            9           7             6                1                  
18     36         14         14            12          9             8                1                  
19     40         13         13            11          8             7                1                  
20     41         14         14            12          10            9                1                  
21     32         9          9             9           3             2                1                  
22     43         12         12            10          7             6                0                  
23     38         7          7             6           3             2                0                  
24     26         11         11            10          5             4                2                  
25     21         4          4             4           3             2                0                  
26     35         8          8             8           3             2                0                  
27     29         5          5             5           2             2                0                  
28     26         3          3             3           0             0                0                  
29     25         5          5             5           2             2                0                  
30     22         5          5             5           5             4                2                  
31     33         7          7             7           5             4                1                  
32     30         7          7             7           5             4                1                  
33     26         10         10            10          6             5                1                  
34     36         14         14            12          6             5                0                  
35     46         17         17            16          12            11               0                  
36     34         11         11            10          9             8                0                  
37     13         7          7             6           2             1                0                  
38     34         17         17            15          11            10               2                  
39     38         14         14            13          11            10               3                  
40     35         7          7             7           4             3                1                  
41     21         5          5             5           2             1                1                  
42     24         3          3             3           2             1                0                  
43     28         6          6             6           1             1                0                  
44     31         6          6             5           3             2                0                  
45     31         9          9             8           6             5                0                  
46     36         8          8             8           6             5                0                  
47     20         8          8             7           5             4                1                  
48     34         9          9             7           3             2                0                  
49     28         4          4             3           1             0                0                  
50     36         5          5             5           3             3                0                  
51     44         13         13            13          8             7                1                  
52     53         12         12            12          6             5                0                  
53     46         11         11            11          4             3                0                  
54     34         12         12            11          7             6                2                  
55     29         6          6             6           3             3                1                  
56     22         4          4             4           1             1                0                  
57     22         2          2             2           0             0                0                  
58     25         3          3             3           2             2                0                  
59     24         4          4             4           1             1                0                  
60     33         8          8             8           4             3                0                  
61     39         11         11            11          3             2                0                  
62     26         7          7             7           2             2                2                  
63     27         11         11            10          5             4                1                  
64     37         18         18            15          9             8                2                  
65     45         17         17            14          5             4                1                  
66     25         11         11            10          6             5                2                  
67     33         13         13            11          7             6                0                  
68     40         20         20            15          11            10               1                  
69     31         15         15            13          9             8                2                  
70     31         12         12            10          4             3                0                  
71     32         13         13            11          6             5                2                  
72     25         9          9             8           4             3                1                  
73     20         6          6             6           2             1                0                  
74     26         8          8             8           3             2                0                  
75     35         15         15            14          8             7                2                  
76     25         7          7             6           5             4                1                  
77     27         5          5             5           1             0                0                  
78     30         7          7             7           2             1                0                  
79     37         14         14            14          3             3                2                  
80     36         9          9             9           3             3                2                  
----------------------------------------------------------------------------------
SUM    2517       691        691           632         341           284              54                 
----------------------------------------------------------------------------------

 Total Ripple Number: 6

 Detection parameters:
     maximum_peak:    3
     maxRippleLength: 100
     detection_peaks: thrsh
     num_peaks:       3
